1.9470887562305241	2.3777324055351374
1.941753340250064	2.371953072624685
1.9365022606394648	2.3661261650260235
1.9313033503034884	2.3602222363427066
1.9261426189744888	2.3542369388662077
1.9210335177067384	2.3481941478948154
1.9159692527204637	2.34209813841386
1.9110088714461755	2.336019708246872
1.90621338322774	2.3300329990073765
1.901405263294471	2.323937031511835
1.8965968636064916	2.3177781281774124
1.8918004628116143	2.3115743034939813
1.886987415947437	2.3052946161293666
1.882175627725491	2.298952202846615
1.877393041271419	2.2925895506866976
1.8726453027347973	2.2862076301811864
1.867941579723002	2.2798256107648207
1.8632584215711858	2.2734085838524507
1.858605972753327	2.26696717518212
1.8539817085602615	2.2604936981245447
1.849382605449872	2.253992684178041
1.8448086039016849	2.2474709567089084
1.8402573260705954	2.24092614083155
1.8357333115417596	2.2343779343370946
1.8312223200971471	2.2278057186400186
1.826727581476967	2.221215162362597
1.8222437255888493	2.2146091450676955
1.8177744321736073	2.2079936140536396
1.8133119124338002	2.201364846962284
1.8088682757345214	2.1947385929542795
1.8044371570631659	2.188109870633448
1.8000113313714223	2.181463739282833
1.7955921256036387	2.1748097301993994
1.791180833928532	2.168150618688262
1.7867755775482457	2.1614816764737914
1.7823848718194324	2.1548163570366854
1.7779927519457335	2.148147881376458
1.7735936885780264	2.1414662419717008
1.7691922533318314	2.134782972062457
1.7647879416777412	2.12809837668462
1.7603830790652184	2.1214150783208163
1.75598163427686	2.114734078235147
1.7515904220086562	2.108064274456205
1.7471960596806024	2.1013916816157026
1.7427967979746668	2.0947110885989977
1.7383949178830087	2.0880306994900537
1.733990384871683	2.0813505169384707
1.7295946421460189	2.0746838195807493
1.725210030854232	2.0680290295043546
1.7208234300972522	2.0613764379446646
1.7164224960929608	2.054701158374343
1.7120204836699608	2.0480207640629615
1.7076157657578532	2.0413379118489208
1.7032102813262975	2.0346552508957005
1.6988045494237058	2.0279712224184268
1.6944045593502974	2.021299148721031
1.6900024105086386	2.014627836843596
1.6855964782819297	2.0079520213976108
1.681188550816875	2.0012763762845305
1.6767785821820986	1.9946005465615444
1.6723687162982324	1.9879252476168376
1.6679627317245167	1.9812600928178543
1.6635524273671372	1.9746044977435093
1.659126828512072	1.9679353825546388
1.654695617146561	1.9612670716502785
1.6502587177910453	1.9545994281978594
1.6458183777123836	1.9479351880674318
1.6414062399395126	1.9413190688177056
1.6370867896154047	1.9348759177383457
1.632787211209167	1.9285389379761029
1.6283836282103568	1.9221162828941356
1.6239008368347225	1.9156118901585961
1.6193606654385484	1.9090361406969756
1.6148119565558952	1.9024516257874076
1.6102633032838771	1.895867083469833
1.6057134184060984	1.8893010052661754
1.6011479905092232	1.8827259593061028
1.5965704012478092	1.8761495722814585
1.5919743029617492	1.8695748712342333
1.5873660501011064	1.863011532326266
1.58275357097852	1.856459815827089
1.5781356685825285	1.8499259844667983
1.5735075708873922	1.8433968915707837
1.5688687905100764	1.8368713731574944
1.5642189131166646	1.8303483411387698
1.5595597700596473	1.823830531808197
1.554892862579034	1.8173186635837826
1.5502424933945316	1.8108386711744684
1.5456037192618506	1.8043906005289014
1.540943922341574	1.7979209779067238
1.5362648935466976	1.7914290824140717
1.5315847606280124	1.7849370129028304
1.5269037358723352	1.778446626914401
1.5222255817693693	1.77195533201818
1.5175542979313887	1.765483049154726
1.5128726589144177	1.758998065791384
1.5081875787913273	1.7525149379869187
1.5035030322971021	1.7460355589898349
1.4988210074086359	1.739552978257995
1.4941405694886953	1.7330663332269387
1.4894653491517529	1.7265769928445818
1.4847943916479485	1.7201034880702815
1.4801125527665204	1.7136185521638219
1.4754266442682478	1.7071306794471883
1.4707382565056113	1.7006432699165297
1.4660495000034948	1.6941586964823792
1.4613652041870626	1.6876757624345462
1.4567208532096483	1.6812571586716356
1.4521620096928418	1.67497488574628
1.447531246908842	1.6686030540423247
1.4428523786942669	1.6621413137743901
1.4381811965263371	1.6556641049117067
1.4335171937870164	1.6491760879658457
1.4288656995124842	1.6426837986835594
1.424225347422358	1.6362031536594233
1.4195790096623282	1.6297032079895162
1.4149344441035294	1.6231959409020356
1.4102963005711662	1.6166870163954974
1.4056794804402415	1.6101778381486407
1.4010899140467403	1.6036697992198656
1.396525596038065	1.5971705167524208
1.3919660297952905	1.5906530154339638
1.3873915102634424	1.5841020960978551
1.3828194727424605	1.5775459551911435
1.3782504850640211	1.5709859884319453
1.3736862940462042	1.5644230645839776
1.3691333482825434	1.5578639079183323
1.364585535805998	1.5513151718535025
1.3600368456779703	1.5447578605548729
1.3554929657176358	1.5381884905036132
1.350956721211769	1.5316087434242207
1.346423798435956	1.525021000115941
1.3419082611079145	1.5184353232362269
1.337407904042874	1.5118611368715675
1.3329085980233748	1.5052769876233205
1.32839882223754	1.498672644594485
1.3238893542495473	1.49206784702374
1.3193795504271053	1.4854615160582958
1.3148696041916	1.4788519353751541
1.3103657931124957	1.472252176711166
1.3058573954266124	1.4656591157721832
1.3013360333751574	1.4590542132911206
1.2968098536494768	1.4524505316921905
1.2922781757143846	1.4458474628008942
1.287743434522761	1.4392480524465028
1.2832086525042046	1.4326504711992571
1.278678902643497	1.4260699456652728
1.2741449460370968	1.419484920788015
1.2696223260200692	1.4129074036565616
1.2651033217099246	1.4063166523203026
1.2605874977513065	1.3997210459598022
1.2560748234286088	1.3931187392746613
1.251569831331091	1.3865212438382986
1.2470643162236226	1.3799296135259858
1.2425493578557987	1.3733243921597778
1.2380326583242938	1.3667183398632567
1.2335138614082333	1.360111485042333
1.229029979504877	1.353558570643639
1.2246036876035877	1.3470983502610647
1.2201148466065452	1.3405530914004808
1.2156357740798818	1.333977923048233
1.2111734270344432	1.3273771114689148
1.2067208937608531	1.3207548464384526
1.2022841934342443	1.3141253663012922
1.1978585286865084	1.3074760960721927
1.1934509980278127	1.3008259110821192
1.1890475781667458	1.2941636925566051
1.1846589562677636	1.2875153915035509
1.180278412157168	1.280891764709545
1.1758338392420382	1.2742041700834872
1.1713729115810478	1.2675333277270506
1.166912752613038	1.2608825260824479
1.162451044507803	1.254249975943654
1.15797254807372	1.2476169034825497
1.1534797314843446	1.2409859599220465
1.1489745191776009	1.234359776393217
1.1444588835722609	1.2277404921740027
1.1399517090160378	1.2211493955216715
1.1354567133034852	1.2145859745848402
1.1309535812294804	1.2080234118942976
1.1264251370898504	1.2014349095657508
1.1218901870499027	1.1948394658872867
1.1173497653801738	1.1882435888997946
1.1128059520985563	1.1816505723433353
1.1082638236330766	1.1750607588250868
1.1037251420156127	1.168487546284702
1.0991769180296336	1.161907152473788
1.094625276576825	1.1553290022320617
1.090068475142008	1.148749575961704
1.0855047699753477	1.1421704270219966
1.0809370065783188	1.1355946363810259
1.0763705050535008	1.1290342633813144
1.0717965450202585	1.1224863301532984
1.0672028983250788	1.1159271236102888
1.0626005754566439	1.1093705776946639
1.0579902767495024	1.102817277487029
1.053374018225807	1.0962702717346067
1.048740797542175	1.0897022728205286
1.044071565087654	1.0830783232219772
1.0394712517434028	1.0765094663429886
1.0349249533300406	1.069974027909385
1.0303947756480147	1.0634134468050724
1.0258808652726663	1.0568381280504942
1.021379092083914	1.0502424205954672
1.0168975433012946	1.0436488867349325
1.012422267521015	1.0370420969447371
1.007951655610377	1.0304228996236078
1.003498721264328	1.0238077564250232
0.9990853186874304	1.0171991491428671
0.9946859645597895	1.0105494692877997
0.9903240979502854	1.0039026932280057
0.9859947775829079	0.9972486848167185
0.9816913228587948	0.990589393369894
0.9773824851610596	0.9838848668182606
0.9730787146604954	0.9771601798371359
0.9687829026071719	0.9704265380961227
0.9645004718291851	0.9636915862673868
0.9602182000022839	0.9569524504349964
0.9559211825476703	0.9502035424212386
0.9516100272093476	0.9434527125753654
0.9472897858169388	0.9367057274143378
0.9429629187008611	0.9299618854836577
0.9386297673386617	0.9232217201115094
0.9342937764246	0.916487999207621
0.9299612095501736	0.9097666543940316
0.925621638371242	0.9030502743226538
0.9212725024444591	0.8963300065335296
0.9169313491954655	0.8896341963446999
0.912670207594503	0.883038153955733
0.9085019571881063	0.8765032397156063
0.9043615505157431	0.869922729311688
0.9002185735564023	0.8632593284752411
0.8960710770404458	0.8565027110333165
0.8919573410635777	0.8497015426123433
0.8878710940775053	0.8428678841048092
0.8838148847645924	0.836010981402832
0.8797866389516585	0.8291340774781101
0.8758059745630444	0.8222621326362765
0.8718821944589596	0.8154159740297051
0.8680123820794531	0.8086267229122702
0.8641412611627478	0.8018481952563493
0.8602096940719633	0.7950169119491884
0.8561952400780742	0.7881384452759812
0.8521384391468206	0.7812996545178108
0.8480231760366914	0.7744593524946815
0.8438505335610071	0.76760403350107
0.8396484831125179	0.760756907864226
0.8354242690629573	0.7539282495627612
0.8311798643617199	0.7471042227332684
0.8269402055517249	0.7402942762401483
0.822719054688856	0.7335031188844375
0.8185045287552722	0.7267177972307389
0.8142860291153753	0.7199195890691497
0.8100669825430428	0.7131245207394523
0.8058493357458331	0.7063331072098119
0.8016345482573931	0.6995430663800161
0.7974180601469547	0.6927664502870929
0.7932128224755668	0.6860109489850931
0.7890873756675942	0.6793509710591412
0.7849961433541064	0.6726417376986459
0.7809259826568091	0.6658348426484183
0.7768999810068201	0.6589848167697436
0.7729150757255084	0.6521040368918448
0.7689879566409505	0.6452183241419879
0.7651163111720052	0.6383285451836319
0.7612811443078652	0.6314090414253734
0.7574589229487732	0.6244385375052937
0.7536852441752148	0.6174812249480487
0.7499644242760763	0.6105394074303704
0.7462535831920954	0.603532547076521
0.7425661250463093	0.5964862780484975
0.7389079763272567	0.5894193971881212
0.7352776022445885	0.5823294778321259
0.7316703756891499	0.5752190064601819
0.7280855253269314	0.5680893434513938
0.7245197312393303	0.5609450177828683
0.7209771635521004	0.5537972296557285
0.7174494535651946	0.5466210381760492
0.7139370691214125	0.5394144505919187
0.7104913990243741	0.5322413698019429
0.707157237285259	0.5251520624841731
0.7039450573744895	0.518142880262953
0.7008155741694855	0.511074906396182
0.6977457569045722	0.5038636958943751
0.6947777419480992	0.4965834169013515
0.6919137292131267	0.4892502074164995
0.6891494571359819	0.4818692291581426
0.6864859745281021	0.4744457139528425
0.6839235669881826	0.46698217303313744
0.6814599124674481	0.4594745819872882
0.6790898156287175	0.45193922318532725
0.6768034092599509	0.4443880432116415
0.6745991816344307	0.43683219437425086
0.6725066287628071	0.42926902524797667
0.6704943854718761	0.4216546921818707
0.6685503442572907	0.41399804992737116
0.6666626794857821	0.40630171250332275
0.6648387455035826	0.39860361749914375
0.6630851717981099	0.39089625161614
0.6613653876422234	0.3831311507276739
0.6596338854794193	0.37530343549979833
0.657851986574292	0.36742716585204754
0.6560111037114805	0.3595624940560745
0.6541094437449265	0.3517233426390908
0.6521580269571589	0.3439320308237909
0.6501608166758601	0.3361648061140649
0.6480957589739902	0.32838276647849035
0.6459879990593529	0.32063598722204334
0.6438750499134963	0.3129344379650787
0.6417916587458901	0.3052727710967332
0.6397815430948769	0.2976489517366129
0.6378745600934564	0.29001735538601664
0.6360747764247197	0.28234367473687444
0.6343719627261315	0.2746285255608715
0.6327534248199792	0.2668755671731296
0.6312138076998646	0.25911260085042315
0.6297547203745057	0.2513497003823139
0.6283734448520945	0.24358458182403922
0.6270779245949148	0.23582527003018755
0.6258812378983682	0.2280077192362902
0.62479861751393	0.22009315839081384
0.6238656597501819	0.21219574673498903
0.6230890342571864	0.20438106306344614
0.6224683913408735	0.1965872954490341
0.6220021560065575	0.1887769345593069
0.6216891646208867	0.180956926037912
0.6215284658749093	0.17313531929006265
0.6215239298436893	0.1653301900419007
0.6216695458807536	0.15749699960871816
0.6219404157435693	0.14961629556681497
0.6222951054253854	0.14171171033657587
0.6226917285215173	0.1337864270566319
0.6230924367769031	0.12587246337340063
0.623459424240847	0.11801237497368339
0.6237663590975935	0.11026087723771476
0.6239917053160082	0.10262058163134377
0.6241243338570975	0.09493680351968715
0.624159448379508	0.08714445948016163
0.6240842557866962	0.07920179729541922
0.6238793053111951	0.071093514715504
0.6235310237258183	0.06294163697181918
0.623041614635684	0.054817420460147065
0.6224173003616775	0.04670867688665596
0.6216642425051562	0.03860230714385602
0.6207882711199999	0.030509461468293263
0.6197882827599448	0.022414628869582676
0.6186633115492657	0.014331818966404111
0.6174281659036719	0.006314647151476302
0.6160951904556874	-0.0016752304107588815
0.6146713838221052	-0.009639664036269336
0.6131807321337335	-0.017565979799923765
0.6116351816801441	-0.025478561196169293
0.6100388432977266	-0.033384214327958475
0.6083936231303587	-0.0412777566959078
0.6066984233400691	-0.049160038412045796
0.6049614425907758	-0.05699723545015052
0.6031837274021546	-0.0648079235709928
0.6013632561968543	-0.07260037148584197
0.599507930337523	-0.08027845988095877
0.5975845693624229	-0.08790151961654995
0.5955302708705104	-0.09562175661346306
0.5933433687975067	-0.103423806863926
0.5910523907577221	-0.11120675164230791
0.588661658789502	-0.11896359127774048
0.5861734436150733	-0.12668737160233776
0.5835939940399232	-0.1343807801985082
0.5809267389894868	-0.14203923656572942
0.5781807712222246	-0.14966202992560312
0.5753686792422212	-0.1572478310446858
0.5725312335505791	-0.16480504275201663
0.5696775598042807	-0.17229774006418921
0.5667511404397598	-0.1796762871235418
0.5637823835973413	-0.18696323042614924
0.5607814001467174	-0.19428357311703454
0.5577478827507251	-0.20167332792019677
0.5547039265433876	-0.2090784372126714
0.5516508621097552	-0.21648548337146134
0.5485866415514514	-0.2238930050463239
0.5454763940928897	-0.23131223759673802
0.5422877559173258	-0.23870996451248375
0.5390068523812602	-0.246040053033486
0.5356279940808727	-0.2533359226387756
0.5321801522589131	-0.2606107051945359
0.5286311480457592	-0.2678830428389708
0.5249656816341861	-0.27509586150541093
0.521130541938705	-0.28220921534696236
0.51707552379718	-0.2892350913919835
0.5128695632629138	-0.29618439071673214
0.5085608197074503	-0.30307277688207435
0.5041514539419407	-0.30990497892078656
0.4996445959186335	-0.31667453724322403
0.49505573346336584	-0.3233736024508558
0.4903776111837982	-0.3300239448414314
0.485617747464467	-0.3366050635450512
0.48079820701416176	-0.34310702113884667
0.47590581073959387	-0.34955597002013944
0.47094363915563364	-0.35595608504827375
0.46593229589159746	-0.36227230757189216
0.4609180246757217	-0.3684706293637217
0.45597344786338706	-0.3744913581037378
0.45100747511343664	-0.3804801093822058
0.4459619122109008	-0.38651076644433113
0.44082577654797683	-0.39260790153071906
0.4356446975593787	-0.3987325054187395
0.4304554224957182	-0.4048437926415006
0.4252597688494383	-0.4109318429105318
0.42004932066306244	-0.41701052011059014
0.41482329816933083	-0.4230833168073988
0.4095858980399944	-0.42914795734811767
0.40433700309376464	-0.4352055672486606
0.3990771089865946	-0.4412551024766798
0.3938109154549777	-0.44729574891338464
0.38854170809655775	-0.4533106992643617
0.38325324585329534	-0.4593205252689165
0.3779441642220475	-0.46532913482723987
0.3726230733642329	-0.47132827229139296
0.3672925182469097	-0.4773156385360766
0.36195913916031486	-0.48329267454562236
0.3566486800308517	-0.48921972245918677
0.35136843403502016	-0.4950689006841872
0.34607443289747	-0.5008459749258481
0.3406531206614984	-0.5066313035346405
0.33504501616754134	-0.5124648354203037
0.3293392583639932	-0.5182455753571067
0.32356840064885223	-0.5239426270138197
0.3177260124017481	-0.5295690392141715
0.31184241784630345	-0.5350963407949051
0.3059215824591737	-0.5405361711712322
0.29994321584272515	-0.5459118289651009
0.29389315334089616	-0.5512569028843683
0.28778662054076287	-0.5565798043727075
0.2817119913654582	-0.5618251968432859
0.27561800059867847	-0.56704842325525
0.2695040124150359	-0.5722503485049422
0.263369682631238	-0.5774336764109623
0.25721370726280446	-0.5825978784406168
0.25103790749951926	-0.5877423199269387
0.24485330326225205	-0.5928603473301625
0.2386826318681866	-0.597944084381148
0.23252581317086224	-0.6030057402321353
0.22636892356513177	-0.6080535807166353
0.22019273988661558	-0.6131090642947983
0.2140222641284805	-0.6181569569417842
0.20784454532535881	-0.6232008985136965
0.20164509651371826	-0.6282556503849144
0.195439360776074	-0.6333051045423015
0.18922587521930762	-0.6383518169690713
0.18300162984447377	-0.6433943458330118
0.17672309595752533	-0.6484346060594548
0.17039422747971647	-0.6534383925295839
0.1640380347527294	-0.6583987814274559
0.1576558113302123	-0.6633210941446441
0.1512561255077567	-0.6682026645564537
0.14484486762038257	-0.6730348927071099
0.13840611930651214	-0.6778373423164805
0.13194448914976653	-0.6825962939572795
0.12545444584247786	-0.6873273342074434
0.1189416556715392	-0.692028204388767
0.11240177791010363	-0.696700531141004
0.10583999943146591	-0.7013422752118014
0.09925600403586486	-0.7059570508515207
0.0926506731117449	-0.7105447857802939
0.0860264301098066	-0.7151069740028808
0.07938414760501696	-0.7196451035723334
0.07272554319622032	-0.72415865646878
0.06605771879190762	-0.728642775181944
0.05938997028235098	-0.7330974267966485
0.052736111500073915	-0.7375173121696594
0.04607994152386844	-0.7419077628904093
0.039380367486317264	-0.746299961548321
0.03266481370072843	-0.7506761813389817
0.025933330486444008	-0.7550354745862171
0.01918667336831997	-0.7593773600279782
0.012427473785929179	-0.7637020562629572
0.005656047901448061	-0.7680121652146831
-0.0011286512251343869	-0.7723085223114075
-0.007925164830927443	-0.7765900649877864
-0.014722280104333539	-0.780853533360089
-0.02148910450175489	-0.7850934543731192
-0.02821767660703894	-0.7893168035191364
-0.034910082926620824	-0.7935488497316744
-0.04155194594309317	-0.7977958752039731
-0.04817765346164685	-0.8020818531071543
-0.054804064086085326	-0.8064384828626951
-0.061407832441146906	-0.8108408531281674
-0.0679955785349346	-0.8152872735149497
-0.07456192451814382	-0.8197723143199046
-0.08111313585659748	-0.8242978949762909
-0.08766927404843554	-0.8288575243209731
-0.09426511346309999	-0.8334405252166265
-0.10092318078267284	-0.8380177527382431
-0.10764536405648689	-0.8425595120036555
-0.11438754159711118	-0.8470440397287486
-0.12113940293097161	-0.8514779314815181
-0.12792208679478365	-0.8558055123349734
-0.13476165818192257	-0.8600720742617566
-0.14162779217618549	-0.8642819208194368
-0.1485221431534388	-0.8684457338637929
-0.1554249205577541	-0.8725567288724289
-0.16229998307055216	-0.8766262179985111
-0.16913250309697084	-0.8806959748558838
-0.1759211316665007	-0.8848063200443869
-0.18268259110880153	-0.8889777540929581
-0.18943273373269726	-0.8931993033073915
-0.196165786238077	-0.8974578795867225
-0.20288026270634252	-0.9017410411092286
-0.20953778904324327	-0.9060289517408648
-0.21616034597297742	-0.9103480813164685
-0.2227648536073141	-0.9146668755819559
-0.2294484336267668	-0.919031718085927
-0.23615111311143114	-0.9233972976243221
-0.24285557420480833	-0.9277615359537816
-0.24956449462875352	-0.9321269464241527
-0.2562778176438123	-0.9364931887086676
-0.2629948984669977	-0.9408598397184836
-0.2697150127939785	-0.9452266552067679
-0.27643502939355424	-0.9495914987898576
-0.2831513224179601	-0.9539514056623704
-0.28985302544785946	-0.9583010701974003
-0.29653384464999133	-0.9626476075291964
-0.30319013894086233	-0.9669881322685527
-0.3098464123702858	-0.9713569082815351
-0.316491880110467	-0.9757466228549014
-0.32313227827899277	-0.9801584044098149
-0.3297737722584237	-0.984588402514182
-0.3364131962879604	-0.9890323203712081
-0.3430500361133284	-0.9934873807286069
-0.34968696888943734	-0.9979559159918779
-0.3563263559771648	-1.0024328391457265
-0.36296380030280867	-1.0069128009308574
-0.36959779547260324	-1.0113957899519028
-0.3762154560417004	-1.0158746733637791
-0.3828104459718021	-1.0203505974763745
-0.38940878713674754	-1.024834799257242
-0.39600958974110784	-1.0293259928936231
-0.4026100276151397	-1.033821034003148
-0.40921111780086	-1.0383217167322591
-0.4158128019243253	-1.0428282140809413
-0.42241489524902964	-1.0473409759671448
-0.4290179483022685	-1.051860055317565
-0.43562200402084966	-1.056385038017917
-0.4422269149385668	-1.0609147401678256
-0.448831033847014	-1.0654469615623285
-0.4554293626040462	-1.0699786512480542
-0.46200968821177874	-1.0745023701056162
-0.4685763047609189	-1.0790258019468417
-0.4751448270217767	-1.0835563277174183
-0.4817157820507372	-1.0880910389349316
-0.4883020691004313	-1.0926300369200483
-0.49489394216682653	-1.0971647297809786
-0.501489849770469	-1.1016962581740104
-0.5080883950132603	-1.1062271560622987
-0.5146915076317241	-1.1107593127281779
-0.5212996441430503	-1.1152918408017296
-0.5279109277167925	-1.119823026219644
-0.534521597092685	-1.1243508218435392
-0.5411285269446985	-1.1288735777061236
-0.5477182881469459	-1.1333847114688258
-0.5542806830275704	-1.1378757245645372
-0.5608650000728622	-1.1423723871768927
-0.5674716507041739	-1.1468766657823481
-0.5740828540112063	-1.1513758954201783
-0.5806994105179804	-1.155872594625024
-0.5873207841069025	-1.1603678467769043
-0.5939478146989294	-1.1648621409839595
-0.600580406382707	-1.1693552910367266
-0.6072175709471417	-1.1738468803951432
-0.6138636353976281	-1.1783384877527503
-0.6205157746335779	-1.1828227507915419
-0.6271658214236102	-1.1872914886535673
-0.6337971477665354	-1.1917394726244552
-0.640424451341889	-1.1961789348114007
-0.6470676281401949	-1.200623628314345
-0.6537124343462803	-1.2050624920777784
-0.660361272623496	-1.2095008432289653
-0.6670156291966666	-1.2139389920863628
-0.6736749710863946	-1.2183768447078032
-0.6803433829542536	-1.2228155040937732
-0.6870229810245253	-1.227250415260795
-0.6937101166607134	-1.2316788304545385
-0.7004025756994551	-1.236100456939689
-0.7070954668569156	-1.240514027962474
-0.7137878693688493	-1.2449193219268992
-0.7204695133622	-1.2493119113023203
-0.727140993172303	-1.2536976908060729
-0.7338208226976638	-1.2580851764614784
-0.7405020079226678	-1.2624676893264166
-0.7471894625085324	-1.266850475060377
-0.7538902579264147	-1.2712315708086777
-0.7605962363313936	-1.2756063018174992
-0.7673075412609964	-1.2799777719195151
-0.7740261931751842	-1.2843470888399577
-0.7807514087768808	-1.2887125776669122
-0.7874812118298953	-1.2930736298714567
-0.7942113398126472	-1.2974283287027677
-0.8009394543667578	-1.3017743124016723
-0.8076542822525478	-1.306107797112715
-0.8143519360476684	-1.3104330347647914
-0.8210677461159154	-1.3147598511555108
-0.8277985937660514	-1.3190838762728339
-0.8345366196490964	-1.3234000004648874
-0.8412812469959816	-1.3277108064077774
-0.8480318905063691	-1.332016340720273
-0.8547875815840816	-1.3363187167446864
-0.8615501077353294	-1.3406189871603436
-0.8683181011451042	-1.344915771318725
-0.8750893696399675	-1.3492089200017534
-0.8818668938848853	-1.3535002493421215
-0.8886486474791473	-1.357778073218528
-0.8954171606420585	-1.3620325627183014
-0.9021761407565579	-1.3662721146530075
-0.9089548866760726	-1.3705110118447021
-0.9157379043518857	-1.3747435396088612
-0.9225274177722087	-1.3789723657466881
-0.9293214135872319	-1.3831981576087031
-0.9361213924555003	-1.3874222563789964
-0.9429277779510027	-1.3916443533415197
-0.9497462479071245	-1.3958659637231698
-0.9565805976245847	-1.4000800358191738
-0.9634226428565145	-1.4042797540122858
-0.9702669236491244	-1.4084669005791062
-0.9771119120405537	-1.4126378540014188
-0.9839423242660137	-1.4167885324535587
-0.99076251567356	-1.42092642994787
-0.997603346222655	-1.4250667087756461
-1.004451077663663	-1.4291995904237675
-1.0113055402574895	-1.4333265859999709
-1.0181701292309755	-1.437450089263897
-1.0250506785468407	-1.4415656017375755
-1.0319410049205486	-1.4456696036792842
-1.0388394754539039	-1.4497628457480354
-1.0457452935752831	-1.453847611552873
-1.0526583284842121	-1.4579235030986724
-1.0595737752898335	-1.4619884396957536
-1.066489070157604	-1.4660385309332675
-1.0733879328748186	-1.4700722519274116
-1.0802792433889425	-1.4740975654594404
-1.0871882042944332	-1.4781206124011301
-1.094117637337174	-1.4821362073101239
-1.101057328211884	-1.4861381349978444
-1.108004377982335	-1.490126359765364
-1.1149580932114418	-1.494106019577361
-1.1219206878203418	-1.4980786469242848
-1.1288919504676804	-1.502043942988241
-1.1358704752699869	-1.5060012847792468
-1.1428544693832279	-1.509950453153839
-1.1498398096214297	-1.5138896128627812
-1.1568177567119027	-1.517811141701988
-1.163769096453738	-1.5217121848856396
-1.1707336396965915	-1.5256091224149138
-1.177727054397623	-1.5295031352622082
-1.1847271521674652	-1.5333837467457796
-1.1917336234355174	-1.537254858063601
-1.198748825709277	-1.541118663098022
-1.2057734061471683	-1.5449747957671387
-1.2128060687734	-1.5488226269206438
-1.21984624611474	-1.5526630773922963
-1.2268983076881275	-1.5564973866863412
-1.233961757875697	-1.5603194638558577
-1.2410316597147777	-1.5641240229252098
-1.2480937719622567	-1.5679069030575261
-1.255137052923546	-1.5716681192658641
-1.2621760663766302	-1.5754143799742348
-1.269242609181242	-1.579158827567239
-1.2763182867980931	-1.5828946190832358
-1.2834010710524892	-1.586623023733336
-1.2904918476679994	-1.5903441646054544
-1.297594696917956	-1.5940596553262132
-1.304712580691958	-1.5977643155099397
-1.3118416250299971	-1.6014551692266188
-1.318978733251063	-1.605131105406857
-1.3261202769111862	-1.608794209475679
-1.3332655541544554	-1.6124435449689707
-1.340395852112772	-1.6160754141110891
-1.3475179590277575	-1.6196923184733751
-1.3546366420245166	-1.623299457629285
-1.3617758195329492	-1.6268994789499445
-1.3689275490670727	-1.6304934439931713
-1.3760948036062275	-1.6340762549956318
-1.3832711399956112	-1.637645000757449
-1.3904556416295015	-1.641201645079833
-1.3976477760114419	-1.6447475785376704
-1.404847601059432	-1.6482844203202676
-1.4120549075283972	-1.6518117268679815
-1.4192660562659023	-1.6553282341247915
-1.4264790958740952	-1.6588327832982992
-1.4336761417041266	-1.6623227023322964
-1.4408728045979067	-1.6658031628398149
-1.4480820607905358	-1.6692816067420702
-1.4552955745527765	-1.6727407640517005
-1.4625223994894767	-1.6761892314619002
-1.4697566184884925	-1.6796252537734175
-1.4769974496409148	-1.6830510891957062
-1.4842472866392484	-1.6864685040470697
-1.4915053179826558	-1.689876353366313
-1.4987698779589724	-1.693275492599322
-1.5060398109456432	-1.6966656089778587
-1.5133111001931163	-1.7000459798166851
-1.5205943280250214	-1.7034168918278503
-1.5278629399677262	-1.7067693087521776
-1.535131977932365	-1.7101084519234466
-1.5423995838524525	-1.713440425281789
-1.5496746115396574	-1.7167567285331897
-1.5569617295634823	-1.7200664137003163
-1.5642559938589642	-1.723366022833044
-1.5715564985174741	-1.726657866381091
-1.5788647080865459	-1.7299426237400468
-1.5861831989568846	-1.733220545283396
-1.593511880505638	-1.7364880883283642
-1.6008458277107764	-1.7397432666287758
-1.6081816982211017	-1.7429865174935453
-1.6155085095356903	-1.746218073081912
-1.6228178003167582	-1.749432934036224
-1.6301422021063718	-1.7526469554597088
-1.6374638823934764	-1.7558525105357328
-1.644788105116418	-1.759044214456505
-1.6521250918122727	-1.7622333000371113
-1.6594702094133535	-1.7654156973274735
-1.6668247639286367	-1.7685903460623738
-1.67418716184002	-1.7717562944504115
-1.6815573364284524	-1.7749136143171311
-1.688933538563141	-1.7780617255387174
-1.6963129488608748	-1.7812011670595413
-1.7036931241454012	-1.784330863630144
-1.7110627804284742	-1.7874514098612388
-1.718421693059207	-1.7905595564813093
-1.7257966273088783	-1.7936697538844388
-1.733169957566198	-1.7967736078911183
-1.740542982418381	-1.7998655454107138
-1.7479257261559906	-1.8029502771170525
-1.7553156754392487	-1.806027401723925
-1.762712338598783	-1.8090973753857842
-1.7701157565844166	-1.8121605104338938
-1.7775261418977226	-1.8152168990601425
-1.7849422251495222	-1.8182658357375274
-1.7923607761355809	-1.8213069536397317
-1.7997796044120542	-1.8243392699092036
-1.8071846361251387	-1.8273632594191307
-1.814583023623594	-1.8303783707003314
-1.8219977048040856	-1.8333953293400052
-1.8294043199484185	-1.836404463771439
-1.8368132501629235	-1.8394009429670553
-1.8442319727863867	-1.8423951631063007
-1.8516558163577366	-1.8453825237635368
-1.8590856644175757	-1.8483649197806296
-1.866521315218614	-1.851342551533086
-1.8739630361904018	-1.8543154847638572
-1.8814106443681664	-1.8572830764591168
-1.888860808502411	-1.860243183996454
-1.8963101959108635	-1.8631949702431052
-1.9037433707453606	-1.8661375380422256
-1.9111769945240575	-1.8690740666636225
-1.9186219817068186	-1.8720104319580457
-1.9260598804800977	-1.8749408301953194
-1.9334948599952078	-1.8778584278949308
-1.9409435251654996	-1.8807758864771529
-1.9483962237964145	-1.8836874039400244
-1.9558544558719426	-1.8865947651509285
-1.963317436757878	-1.8894985218266256
-1.9707855919969157	-1.8923990433129099
-1.9782573900582632	-1.8952955182284192
-1.9857291839914364	-1.8981875638292964
-1.9931981042432687	-1.9010746292934964
-2.0006485354843084	-1.9039543369142442
-2.0081020044677804	-1.9068326398713407
-2.015565635328271	-1.9097129112314852
-2.023023690385273	-1.9125906715529655
-2.030477807172807	-1.915458771259237
-2.0379437161366503	-1.9183280472960778
-2.045411546993643	-1.9211932620279368
-2.052884053497924	-1.9240566727959505
-2.0603611612811505	-1.9269185866821184
-2.0678426911234733	-1.929778903742227
-2.0753271419538204	-1.9326369246995867
-2.0828109979551908	-1.9354918228865972
-2.0902901002373206	-1.9383436587069445
-2.0977487052281574	-1.941188815614209
-2.105216304024015	-1.9440375879720695
-2.112686185023138	-1.9468876599070646
-2.120150923424634	-1.9497402843555067
-2.127608626732744	-1.9525855580258622
-2.1350782499744887	-1.9554352685703136
-2.142549157432135	-1.9582844278262197
-2.150023679052814	-1.9611345095134458
-2.157502260826309	-1.9639852608981632
-2.1649844308289685	-1.9668367145018453
-2.172468547892087	-1.9696879569761434
-2.179950858164181	-1.972538420474258
-2.187421376135756	-1.9753890533348302
-2.1948680445967614	-1.978236454885374
-2.2023234506100042	-1.9810919165821033
-2.209788183615971	-1.9839552028229532
-2.2172429038247476	-1.9868216342894927
-2.2246910258804102	-1.989682694548172
-2.232150235727933	-1.992551841592528
-2.239609812562105	-1.995422596955717
-2.247071783686763	-1.9982968211541272
-2.2545368735961397	-2.001174536616183
-2.262000275088214	-2.004054482145439
-2.269460594362003	-2.0069416292570583
-2.276918558911864	-2.0098366097915474
-2.284364196839504	-2.012738655475035
-2.2917845109874055	-2.0156418965395675
-2.2992114996020843	-2.0185580431370833
-2.3066460461686398	-2.0214865538177786
-2.3140684749586518	-2.0244230639542384
-2.3214832327909525	-2.0273596739419104
-2.328904626137328	-2.0303083534289494
-2.3363199033622735	-2.033262189118403
-2.34364082573025	-2.036193966984555
-2.3506392101812725	-2.039010603765684
-2.3573102623179354	-2.0417089150356094
-2.3636783772235197	-2.044291690836323
-2.369778427015066	-2.046764208814567
-2.375651218957189	-2.049132617893071
-2.3813396208145767	-2.051405287687176
-2.3868872355307427	-2.0535892815022128
-2.3923279730936753	-2.0556837837320887
-2.3976637749498195	-2.0576861156335062
-2.4028867064887973	-2.059590997081091
-2.4079903058824206	-2.0613990650343843
-2.4129698418227963	-2.0631124434438988
-2.417820152779978	-2.0647408648686545
-2.422537134640497	-2.0662930536458246
-2.427115804134906	-2.067779190575299
-2.431540522984628	-2.0692051378659864
-2.4357982203981656	-2.0705772172736543
-2.4398808594075323	-2.071901282766801
-2.4437837956156643	-2.0731834720562414
-2.4475043601312	-2.074429009851727
-2.4510407810163537	-2.0756419887487167
-2.4543915240968373	-2.0768254536388273
-2.4575553110160717	-2.077981203458392
-2.460531158252616	-2.0791099774549897
-2.4633183527136637	-2.080211294898451
-2.465916363330789	-2.0812839483553685
-2.4683249721837983	-2.082325745464761
-2.47054930951744	-2.0833389726955995
-2.4725982329247755	-2.084317185231493
-2.4744714432845045	-2.085259481273674
-2.476171199121494	-2.086160019369675
-2.4777449922285144	-2.0870375857326344
-2.479273593430127	-2.087935263139741
-2.4807549773298745	-2.088847805949567
-2.4821821624249334	-2.089763947670976
-2.4835415868320045	-2.090672263082642
-2.4848405894651178	-2.091572978558784
-2.486057097985176	-2.09245551616218
-2.4871786196317314	-2.093297320867655
-2.488264236825298	-2.0941360098091497
-2.4893016434957285	-2.0949757663220003
-2.490289264783019	-2.095799476569402
-2.4912378646035176	-2.0966160788010537
-2.4921428600626037	-2.0974229022831365
-2.4930153809953266	-2.0982213005098695
-2.4938468401396867	-2.099008236003205
-2.4946477435670564	-2.0997835306726813
-2.495407826649849	-2.1005433333247865
-2.4961313125615203	-2.1012817510704904
-2.4968214334080074	-2.1020053984227762
-2.4974804473668564	-2.1027130152619216
-2.498109538438423	-2.103404337513292
-2.498707868263747	-2.104076935473663
-2.4992779663453972	-2.1047311621261207
-2.4998201080202547	-2.105366955068473
-2.5003386620331245	-2.1059866466078705
-2.500832274852021	-2.1065891322731325
-2.5013062831121684	-2.107177120345367
-2.5017777474842804	-2.107772261421426
-2.5022489704348723	-2.108380083198534
-2.502693531107269	-2.1089595870732945
-2.503118530259792	-2.109520415763972
-2.5035278702631407	-2.11006827088841
-2.503920907111031	-2.110601769307727
-2.504296769723495	-2.1111180037656068
-2.5046532641453467	-2.111613227071338
-2.50499067857233	-2.1120867489624047
-2.505319321702723	-2.112551818268911
-2.505633908886466	-2.1130036794947444
-2.505923771456583	-2.113420756832218
-2.5061892190555017	-2.1138059332534054
-2.506430880859762	-2.114158272464886
-2.506648454049178	-2.1144771894526957
-2.506841792056638	-2.11476170417041
-2.5070119338045598	-2.1150128909892216
-2.5071589277715027	-2.1152304063615666
-2.5072782838804955	-2.1154066722782514
-2.507372675951626	-2.1155450236972055
-2.507447134512201	-2.115651564875713
-2.507506457235932	-2.1157394842748514
-2.5075567343705445	-2.115814320268233
-2.507601002000892	-2.115879792321644
-2.5076384172795683	-2.115935228989973
-2.5076695806857057	-2.115981361822582
-2.5076924164442755	-2.1160151265441973
-2.5077065216359764	-2.1160358608204306
-2.5077151510816194	-2.116049699676943
-2.5077258111420195	-2.116066032269382
-2.507734553624098	-2.1160794541422114
-2.507744938322554	-2.1160946013127995
-2.5077541764022633	-2.1161082837798535
-2.50776313344358	-2.116121932621703
-2.50777244176963	-2.1161357382672277
-2.5077812801094046	-2.116148910317545
-2.5077906607897256	-2.1161625218148705
-2.507798910171471	-2.116174925071741
-2.5078080413862085	-2.116188060651367
-2.5078151790100627	-2.116199038628163
-2.5078240101638487	-2.1162112448969546
-2.507831888897025	-2.116222726810377
-2.5078398430011544	-2.116234332940324
-2.5078475624521874	-2.1162455732162577
-2.5078556906516445	-2.1162570199936845
-2.507863351738015	-2.116268096344239
-2.507871266259459	-2.1162792972735733
-2.5078789417624816	-2.116290282189715
-2.5078866698215596	-2.116301198448579
-2.507892995279135	-2.116310623956103
-2.5079000335956683	-2.116320028374049
-2.507906883844277	-2.1163295110648117
-2.507913158867083	-2.1163386234095896
-2.507919725649366	-2.1163476958379825
-2.507926248589252	-2.1163567418466696
-2.507932688470253	-2.116365715101182
-2.507939181673328	-2.1163747086900013
-2.5079457336591444	-2.1163837577299986
-2.507951993349947	-2.1163925370052588
-2.507956949441574	-2.116399816202307
-2.5079625645043753	-2.1164069174878914
-2.507967975369478	-2.1164142661779333
-2.5079731656205704	-2.1164215687089953
-2.5079784299456183	-2.116428792911764
-2.5079836863730156	-2.116435936163275
-2.5079889796106936	-2.116443103102827
-2.5079942311990013	-2.1164502765902227
-2.507999398930386	-2.1164573479673194
-2.5080045506728967	-2.1164643187784637
-2.508009164472126	-2.1164707471364395
-2.5080140790780643	-2.116477125324604
-2.508018649020612	-2.1164834034682687
-2.508023435187169	-2.1164897257364825
-2.508028048980653	-2.116496021489526
-2.508032755084296	-2.1165022863813725
-2.5080374454734278	-2.1165085798854846
-2.508042152519553	-2.11651488167664
-2.5080467316695696	-2.116521062262645
-2.5080513841133945	-2.116527217059167
-2.508054971261382	-2.1165324000977868
-2.5080589209627835	-2.1165372270222624
-2.508062477889096	-2.116542090268399
-2.508066419095085	-2.1165471685330868
-2.5080701581939517	-2.1165523163090447
-2.5080740298264352	-2.1165573927877173
-2.50807781983336	-2.1165624580276234
-2.5080814976361383	-2.116567363793926
-2.5080852350284917	-2.116572262066244
-2.508088942443095	-2.1165771956023103
-2.508092060453613	-2.1165815231419316
-2.5080955128347258	-2.1165857944897115
-2.508098980720099	-2.116590431828301
-2.5081024161451433	-2.116595049220317
-2.508105763919278	-2.1165994907844006
-2.508109068055753	-2.1166038287345854
-2.50811242156096	-2.1166082183963457
-2.508115713644565	-2.116612598609175
-2.5081190429063294	-2.1166169647032587
-2.5081223374842025	-2.1166213217371657
-2.5081252252275044	-2.116625232096131
-2.508128346104044	-2.116629131616041
-2.508131349636474	-2.1166331774400318
-2.5081345669496624	-2.1166373411966437
-2.5081376801761364	-2.1166415205365907
-2.5081407553515764	-2.116645546189797
-2.508143721284297	-2.1166494415229518
-2.508146755763265	-2.116653368719864
-2.508149794600899	-2.116657379899871
-2.508152847972388	-2.1166613896185527
-2.508155581112934	-2.116665041985958
-2.508158312529889	-2.1166684889386644
-2.508160903445522	-2.1166719134321004
-2.5081636305306625	-2.116675429059405
-2.5081663066839783	-2.116678982993921
-2.5081690107028773	-2.1166824988761928
-2.508171665090736	-2.116685976222007
-2.5081743258788896	-2.116689430830118
-2.508176986296772	-2.116692904077495
-2.5081796382960473	-2.1166963654473547
-2.508181905418516	-2.1166993797109233
-2.508184095379196	-2.1167020953309406
-2.5081862137597093	-2.1167048740675836
-2.5081883226872312	-2.1167076201094495
-2.5081905161637392	-2.1167104730431654
-2.5081927266616098	-2.116713379930712
-2.5081949598705693	-2.116716289266174
-2.5081971454942367	-2.1167191420663243
-2.5081993160864093	-2.1167219490886477
-2.5082014824755428	-2.1167247657895776
-2.5082034147463985	-2.116727303667663
-2.508205310880637	-2.1167296856944215
-2.508207219937024	-2.116732183760714
-2.508209136438089	-2.1167346902230157
-2.5082110672592126	-2.116737203160517
-2.5082129412285417	-2.1167396458175203
-2.5082148084340217	-2.1167420528216296
-2.508216650830746	-2.1167444534634625
-2.5082184793659827	-2.1167468259208335
-2.5082203066973294	-2.1167491971228447
-2.508222079953003	-2.1167515050356887
-2.5082238455819974	-2.1167537810649804
-2.508225606181027	-2.1167560720019885
-2.5082273579706724	-2.1167583489994257
-2.5082291119723106	-2.116760622636145
-2.5082308471737362	-2.1167628776075316
-2.5082325828260927	-2.116765124074154
-2.508234321728349	-2.1167673822654156
-2.50823604763677	-2.1167696231574777
-2.5082377746204423	-2.1167718572509684
-2.5082393730760324	-2.1167739303593516
-2.5082409662427025	-2.1167759552784617
-2.5082425475170007	-2.116778022550861
-2.508244191501419	-2.116780156694546
-2.5082458041145848	-2.116782264427398
-2.508247408308316	-2.1167843256465444
-2.5082490054188584	-2.1167863961047653
-2.5082506062818504	-2.1167884719298065
-2.508252220465704	-2.1167905642029936
-2.5082538421045366	-2.116792667810286
-2.5082553502974734	-2.1167946245662
-2.5082568309361366	-2.1167965042649945
-2.5082583266242886	-2.1167984466509826
-2.5082598354482206	-2.1168004137173497
-2.5082613547078334	-2.1168023809991037
-2.508262858610827	-2.1168043300326502
-2.5082643233558732	-2.1168062228756757
-2.5082657786662703	-2.1168080963639313
-2.5082672308823533	-2.1168099793448993
-2.508268692194368	-2.116811872021423
-2.508270312541019	-2.116813970418011
-2.50827196321767	-2.1168161491276707
-2.508273592602293	-2.1168182404950584
-2.5082752083885382	-2.1168203112227104
-2.5082768205591846	-2.1168223936031376
-2.5082784146888906	-2.1168244514944154
-2.5082800069931332	-2.116826498376716
-2.5082816007457773	-2.116828555057585
-2.508283199322156	-2.1168306170240268
-2.5082848024949844	-2.1168326838258555
-2.5082862167264453	-2.116834514938663
-2.5082875806927607	-2.116836213709285
-2.5082888381373922	-2.116837848860943
-2.5082901516355953	-2.116839524647412
-2.508291477127221	-2.116841266894335
-2.5082928190517557	-2.116843000158123
-2.5082941636615277	-2.116844738737529
-2.5082955113756693	-2.1168464809225473
-2.5082968621749946	-2.1168482266756934
-2.508298216057873	-2.1168499760046937
-2.5082993360488905	-2.1168514143125017
-2.508300374010663	-2.11685269093028
-2.508301328814097	-2.1168539067950034
-2.508302346687564	-2.1168552477942675
-2.508303397863992	-2.1168566320815914
-2.5083044574648934	-2.1168580121571385
-2.5083055145516355	-2.1168593837158776
-2.5083065755770493	-2.1168607619916844
-2.5083076393375383	-2.1168621461298143
-2.5083087049865815	-2.1168635305514836
-2.5083099435362017	-2.116865139611517
-2.5083112349894523	-2.1168668575620155
-2.5083125547053156	-2.116868558845144
-2.5083138772779208	-2.1168702657427163
-2.508315133494584	-2.116871888113456
-2.508316370840032	-2.116873464667589
-2.5083176273330974	-2.1168750908537035
-2.5083188506398764	-2.116876680510693
-2.508320061985199	-2.116878230708109
-2.5083212641834933	-2.11687978482755
-2.5083215380822557	-2.1168807507728524
-2.5083214285465147	-2.1168812395010077
-2.5083219595212034	-2.1168818722495866
-2.5083227693493106	-2.1168827286139194
-2.508323468808784	-2.1168836532630646
-2.5083241227332262	-2.1168845851392586
-2.508324799002894	-2.11688552966556
-2.508325485567085	-2.1168864868781885
-2.508326171270499	-2.1168874502816712
-2.5083268572886275	-2.1168884169704927
-2.508328389205714	-2.1168900427023907
-2.5083298461028463	-2.1168920615203612
-2.5083312770701864	-2.1168938784693805
-2.5083326680211053	-2.11689562415899
-2.508334040154852	-2.1168973877315684
-2.508335413512625	-2.1168991497450755
-2.508336822687482	-2.116900957875865
-2.5083381885786427	-2.116902721477556
-2.508339543286467	-2.11690444079943
-2.5083408909605835	-2.1169061726752685
-2.508341514207253	-2.1169073716943685
-2.5083419157890603	-2.1169081889453922
-2.508342340437686	-2.1169089660876934
-2.508343175727549	-2.1169098919143186
-2.5083441899701255	-2.1169110011008567
-2.5083451539973156	-2.1169121813875735
-2.508346097624119	-2.11691338549708
-2.508347037651877	-2.1169145994519494
-2.508347976262744	-2.116915817844018
-2.508348914430728	-2.1169170383567
-2.5083497775288923	-2.116918228314369
-2.5083506083079015	-2.116919382935086
-2.5083514649179084	-2.116920531157785
-2.508352332957513	-2.1169216829714963
-2.5083531824610525	-2.116922828859357
-2.508354024353544	-2.1169239671445186
-2.50835486678805	-2.116925101986512
-2.5083557098467266	-2.1169262354328424
-2.5083565541099695	-2.1169273688567816
-2.5083573993370885	-2.116928502825373
-2.5083584769311593	-2.1169297359579597
-2.5083595062888366	-2.1169310751963275
-2.508360434221848	-2.1169323305979044
-2.5083613296263962	-2.116933528521536
-2.508362389029501	-2.1169347980736806
-2.5083633928800926	-2.1169361166957352
-2.508364419429508	-2.1169374329878408
-2.508365345428996	-2.116938685423443
-2.50836623631144	-2.116939888301014
-2.508367160402613	-2.1169410944640656
-2.508366405081008	-2.116942134195197
-2.508365285650914	-2.116942823106649
-2.5083648653857242	-2.1169430804397336
-2.508364539154474	-2.1169432802096178
-2.508364208650349	-2.116943482602851
-2.5083638489283393	-2.1169437032984137
-2.5083635169408995	-2.1169439067427054
-2.5083632064649106	-2.116944096944692
-2.5083629027106067	-2.116944283046374
-2.5083626025473245	-2.116944466986815
-2.5083638101368764	-2.116944065657102
-2.5083655687295194	-2.116944993040411
-2.508366952806315	-2.116946257566028
-2.508368166007398	-2.1169476403771563
-2.5083692871610657	-2.1169490657868377
-2.5083704127314603	-2.1169504895691738
-2.5083715246755145	-2.1169519040014073
-2.5083724322714276	-2.1169532065221857
-2.508373248462632	-2.1169544019561877
-2.5083740795360345	-2.1169555618966065
-2.5083744181433087	-2.116956492619106
-2.50837447442906	-2.116957148473213
-2.508374646594237	-2.1169577146928042
-2.508374888191873	-2.116958273964642
-2.5083751330994897	-2.1169588325025264
-2.5083753704603375	-2.116959387231522
-2.508375605662853	-2.1169599385705165
-2.508375841728865	-2.1169604887114524
-2.5083760791836704	-2.116961038907977
-2.5083763210646435	-2.1169615912247637
-2.508376459560102	-2.116962098717704
-2.5083765516091265	-2.1169625570786503
-2.508376654015341	-2.116962995319647
-2.5083767669553607	-2.1169634288177224
-2.5083768855169013	-2.116963862905272
-2.5083770061307	-2.1169642983454025
-2.508377128579993	-2.1169647353734002
-2.508377252707709	-2.116965174042315
-2.508377378395774	-2.116965614324062
-2.508377505547072	-2.1169660561563166
-2.508378481434112	-2.1169668656333247
-2.5083797626070616	-2.11696805160954
-2.5083809395599337	-2.116969377984211
-2.50838209007495	-2.1169707592090745
-2.508383074910534	-2.1169720975528934
-2.5083839868528495	-2.1169733695267774
-2.508384985685951	-2.1169746452155525
-2.5083860209508564	-2.116975945476883
-2.508387039874921	-2.116977251183422
-2.508388051153981	-2.1169785552256544
-2.5083877488990383	-2.11697941483258
-2.5083870555501573	-2.1169798405676956
-2.508386739069294	-2.1169800337785345
-2.508386514455482	-2.116980170396678
-2.5083862796670324	-2.116980313369604
-2.508386049013148	-2.1169804538328716
-2.5083858254735985	-2.1169805899453653
-2.508385605633705	-2.116980723808877
-2.5083853876906996	-2.1169808565335253
-2.508385170658746	-2.116980988725608
-2.508385091602387	-2.1169810354269996
-2.508385006463983	-2.1169810860309655
-2.5083848793686467	-2.1169812016096317
-2.508384748189733	-2.116981361067622
-2.5083846138746075	-2.1169815352132852
-2.5083844793316667	-2.116981716754606
-2.508384345601248	-2.1169819024691994
-2.508384213080618	-2.1169820908639654
-2.508384081883548	-2.1169822812536783
-2.5083839520066116	-2.116982473293918
-2.5083840024325905	-2.1169827510548873
-2.5083841045410478	-2.1169831008482607
-2.5083841792618244	-2.1169834736350492
-2.50838425090804	-2.11698385567821
-2.5083843062092646	-2.1169842347717
-2.50838435440164	-2.1169846085831865
-2.508384410003327	-2.116984983138326
-2.508384468993775	-2.116985359941619
-2.508384527889629	-2.1169857378846095
-2.5083845868995223	-2.116986116449306
-2.508384180524791	-2.116986496622695
-2.508383413870256	-2.1169869692408865
-2.5083827860162966	-2.1169873562045174
-2.5083823117303865	-2.11698764844497
-2.508381914147587	-2.1169878933563266
-2.5083816185816614	-2.1169881312327927
-2.508381402965786	-2.1169883768942888
-2.5083811796336155	-2.1169886171768244
-2.5083809558577803	-2.1169888563171098
-2.508380734893158	-2.1169890985511217
-2.5083812789793205	-2.1169887950161423
-2.5083818614112317	-2.116988801394749
-2.508382357415078	-2.1169892465609528
-2.5083827085442025	-2.1169898070797633
-2.508382998137472	-2.116990388894125
-2.508383293790282	-2.11699098405939
-2.5083835914880313	-2.1169915875721963
-2.508383876369479	-2.1169921896214388
-2.5083841656072954	-2.1169927921809975
-2.508384459307142	-2.1169933975699413
-2.5083826662551485	-2.1169947445391397
-2.5083826562590206	-2.1169963941222214
-2.5083833547201717	-2.1169975777247516
-2.5083840489658593	-2.1169989331973063
-2.5083847372435275	-2.11700030457049
-2.5083854134199095	-2.1170015579337838
-2.508386083685169	-2.1170029057243287
-2.5083867152884087	-2.1170042116572625
-2.5083873469776425	-2.117005509044592
-2.5083879734663954	-2.1170068075969533
-2.508388602693235	-2.1170081052492975
-2.508391204312928	-2.1170075492152947
-2.508393798064525	-2.117009239458722
-2.5083950520818576	-2.117010942124299
-2.5083963511670078	-2.1170125204662202
-2.508397609654129	-2.1170141186741454
-2.508398876359845	-2.117015724639634
-2.5084001415824355	-2.1170173341859866
-2.5084014029620896	-2.11701893555762
-2.5084026277986466	-2.1170204903608814
-2.5084034814198013	-2.1170217865190484
-2.508404184037586	-2.1170229027600826
-2.5084050203275794	-2.1170240216712903
-2.5084059134492622	-2.1170251750420186
-2.5084067917024697	-2.1170263400679428
-2.508407663750008	-2.117027507280796
-2.5084085354143717	-2.1170286753610066
-2.5084094069073575	-2.1170298439018103
-2.5084102783603837	-2.1170310127444942
-2.5084111498564274	-2.117032181842777
-2.5084120214540997	-2.117033351202769
-2.508412953025087	-2.117034546192937
-2.5084139107551953	-2.1170357701833034
-2.508414863180491	-2.117037006457228
-2.508415813488761	-2.117038247819488
-2.5084167855652817	-2.1170395009151184
-2.5084177671511605	-2.117040765901758
-2.508418746605503	-2.1170420359880593
-2.5084197252394542	-2.1170433082762323
-2.5084207035894632	-2.117044581603307
-2.5084203650453003	-2.1170454392979625
-2.5084195890346344	-2.117045916262463
-2.5084190555694694	-2.117046243914334
-2.5084187035289927	-2.117046459501751
-2.50841841934058	-2.117046633295449
-2.5084181542397492	-2.1170467953572576
-2.5084178774869654	-2.117046964716771
-2.508417607872148	-2.1170471297014544
-2.5084173499058613	-2.1170472875343664
-2.5084170981968565	-2.1170474415385874
-2.5084181299775117	-2.1170474434726407
-2.5084196594786916	-2.1170484146797417
-2.508420924171434	-2.1170496643642935
-2.5084220700716515	-2.117051010505882
-2.508423267581522	-2.1170524217570432
-2.5084244573433856	-2.117053875591435
-2.508425583105453	-2.117055315836363
-2.5084267167805394	-2.117056740364548
-2.508427839202215	-2.117058175418923
-2.5084289744170483	-2.1170596120698875
-2.508428958454607	-2.117060535614496
-2.5084284249266995	-2.117060919410866
-2.508428023745229	-2.1170611650222
-2.508427843912522	-2.117061273656773
-2.5084277190301947	-2.117061397583264
-2.5084275376013796	-2.1170615460922675
-2.5084273247639732	-2.1170616777886164
-2.5084271183608853	-2.1170618048417924
-2.508426915972152	-2.117061929022903
-2.508426716244448	-2.1170620516163297
-2.508426518517082	-2.1170621734817017
-2.508426492421563	-2.1170623755995597
-2.508426546207991	-2.117062668696065
-2.5084265318316925	-2.1170629735612576
-2.5084264886383263	-2.1170632688640674
-2.508426449310207	-2.117063560859837
-2.5084264262132865	-2.117063859124882
-2.5084264111280303	-2.1170641647209187
-2.508426395215087	-2.117064473684599
-2.508426379659903	-2.1170647844524098
-2.508426967672894	-2.117065367018104
-2.508427910177466	-2.1170662704216445
-2.508428796585556	-2.1170673200940313
-2.5084296347770394	-2.1170684165241735
-2.5084304627222647	-2.117069530749155
-2.5084312851058814	-2.117070651348258
-2.5084321040579254	-2.117071773596066
-2.5084329205817575	-2.1170728955667752
-2.5084337351888455	-2.117074016545465
-2.508434548177555	-2.117075136318423
-2.508434903102616	-2.1170760585225974
-2.5084350563699447	-2.117076760146617
-2.508435249440813	-2.1170773694830762
-2.508435459207494	-2.11707794127446
-2.508435737957366	-2.1170785253277553
-2.5084360304151665	-2.1170791254213253
-2.5084363122438202	-2.117079728084461
-2.5084365812049536	-2.1170803262381406
-2.508436845020914	-2.117080919075632
-2.5084371109506387	-2.1170815102266864
-2.508436877495157	-2.1170819192864503
-2.5084366419362056	-2.1170821070859636
-2.5084365439675467	-2.1170823365649363
-2.5084365411924643	-2.117082608865488
-2.5084365818334553	-2.1170829302692713
-2.508436556419269	-2.1170832451771964
-2.5084365026930238	-2.117083541598697
-2.508436513868583	-2.1170838591011436
-2.508436554608607	-2.117084202869962
-2.5084365921939082	-2.1170845585643967
-2.508436790642528	-2.1170849937121727
-2.5084370608666307	-2.1170855080380404
-2.508437311819985	-2.1170860537003504
-2.5084375549305267	-2.1170866105732533
-2.508437796336819	-2.117087172134918
-2.508438037053837	-2.1170877357579676
-2.5084382775276146	-2.1170883003275875
-2.5084385179544784	-2.117088865378315
-2.5084387584235794	-2.117089430721926
-2.508438998978586	-2.117089996285808
-2.508440023129071	-2.1170908983709906
-2.508440443297591	-2.1170917682459756
-2.508440378268215	-2.117092340562921
-2.5084402994140786	-2.1170927522581593
-2.5084402115382805	-2.1170930799424577
-2.5084403023673203	-2.117093449941964
-2.508440473066634	-2.117093883670445
-2.5084406333105083	-2.11709434508882
-2.508440696781234	-2.117094775385498
-2.508440734272632	-2.117095174322346
-2.508441184134813	-2.117095743279225
-2.50844181141263	-2.117096496807816
-2.508442404379826	-2.1170973286215187
-2.508442934960938	-2.117098171287715
-2.5084434378926095	-2.117099003447137
-2.508443941738715	-2.1170998306547717
-2.508444445444584	-2.117100655457526
-2.50844494870436	-2.117101478925331
-2.5084454514421743	-2.117102301518478
-2.5084459536645145	-2.117103123475255
-2.508446455410025	-2.117103944934306
-2.5084467032823525	-2.1171046550562265
-2.508446839443373	-2.1171052439436093
-2.508446997808785	-2.1171057811956064
-2.5084471655299154	-2.1171062980560826
-2.5084473573426007	-2.1171068160129334
-2.508447560291137	-2.1171073406126313
-2.5084477630791886	-2.1171078685721336
-2.5084479662997055	-2.1171083983981753
-2.508448170138866	-2.117108929475858
-2.508448374651807	-2.1171094615399264
-2.5084477327764048	-2.117110060422889
-2.5084472159234985	-2.1171103784357794
-2.5084469090265653	-2.117110566956678
-2.5084466261423004	-2.1171107406477465
-2.5084463809575204	-2.117110891015831
-2.508446144082183	-2.1171110362772745
-2.508445904063195	-2.11711118349648
-2.5084456626302774	-2.117111331604409
-2.5084454204573166	-2.1171114801836857
-2.508445367403608	-2.117111511406248
-2.50844530698711	-2.117111547222918
-2.508445178260991	-2.1171116252136555
-2.508444980469289	-2.1171117459723168
-2.50844476386867	-2.1171118783533345
-2.508444580305244	-2.117111990242942
-2.5084443953070474	-2.1171121030344153
-2.5084441985456407	-2.117112223099817
-2.5084439956253695	-2.1171123469804263
-2.5084437893588993	-2.117112472937868
-2.5084434236179978	-2.1171126978869177
-2.5084430625383747	-2.117112919939251
