-1.928569455752076	2.319430904226058
-1.9225926156309456	2.314461929578519
-1.9165855601110242	2.3094791369811367
-1.9104913108882893	2.3044611276616984
-1.9043305423098171	2.299417777532826
-1.898142254810096	2.2943621021602834
-1.8919501685144215	2.2893141385691487
-1.8857467999559776	2.2842722938853464
-1.8795343836205816	2.2792359303645213
-1.8733156321220366	2.2742058990738423
-1.8670904454817505	2.269184606276542
-1.8608768820547874	2.2641741597324647
-1.854646743507178	2.259156834096642
-1.8484214752231727	2.254149582930071
-1.8422137402655654	2.2491579431049558
-1.8359891276569533	2.244154182818938
-1.8297615528899704	2.2391480560838084
-1.8235272514274539	2.234128461313037
-1.817298716579604	2.229097819401835
-1.8110729407833492	2.2240628898910373
-1.804846386297638	2.2190223136964464
-1.7986200631815232	2.213974729356832
-1.7923988479138486	2.208921719082536
-1.7861877855829276	2.2038717484345023
-1.779997541039799	2.1988228694119916
-1.7738021922503715	2.1937590764395436
-1.7676110051541325	2.1886956393340107
-1.7614438053176225	2.1836388509228404
-1.755264827899812	2.1785738135452584
-1.7491326615839902	2.1735716970490326
-1.7429427570514446	2.1685545187315833
-1.736732721306084	2.163543640292381
-1.73050842939818	2.1585422983363243
-1.7242673517680618	2.1535437010482728
-1.718019442505609	2.148548629907913
-1.7117667356189505	2.1435593613688955
-1.705517016871382	2.138583478907883
-1.6992697372534507	2.1336092992832176
-1.6930201386656527	2.128639243963483
-1.686761949954852	2.123675730983401
-1.680513364670608	2.118728022460167
-1.6742632407608706	2.1137846544478314
-1.6679929880816684	2.1088298477113003
-1.6617219105584402	2.103877346469529
-1.6554436012870355	2.0989218284687037
-1.6491621278500694	2.0939636743013685
-1.642880246891993	2.089004926225426
-1.6366644591487343	2.0841083707318018
-1.6304209503369413	2.0792231323291674
-1.6240960409283707	2.074291906063004
-1.617772377251062	2.0693452528713117
-1.611486081017047	2.0644044934402768
-1.6051944831709601	2.0594533238794477
-1.598918880707121	2.054505509851729
-1.592645108552736	2.049549268029517
-1.5863729466114982	2.0445861801341505
-1.5801015080086964	2.039614985804754
-1.5738324561902048	2.0346371048938794
-1.5675688963788856	2.029659993558086
-1.561300766751476	2.0246824627960467
-1.555029633363742	2.0197037906377053
-1.5487586142057144	2.014726169497973
-1.5424985667379396	2.0097563883083156
-1.5362424815284208	2.0047777857390074
-1.5299817563728926	1.9997891033482726
-1.5237270644437513	1.9948034911898174
-1.5174869622959182	1.9898245518708624
-1.5112387000202692	1.9848372644079815
-1.5050015733745643	1.9798618297917894
-1.4987495692459505	1.9748834874729104
-1.4924924601176357	1.9698976745770505
-1.486231124203695	1.964904379737121
-1.4799705016343216	1.9599040212359207
-1.47371287889532	1.9548984570438814
-1.46745901994867	1.9498902263424365
-1.4612179797407114	1.9448863286108624
-1.454989857119903	1.9398783276637552
-1.4487781103764839	1.9348810347697325
-1.4425429967081307	1.9298808149527922
-1.4362947093875487	1.9249029745522572
-1.4300582546797351	1.9199701409981982
-1.4237958414159093	1.9150503321969417
-1.4175108357761437	1.9101385261441897
-1.411212930146861	1.905235959278625
-1.4048999950310928	1.9003400498178022
-1.398576566478767	1.8954508567970956
-1.3922421323813172	1.8905659951961353
-1.385903685945046	1.8856877340946694
-1.3795947749030986	1.8808341670348643
-1.3732638855263224	1.8759668084082533
-1.3669224504991397	1.871094144814728
-1.3605813102948892	1.8662298399447825
-1.3542496256071006	1.8613796011785055
-1.3479146009182192	1.8565306180976255
-1.3415666750793842	1.8516764499839613
-1.3352140119709932	1.8468187404096568
-1.3288603978277311	1.841958774009853
-1.3225031206385625	1.8370949897021362
-1.3161456640035336	1.8322296835674166
-1.3097877199727093	1.8273638724670698
-1.3034298864341693	1.8225001844088042
-1.2970844721727874	1.8176406694027867
-1.2907386724178374	1.812772638563969
-1.2843910846060578	1.8078987446635326
-1.2780480545945294	1.8030274455350057
-1.2717195767992155	1.7981645467631797
-1.2653853461029785	1.793293659143718
-1.2590487395362164	1.7884170412460443
-1.252722571269315	1.7835564993805368
-1.2463874055410409	1.7787258250047444
-1.240021322281804	1.7738859959622746
-1.2336421678127498	1.7690214399433564
-1.2272707880806843	1.7641408367384552
-1.2209135745731687	1.7592489532943527
-1.214611168030492	1.7543712800162368
-1.208305764781607	1.7494714844550538
-1.2019934283996532	1.7445488134646812
-1.195685973367671	1.7396250642352482
-1.1894120285435668	1.7347104912922278
-1.1831269394923734	1.7297703311213544
-1.1768395035227044	1.7248097968484606
-1.1705585785138037	1.7198362034825185
-1.1642841545702896	1.714849976223174
-1.1580159774341128	1.7098523852569565
-1.1517530477933322	1.7048436491266803
-1.1454973875157402	1.6998248894587278
-1.1392498067368624	1.6947998686823422
-1.1330249848962015	1.6897759630442453
-1.1268652173879503	1.684790130961548
-1.120702320618067	1.6797963870625539
-1.1145907639986945	1.6748398141773004
-1.108559964710911	1.6699056978674884
-1.1025104866817903	1.6649049503042261
-1.0963877292377098	1.6597863915669848
-1.0902412716632952	1.6545877592147595
-1.0841271611745258	1.6493551711471424
-1.0780398596326037	1.6440896867053527
-1.0719987990361737	1.6388186543124137
-1.0659395101523323	1.633502119083266
-1.0599122497796203	1.6281563914205563
-1.0539212914741052	1.622782685646469
-1.04799393293177	1.6174032834490184
-1.0420865479349943	1.611999807058987
-1.0361977600809404	1.6065595079869108
-1.03032927345982	1.601101485349261
-1.0244793328595019	1.5956262999344597
-1.0186393320110492	1.5901311113156371
-1.012824158856296	1.5846364883133248
-1.0070068949082287	1.5791364020893104
-1.0011878269966266	1.5736253853308715
-0.9953725192224596	1.5681050906566787
-0.9895615880512553	1.5625764474585204
-0.9837576307237159	1.557041457024374
-0.9779632625718445	1.5515048591357463
-0.9721916533170495	1.5459759605952847
-0.9664252596193674	1.5404411332385812
-0.9606724954076981	1.5349089140138392
-0.9549132278903256	1.5293601893644628
-0.9491675339845569	1.5238204170439604
-0.9434129080996734	1.5182842689164906
-0.9376490114745849	1.5127458625220895
-0.9318802576007614	1.507206634036018
-0.9261057119995574	1.5016649638161141
-0.9203272576590519	1.4961204461094946
-0.914546700949599	1.4905735323685139
-0.9087668022428617	1.4850257801181925
-0.9029897586232964	1.479480294046677
-0.8972309952074811	1.473948552423777
-0.8914755226673239	1.4684265026024474
-0.8857009918331675	1.462891530099666
-0.8799201602323599	1.4573869049458295
-0.8741394677858573	1.4519330900227336
-0.8683275721354743	1.4464965202432138
-0.8624895105578475	1.4410735452582633
-0.8566302393176395	1.4356634030314745
-0.8507525164130447	1.4302671171375634
-0.8448557730866918	1.4248834495000164
-0.8389440992558203	1.4195129153192998
-0.8330794943402998	1.4142155451395846
-0.8271733493351693	1.408937448437944
-0.8212380861008278	1.4036721808815402
-0.8152696070924823	1.398415755278048
-0.8092829817075882	1.3931830188636194
-0.8032877169224665	1.387976396031948
-0.7972572284138003	1.3827730043266204
-0.7912107243870053	1.3775828013766327
-0.7851445631672698	1.3724012753849841
-0.7790645509112408	1.3672291584761953
-0.7729699162124846	1.362057986213628
-0.7668557652473157	1.3568605010375159
-0.7607509452926162	1.3516439075348439
-0.7546619609859222	1.346415839245977
-0.7486159370303767	1.3411985432009137
-0.742583017227418	1.335966680561752
-0.736544149671363	1.3307092843359576
-0.7305184598645607	1.325450529234305
-0.7245055086493162	1.3201823819434007
-0.7184923039275801	1.314898620998896
-0.7124951005996001	1.3096235337965454
-0.706507357089749	1.3044064690361883
-0.700490304416217	1.2992589366491638
-0.6944180043231003	1.294154999045619
-0.6883001098489199	1.2890925963610387
-0.682144075292855	1.2840734199222863
-0.6759534713893681	1.279099637538263
-0.6697263559308578	1.2741644198519428
-0.6634701193438167	1.2692617605083905
-0.6571777617140209	1.264386059302867
-0.6508221566232331	1.2595129773040064
-0.6443616090129721	1.25463705246626
-0.6378609079473146	1.2498387565389433
-0.6314168192200802	1.2451963155031454
-0.624963853029792	1.240666286920101
-0.6184441227194495	1.236202154697027
-0.6118698969218408	1.2318025900180076
-0.6052405129471143	1.2274586691507934
-0.5985973538888034	1.2231932900406643
-0.5919417360961625	1.219005782421217
-0.5852013673368519	1.214843074245189
-0.5783988327757511	1.2106800078385227
-0.5715727735287313	1.2065161142275742
-0.5647425525008103	1.2023590684662397
-0.5579073708660551	1.1982121760432352
-0.5510783021438441	1.1940837742076393
-0.5442535890374285	1.1899667557904279
-0.5374061536952713	1.1858438443885293
-0.5305532959150209	1.1817216963321557
-0.52367677302378	1.1775789683964961
-0.5167394771126607	1.1733702782021984
-0.5097718095314854	1.1690711143435635
-0.5028985018267572	1.1647485661026065
-0.4961103040902936	1.1603953550578558
-0.4893559241291116	1.155991736641612
-0.4826329612766412	1.151542937694403
-0.4759488957754176	1.1470647872842243
-0.46930603951538014	1.1425598502666605
-0.46269537407398426	1.1380169172324632
-0.45609186793273987	1.1334246519998339
-0.4495228218078082	1.128813108419524
-0.44300129599442606	1.124221201978924
-0.4365177580485338	1.1196843571303057
-0.429973747324452	1.11515755397702
-0.4234066442748533	1.110664961758243
-0.41681106818528446	1.1061908186444227
-0.4101999754676096	1.1017314695560343
-0.40357380114617225	1.0972893285430132
-0.39693731443285246	1.0928663166322905
-0.3903014311772447	1.0884632875602733
-0.38374159906630123	1.084116810307238
-0.37730873002717147	1.0798251635152638
-0.37090472412876624	1.0754966653365796
-0.364427038363557	1.0710468830908952
-0.3578528422026335	1.0664494273604506
-0.35127082620322414	1.0617555911827845
-0.3447315570348907	1.0570053948636242
-0.33823895059194786	1.052201804603561
-0.33182100754529464	1.0473638258043056
-0.32544906530828127	1.0424730213346503
-0.31914873593585336	1.037560565712175
-0.31288656623503314	1.0326209872001693
-0.30659730608823227	1.0276334901805269
-0.30029909997098825	1.0226293668505682
-0.29404545879196997	1.0176631693534803
-0.28778378135207405	1.012691247735215
-0.2815198544210787	1.007714706276812
-0.2752548908633501	1.0027334143795879
-0.2689884479726876	0.9977466835598102
-0.2627268737569496	0.992758894031789
-0.2564978851555732	0.9877995037649796
-0.25026370061943065	0.9828527237269633
-0.2440147954184305	0.9778986236500038
-0.2377482424701162	0.9729372720279248
-0.23147661763875138	0.9679812832015794
-0.22520137531103138	0.963037537876652
-0.2189401165711806	0.9581082312186177
-0.21266147320231676	0.953175791740899
-0.20637793565338128	0.9482455076004312
-0.20011305265256005	0.9433238187359577
-0.19387810260984129	0.9383983974248726
-0.18767668012785618	0.9335127305934348
-0.18149998902541567	0.928703489952758
-0.1752625339633604	0.9239264181126078
-0.1689340148002615	0.9191588847019293
-0.1625609183525516	0.914415465169286
-0.15615844912147406	0.909713330637033
-0.1497241956958472	0.9050509054471372
-0.143264315453244	0.9004301667661768
-0.1367820028492046	0.8958594937399528
-0.13023231131823743	0.8913145383123359
-0.12362792363552891	0.8868387482663458
-0.11705256978185843	0.8825152723367594
-0.11041098598013425	0.8782845619080002
-0.10370637233063738	0.8741431849874434
-0.09694343889061745	0.8700878970956659
-0.09013290233751345	0.8661252460385666
-0.0832673412646661	0.862240167316452
-0.07635169998592962	0.8584343506025836
-0.06939076116399509	0.8547090109097112
-0.06237316982401549	0.8510505350963841
-0.05534460565238267	0.8474545362409406
-0.04836171814528955	0.8439121385537466
-0.04147958096130333	0.840425023621427
-0.03469841815076833	0.8369674666432326
-0.027888274950514637	0.8334522606608843
-0.0209956837219384	0.8298456756760872
-0.01398806583913154	0.8261168982375716
-0.006935150324317572	0.822281410284835
6.360551653333e-05	0.8183826116384161
0.006942463495060579	0.8144705838881046
0.013714688215175038	0.81056697577118
0.020418461264332124	0.8066873965129209
0.02711509170749321	0.8028352975402264
0.033953267289836796	0.7989592385613349
0.04088190664608203	0.7951029026107306
0.047785226648141894	0.7913341985797566
0.05472173717246209	0.7876052935376966
0.061706585547629915	0.7839041694403919
0.06868748678042615	0.7802580865445553
0.07568152379528174	0.7766793637691164
0.0827848713883133	0.7731240943518731
0.09000001515500684	0.7695572467046783
0.09725894580183075	0.7659735444090964
0.1044435261911628	0.7624021354172421
0.1116226555392063	0.7588080898698975
0.11879426728642763	0.7551928730975102
0.12594954297484698	0.7515647793724127
0.13309610605565664	0.7479251528520263
0.1402304059671222	0.7442823171508637
0.14734944277000406	0.7406307644999861
0.15446596942260785	0.7369754218914357
0.1615245869530276	0.7333696652986357
0.16847438430956935	0.7298727401989497
0.1753232046092866	0.7265070929453387
0.18226309511782862	0.7231844713738629
0.18930727977481185	0.7198980545485997
0.19649418609571145	0.7166415863677845
0.20373095177848027	0.7134596984397582
0.21100805512176515	0.7103504137012655
0.2183308146960728	0.7073030130549389
0.22564939132518938	0.7043201115282628
0.23292296834476997	0.7013836591250355
0.24011744288631248	0.6984871996285591
0.24730288772125003	0.695582899742902
0.2545353642631985	0.6926473022538036
0.2618339302431145	0.6896514864668066
0.2691719374150879	0.686594466661284
0.2765219686070759	0.6834865012806319
0.28389774324324524	0.6803319703256925
0.2912819941447529	0.6771318017401539
0.29861273954538003	0.6738860845523351
0.30591677163675535	0.6706200164341071
0.313220356458445	0.6673573906374672
0.32052014617935015	0.6641105576296763
0.3278047445701581	0.6608869607776011
0.33508427055369633	0.6576690016927585
0.342369029040194	0.6544496808718319
0.3496840808823943	0.6512152577256901
0.3569872475794614	0.6479820758489594
0.36427405449044753	0.6447434073837106
0.3715772517681829	0.641489824433678
0.3788837828113618	0.6382288983177326
0.38619267298506	0.6349598118686993
0.3935021932287425	0.6316828382929773
0.4008127553999615	0.6283975033840121
0.40812209381030395	0.6251042676447987
0.41542830105831935	0.6218039350916671
0.42272935588083554	0.6185014837409316
0.43001107219811646	0.6151982371141662
0.4372556122099506	0.611900669322913
0.4444985468895332	0.6085711540417692
0.4517869055130625	0.6051607258892734
0.4591455744916453	0.6016240573357061
0.46651724627081415	0.5979598253545821
0.4737556365425056	0.5942135671261253
0.48092645242122656	0.590350139320092
0.48803514642399387	0.5863689086500883
0.4950755558839178	0.5822800070572522
0.5020486683783933	0.5780868428741148
0.5089047263047421	0.5738105530323496
0.5156982897352351	0.5694100061498103
0.522456321873297	0.5648622328510283
0.5291373460538921	0.5601991472380776
0.5357405222900695	0.5554243822848709
0.5422650940742045	0.550541877390776
0.5487070755884265	0.5455559646117598
0.5550675358350714	0.5404725006399307
0.56132920225517	0.535299483392124
0.5674846048444782	0.5300545708959375
0.5735502848412656	0.5247415693284266
0.5795618116394335	0.5193470368342836
0.585529113296969	0.5138412120112988
0.5914276243639055	0.5082842346934603
0.5972479565461298	0.5027322092101075
0.6030385993485522	0.49714370855102324
0.6087995159098554	0.49151934094956273
0.6145290259758074	0.4858627486838355
0.6202313013046815	0.48017210599987836
0.6259037164381333	0.4744485111181266
0.6315441754870121	0.4686956632947039
0.6371530384628641	0.46291821355907553
0.6427101807008501	0.45713411688482736
0.6482344852045544	0.4513299531466497
0.6537322372377378	0.44549369178851295
0.6592048619732412	0.4396340325793514
0.6646603438671401	0.43374476607857393
0.670092480755088	0.4278317415916335
0.6755017503381797	0.42189639692508946
0.6808912556127847	0.41593714551930394
0.6862573058173815	0.4099405199930721
0.6915891615663359	0.4038759551880269
0.6968753623423034	0.39776906814325963
0.7021132832027939	0.3916312314907078
0.7073083184705414	0.3854666866508879
0.7124633959828397	0.379278477619116
0.717576086867054	0.37309153897179365
0.7226295349833207	0.3668722276464104
0.7276607985502251	0.3606016092134833
0.7326569994510267	0.3543024569913331
0.7376154891777643	0.3479839303390626
0.7425465439053123	0.3416481636178619
0.7474579238691693	0.3352934163430466
0.7523509551899337	0.3289163891818095
0.7572225327181457	0.3225184429830115
0.7620715672616738	0.3161035012101506
0.7668993117104306	0.3096717730197139
0.7717022676638715	0.3032276995308763
0.7764817191039034	0.2967763709608976
0.7812293565622691	0.2903328834932996
0.785957942977684	0.28386990304563553
0.7906586313752243	0.2773672092313143
0.7953086465751844	0.27083703918789237
0.7999349075443332	0.26426509730837255
0.8045313345658407	0.25767174441852386
0.8091012939324831	0.2510553975630321
0.8136438007087871	0.24441789128109423
0.8181601347829052	0.23776081892657014
0.8226505395532564	0.2310861929701752
0.827113529554676	0.22439763424221704
0.8315181011992469	0.21774090961055714
0.8358703875945759	0.2110806912269788
0.8402094017799618	0.20436009542028252
0.8445147030714433	0.1975978575654601
0.8487656078196595	0.1908259207708136
0.8529935274504883	0.1840063133782431
0.8571961966035534	0.17715674412224658
0.8613685778967501	0.17028543409616725
0.8655100130190819	0.1633978086703316
0.8696261517762557	0.15648857742567138
0.8737161533935333	0.14954791744031143
0.8777675611403692	0.14258467769573602
0.881782930007421	0.13560327475962033
0.88576826386707	0.1285938762846894
0.8897032644520811	0.12160297220511138
0.8936139511149078	0.11459458402608406
0.8975028140872914	0.10758379311914033
0.9013474710202629	0.10058882491776965
0.9051848226297889	0.09355933906857819
0.9090041999303443	0.08652181598862027
0.912813396456365	0.07948357090029931
0.916620514385771	0.07244360569011198
0.9204294686987138	0.06539425711822444
0.924233307888751	0.058340326740677476
0.9280312879774433	0.051285923592987726
0.9318254512719696	0.04423643587347263
0.9356076364382254	0.03720422819825329
0.9393970967081493	0.030158271104432602
0.943183019349766	0.023113603174962753
0.9469660658113694	0.016074820743031397
0.9507203023725734	0.009087799034827836
0.9544925614964866	0.0020785726024302193
0.9582843164368298	-0.004951774846433629
0.9620837824769067	-0.011980869677329031
0.965891602468006	-0.019011980408973252
0.9697057992304593	-0.026044529090348666
0.9735249587774293	-0.033077823429462944
0.977348157863931	-0.04010754971264265
0.9811772937268898	-0.047126538576476106
0.9849992594007474	-0.05412191310620892
0.9888227512427826	-0.06110790207802022
0.9926608610393056	-0.06812255313009317
0.9964974818412007	-0.0751309863684994
1.0003237231005602	-0.08212929456762583
1.00415640849223	-0.08914328075236781
1.0079898665034674	-0.09615973305322385
1.0118248654501323	-0.10317938341624026
1.0156613316747534	-0.11020285311389988
1.0194991575669774	-0.1172293094921455
1.023336135827811	-0.12425521917264093
1.027146337695524	-0.13124653200033953
1.0309694263085905	-0.1382951467844272
1.0348329587973706	-0.14541372927128807
1.0387013944003949	-0.15248275497783415
1.0425488717146265	-0.15944210991317645
1.0464309018310762	-0.1663757889656882
1.0503435580893221	-0.17330129084508247
1.054282039719436	-0.18022113617747149
1.0582463131287738	-0.1871330078691974
1.0622323768306599	-0.19403714393117938
1.0662430281061306	-0.20095122458911274
1.0702611349379436	-0.20786887642647658
1.0742851642047484	-0.21478376004671096
1.0783163320070548	-0.22169576537558097
1.082352770475672	-0.2286006346670274
1.0863885347719162	-0.23548346296958553
1.0904292507471323	-0.24235994299631083
1.0944857921791835	-0.2492446188778948
1.0985477624547584	-0.2561199336431855
1.1026070125622398	-0.262988256710247
1.1066747759460775	-0.26985812711069684
1.1107076481668348	-0.2766426788897118
1.1147907679311029	-0.28344264268977404
1.1189191153492584	-0.2902662920275409
1.123069370669084	-0.29707941852760117
1.1272454277186423	-0.3038979390873179
1.131431153709726	-0.31071234974327216
1.135625506196186	-0.31751847482977824
1.139825820956482	-0.32430081549106643
1.1440281938758672	-0.3310622965424425
1.1482546938060585	-0.337833149506824
1.1524855249658286	-0.34458894201115764
1.1567241937222408	-0.3513448437271132
1.1609745825066047	-0.3581005068686739
1.1652340668580796	-0.3648546864743362
1.1695031634653688	-0.3716093268866072
1.1737806763438523	-0.3783641131908991
1.1780660280424242	-0.3851185253458573
1.1823586983950896	-0.39187218100486615
1.1866566526156597	-0.3986233041125381
1.1909494323717398	-0.40536364468961267
1.1952393481694548	-0.4121056346560485
1.1995142733170499	-0.41883854266247894
1.20379552278296	-0.4255889292965479
1.20805013876724	-0.4323130986477184
1.2123071163130037	-0.4390536175406695
1.216574108160228	-0.44581374044039196
1.220841003903418	-0.4525757468616048
1.2251099611130272	-0.45934366294019274
1.229378534905256	-0.4661157855736057
1.2336474845739227	-0.47289173801564927
1.237916381402765	-0.47967026905645876
1.2421845864960495	-0.4864496268531381
1.2464497032724222	-0.49322681572348737
1.2507114149843561	-0.4999908958899688
1.2549649048689533	-0.5067424915870848
1.259229988306275	-0.5135021331998065
1.2634845693794858	-0.5202482190700973
1.2677430188189414	-0.527004557077511
1.2720052283216303	-0.5337647378832318
1.2762719012352557	-0.5405439665976441
1.2805272260261733	-0.5473375014726367
1.2847702248564554	-0.5541349913050445
1.2890083082084205	-0.5609405167391117
1.2932397257382755	-0.5677529015721355
1.2974637736157237	-0.5745699326410275
1.3016771241807064	-0.5813850528326056
1.3058791976591515	-0.5881845268773612
1.310075172057228	-0.594984464495609
1.3142761353844326	-0.6017936578653074
1.3184758844202162	-0.608617381710493
1.3226531507673425	-0.6154370565193046
1.3268244208233728	-0.6222703454231377
1.330985272317146	-0.6291075154758947
1.3351423125320583	-0.635952172781618
1.3392946974716713	-0.6428036030088896
1.3434429378803792	-0.6496618882073922
1.3475856550778587	-0.656523943096744
1.3517234991192553	-0.6633882325259004
1.3558530603910541	-0.6702476788417182
1.3599564207743666	-0.677068973280724
1.3640608947186423	-0.6839075663759193
1.368171522034967	-0.6907743283341995
1.372262674412319	-0.6976306777586673
1.3763443839975205	-0.7044976428366986
1.3804255489541395	-0.7113794518075194
1.3845006388460406	-0.7182653347204012
1.3885738906155372	-0.7251569365550805
1.392645049417269	-0.7320559298835545
1.3967113706301824	-0.7389582352663917
1.4007775062676726	-0.7458771588587136
1.4048301373140157	-0.7528031349469763
1.4088711908366156	-0.7597276983355762
1.4128947034988848	-0.7666407536719173
1.4169174192832452	-0.7735635303429235
1.4209288640927027	-0.7804841771521623
1.424930749771292	-0.787400486869645
1.428922165702547	-0.7943230185329644
1.4329125765921302	-0.8012565489510918
1.4368978815401583	-0.8081948404679944
1.440882874496574	-0.8151488539263207
1.4448571347030623	-0.8221133054896359
1.448821048752129	-0.8290819921419657
1.4527775536638017	-0.8360546974683531
1.4567272734514949	-0.8430326152699543
1.4606693241716	-0.850007266759634
1.4645960043836879	-0.8569694447875899
1.4685256487546245	-0.8639426720594419
1.4724471612763288	-0.8709124215488235
1.476364741982361	-0.8778800643041967
1.480271506987423	-0.8848503603885497
1.4841786841303857	-0.8918309742806065
1.4880811340591442	-0.8988167858005668
1.491981220770101	-0.9058079968045077
1.4958788664929756	-0.9128034228082295
1.4997752412342091	-0.9198039526030205
1.50366805048701	-0.9268057909945749
1.5075574317938005	-0.933807636903347
1.5114439251190146	-0.9408013896892575
1.5153188156881368	-0.9477776918960207
1.5191858477046025	-0.9547452471151936
1.523058138083595	-0.9617574092237445
1.5269125913700299	-0.9687750414740247
1.5307335081006064	-0.9757809396608959
1.534554384284435	-0.98281901366006
1.538364440647016	-0.9898659174467396
1.542165112427879	-0.9969220942172118
1.5459557202634424	-1.0039848780289764
1.5497389383351245	-1.0110567783511442
1.553509742750212	-1.0181280036181275
1.557270321617063	-1.0252053407219206
1.5610183905219355	-1.0322886698805058
1.564744356586246	-1.0393674478486217
1.5684658302735852	-1.046460634643257
1.5721743863140663	-1.0535580785021252
1.5758714637552402	-1.0606527947541826
1.579547594618884	-1.0677482101825055
1.5832204494354951	-1.0748643249792154
1.5868821191880171	-1.0819870223758619
1.5905363316201142	-1.0891179178051804
1.5941833728698498	-1.0962681140991968
1.5978130038340481	-1.103430413369208
1.6014226392228055	-1.1105912371738433
1.6050212247592082	-1.117755918827864
1.6086028764462454	-1.1249100437130157
1.6121748610180608	-1.1320723757674716
1.615739424219317	-1.1392433984634764
1.6192932614351179	-1.1464197111776058
1.6228375285071883	-1.1535918561879002
1.6263645702103557	-1.1607636643297328
1.6298885435885784	-1.167961570747616
1.6333962410390104	-1.1751713802595845
1.636888931779866	-1.1823876922714358
1.6403700529983993	-1.189613076220062
1.6438389635206485	-1.1968464993857897
1.6472936315884377	-1.2040824584925245
1.650737625055522	-1.2113170672989033
1.6541631085626067	-1.2185397044272561
1.6575856936579874	-1.2257771661202457
1.6609990132787327	-1.233019238800263
1.6644051913553306	-1.24026992284117
1.6678049041235812	-1.2475282994095056
1.6711807859420638	-1.2547836722796006
1.6745485574037082	-1.2620525304059897
1.6779035170801757	-1.2693304490203363
1.6812469611447116	-1.2766143438749853
1.6845809837955645	-1.283905957972428
1.687904700189253	-1.2912047971964884
1.691214811538748	-1.298502680516968
1.694515504805087	-1.3057930837000895
1.6977979955806828	-1.3130674133560942
1.701077936601965	-1.320361113115206
1.704351284149669	-1.3276767079258893
1.7076106485559992	-1.3349976862401853
1.7108583075356465	-1.3423209790215056
1.7140883526121753	-1.3496397680865133
1.7173024468339049	-1.3569621226015114
1.7205128310135007	-1.3642994380286775
1.7237151104291606	-1.3716450938667066
1.7269081007722746	-1.378997549003732
1.7300917549670434	-1.3863619154183013
1.7332580645901927	-1.3937273525185525
1.7364102039882223	-1.4010845463195016
1.7395459940632005	-1.408440678191416
1.7426783306637466	-1.4158117648059794
1.745799977717568	-1.4231875558968479
1.7489129226213824	-1.4305682384837657
1.752017394995272	-1.4379514766149757
1.7551111892331985	-1.4453307631206547
1.7581928938040665	-1.4527164574432982
1.7612690593834301	-1.4601170570683508
1.7643318112804716	-1.4675272333544667
1.7673814599512159	-1.474943347157215
1.770418397747792	-1.4823609438474032
1.7734448562928837	-1.4897798418264658
1.776459102099575	-1.4971879746266674
1.7794622982596704	-1.5045965718015928
1.7824627439477119	-1.5120200122973841
1.7854545485716613	-1.5194488625073426
1.7884391275285172	-1.5268841124176473
1.7914145972786617	-1.5343240926386155
1.7943737199700023	-1.5417601389287732
1.7973147881096094	-1.5492036868948105
1.8002473705669342	-1.556660955617367
1.8031687842180355	-1.56412639030252
1.8060780136481156	-1.5715960689735249
1.8089761710766066	-1.5790689327683314
1.811864736448525	-1.5865385299553252
1.8147390093190738	-1.5939930628953258
1.817611282942293	-1.6014607044432314
1.8204768613034155	-1.608938636105842
1.8233328553478658	-1.6164240254058055
1.8261788053022825	-1.6239141935545796
1.829015172447894	-1.6314076545144265
1.8318417546924748	-1.6388969511453115
1.8346521095157575	-1.6463866920925732
1.8374577774740704	-1.6538896458367598
1.8402533002545738	-1.6613986692401352
1.8430405178867055	-1.668912142955923
1.8458170956513835	-1.6764239060557329
1.8485862200341463	-1.6839288361193119
1.8513413249007167	-1.691418911669458
1.8540975692465436	-1.6989279395930201
1.8568482133218687	-1.7064432072066822
1.859594108501453	-1.7139642990754185
1.8623344753004654	-1.721489256072425
1.8650689946848766	-1.7290164811760533
1.8677995592414731	-1.73654114964353
1.8705170608556825	-1.744063471508565
1.8732322796271355	-1.7515968305672258
1.8759403489184876	-1.7591329366444406
1.8786433890441856	-1.7666713909649037
1.8813400542614982	-1.774208745103988
1.8840329035079093	-1.7817366472247673
1.8867151811528287	-1.7892488896142156
1.8894033905800964	-1.7967814882867703
1.8920880596053045	-1.8043172195425634
1.894771054104616	-1.8118568838603344
1.8974518486364456	-1.8193994749211677
1.9001301684074032	-1.8269436557006908
1.9028087608375437	-1.8344870389535122
1.9054768438924599	-1.8420256819950016
1.9081448147597302	-1.8495739358256997
1.9108077207290362	-1.8571244084807466
1.91346653095204	-1.8646766021303904
1.9161202451540136	-1.872227188183202
1.9187719464838042	-1.8797674137360412
1.921415286048445	-1.887293399201457
1.9240664857608232	-1.8948398118257466
1.9267150131258661	-1.902386758865542
1.929363710574165	-1.9099356615888843
1.9320128114012147	-1.9174878320328022
1.9346606038016765	-1.925041502368318
1.937308027920858	-1.9325926574956822
1.9399446279967287	-1.940137371609359
1.9425840125020493	-1.9476952181315155
1.9452187375337675	-1.9552539950653267
1.947850696382109	-1.9628135023446434
1.9504787935745402	-1.970370698446502
1.9531052869216632	-1.9779147504898473
1.9557247306379377	-1.9854459636638724
1.958352999724592	-1.9929999054824425
1.960978878502646	-2.000554912119853
1.963604719794248	-2.0081129260157904
1.9662300177448533	-2.015673160232955
1.9688545795196162	-2.023234006673953
1.9714811111441335	-2.030791891834477
1.9740996358831995	-2.0383445347204248
1.9767209584441476	-2.04590767198243
1.9793388054575372	-2.053471398201609
1.9819547686527608	-2.0610341774019685
1.9845684932030065	-2.068593881861485
1.9871820741848703	-2.0761387046097433
1.9897912067483259	-2.0836724950126486
1.992410994740786	-2.0912281890000104
1.9950299552645518	-2.0987835185891406
1.9976508468521037	-2.1063415332893283
2.0002725972975237	-2.113901681033203
2.0028949486298138	-2.121462056966702
2.005520455927186	-2.1290190498743957
2.0081391202047283	-2.1365712402400705
2.010761122692567	-2.1441330664658587
2.0133807711730265	-2.151695706308753
2.015998912966055	-2.1592574733799736
2.0186149108441045	-2.166815536460274
2.0212304691726177	-2.1743570721440517
2.0238426629076267	-2.181889076599257
2.026465170046209	-2.1894425832320885
2.0290874544210498	-2.196997145239574
2.0317113712867756	-2.204553427295085
2.034336874306827	-2.2121112058112287
2.0369643464861786	-2.2196689056795074
2.039595811270736	-2.2272225342527596
2.04222121947868	-2.234770774283426
2.0448515851158806	-2.2423278365037738
2.0474810279247238	-2.2498853893711805
2.0501105208201085	-2.2574419613298016
2.052738976598463	-2.264994675302415
2.055368121378768	-2.2725307751743937
2.057995664133255	-2.2800582411767163
2.0606347576090727	-2.2875976928246184
2.063278387163077	-2.295128387899889
2.065861205509364	-2.302458755760764
2.068362569188695	-2.3095080566116026
2.070798028561572	-2.3162846178487446
2.073193830255066	-2.32280728610716
2.0755680504654817	-2.3290876063972186
2.0779306675298215	-2.335098495281173
2.080279077029024	-2.3408235623717095
2.082608739560219	-2.3462529179563103
2.0849111126834132	-2.3513841746817334
2.087175598739475	-2.3562212417197737
2.089393931190925	-2.3607710183944612
2.0915552078508064	-2.365044466336008
2.093649179217577	-2.369054105349611
2.09566609364621	-2.3728130114913064
2.097596795864848	-2.3763338256788873
2.0994327027343775	-2.3796279692775864
2.101165740557807	-2.3827050236264786
2.102788311556208	-2.385572322106272
2.104293540531341	-2.388235753786634
2.105675926449435	-2.39069880943067
2.1069311223922784	-2.392964612639492
2.1080563008221893	-2.395034796459892
2.1090498644547204	-2.3969097184931027
2.1099117018636817	-2.398588502794225
2.1106565485730138	-2.400095521537852
2.1113428939292924	-2.4015455991800176
2.1119879716050063	-2.4029649268773228
2.1125845170260975	-2.404327186046721
2.113129256324104	-2.405616111657015
2.113628293110767	-2.4068384322955185
2.1140819346599695	-2.407986034827453
2.1144881768972694	-2.4090452887406264
2.1148518586785325	-2.4100215337632247
2.115177655054726	-2.4109201480176283
2.1154633388944664	-2.4117268851711646
2.1157130522926835	-2.4124479065078486
2.1159259944171938	-2.413074088643171
2.1161074384321785	-2.413616239617507
2.1162656567395604	-2.4140958029450053
2.11639318737745	-2.4144845232627277
2.1164896778754394	-2.414779860428837
2.116549823348308	-2.4149632390032876
2.1165839473924875	-2.4150598109943044
2.1165861555370986	-2.415072493136036
2.11658477714601	-2.4150675765922704
2.1165841603967146	-2.4150688435467442
2.116583241910912	-2.4150682745501584
2.116581984858941	-2.4150673176671704
2.1165804596743603	-2.415065844946926
2.1165789229653194	-2.415064552171204
2.1165772233153493	-2.415063662579389
2.1165755551334926	-2.4150629061102435
2.1165737701903864	-2.4150618604642897
2.1165718710140755	-2.415059323635118
2.1165698870752276	-2.415055601033303
2.116568359137134	-2.415051952531784
2.1165667950508547	-2.4150483684514072
2.1165651180192198	-2.4150443577270773
2.1165654411193664	-2.415044931094435
2.116565495914844	-2.4150465213468317
2.1165655714562943	-2.415047302370383
2.1165656606870833	-2.4150482067720143
2.1165657556188395	-2.415049086575437
2.116565864363165	-2.4150500544622373
2.1165660938346016	-2.415051265713366
2.1165663810340023	-2.4150526308411338
2.116566611747417	-2.4150539245871694
2.1165667070891208	-2.4150547417585817
2.116567617848926	-2.4150572530463816
2.1165683280598317	-2.41505998358282
2.116569078264422	-2.4150624586378573
2.1165698306635767	-2.4150650020269695
2.116570650773741	-2.415067668479566
2.1165715256133515	-2.4150704553390887
2.1165723978916353	-2.415073255227739
2.1165732244283384	-2.4150759974282865
2.116574139246106	-2.4150788766998756
2.1165750563892334	-2.415081795289403
2.116575892592734	-2.4150846224809386
2.11657720544792	-2.415088267942224
2.1165783969357146	-2.4150918494151488
2.1165795698270538	-2.4150953732389797
2.116580758430022	-2.41509892517269
2.116581995746355	-2.415102561217095
2.1165832196451557	-2.4151062053467385
2.1165844974017616	-2.415109930230101
2.1165857534129007	-2.415113655553462
2.1165870021020217	-2.415117426062753
2.116588758342245	-2.415122040054983
2.1165903817649467	-2.4151266018342263
2.116592021668374	-2.4151311565409808
2.116593706404432	-2.41513576170898
2.116595248890402	-2.4151401840763635
2.11659688365236	-2.4151446891414614
2.116598497674283	-2.4151492056178103
2.11660015481088	-2.41515378534021
2.1166018388892973	-2.4151584201428373
2.116603446264861	-2.415163012315864
2.1166054794128226	-2.4151682279798683
2.116607378139718	-2.4151733851020145
2.1166092697295626	-2.415178495043516
2.116611175294958	-2.415183624159323
2.1166131000535753	-2.4151887867475748
2.116615019543786	-2.415193957335215
2.1166169841897813	-2.415199196542673
2.1166189556254946	-2.4152044574015163
2.1166209257453446	-2.415209721395346
2.116622887975778	-2.415214989591695
2.1166249263771983	-2.4152203815436333
2.116627032841818	-2.4152258962267132
2.1166291281918497	-2.415231416241829
2.1166311757260172	-2.4152368719418185
2.1166332595501105	-2.4152423655443327
2.116635365768792	-2.415247898630874
2.1166374627871374	-2.4152534396772483
2.116639595045542	-2.4152590204559474
2.116641719765641	-2.415264610476169
2.116643820693324	-2.415270195512266
2.116646183180924	-2.4152761544435624
2.1166484975591526	-2.4152821298787677
2.1166507507388066	-2.415288022930787
2.116653033515666	-2.415293928175425
2.1166553556933123	-2.4152999005423963
2.1166576696867585	-2.4153058762764514
2.1166599786273053	-2.415311842329018
2.1166622998638673	-2.4153178334366836
2.1166646663774764	-2.415323883557956
2.1166669863880103	-2.415329901586195
2.116669361767683	-2.4153359758320425
2.1166717397036927	-2.4153420695811363
2.1166741148793764	-2.4153481706220106
2.116676501405504	-2.415354277460233
2.116678887599046	-2.4153603943085016
2.1166812769242704	-2.415366515404171
2.1166836654278645	-2.41537264400829
2.1166860992442627	-2.4153788279855566
2.1166885190671847	-2.4153850175505176
2.1166909173794486	-2.415391196324484
2.1166936389072815	-2.415397739741265
2.116696236143848	-2.415404246138041
2.116698861480671	-2.4154107696651885
2.1167014089540115	-2.4154172296022316
2.1167039776798235	-2.415423705577758
2.1167065488628887	-2.4154301878970106
2.116709123535047	-2.4154366762782566
2.116711699791877	-2.415443169793037
2.1167143053857607	-2.41544969091651
2.116716905412979	-2.415456212151969
2.1167195716221823	-2.415462789298805
2.1167222211496273	-2.415469358064738
2.116724867483758	-2.4154759246554165
2.116727516715668	-2.4154824960054784
2.116730198798103	-2.4154890913308273
2.116732873687104	-2.4154956888670034
2.1167355515803767	-2.415502290433551
2.1167382289936674	-2.4155088944009067
2.116740913157464	-2.4155155040366987
2.116743598574586	-2.415522117429367
2.116746297857842	-2.4155287348580305
2.116749115611701	-2.4155354169659136
2.1167518707594253	-2.415542091048547
2.1167546335493026	-2.4155487973279
2.116757306388749	-2.4155554842832307
2.116760066498627	-2.415562178900852
2.1167628873462117	-2.415568947527741
2.116765685457889	-2.4155757683962116
2.1167684631920327	-2.4155825674832294
2.116771260591786	-2.4155893885427933
2.1167739415001448	-2.4155961073145233
2.116776748563282	-2.415602887020732
2.116779590028117	-2.4156097072366594
2.116782430496732	-2.4156165556344624
2.11678522285512	-2.4156233818373174
2.116788076883807	-2.415630236262514
2.116790917481646	-2.4156370962118587
2.1167937710892537	-2.4156439715177727
2.116796621700047	-2.4156508550841296
2.1167994747536225	-2.4156577445267917
2.116802362749947	-2.415664591174271
2.1168059238661248	-2.4156716561965847
2.116808975810382	-2.4156788265707063
2.1168118804890765	-2.41568591939277
2.1168150450367156	-2.41569306721122
2.1168182726420675	-2.415700238335234
2.116821456669631	-2.415707434169595
2.116824619036843	-2.4157146581351188
2.1168277817347945	-2.4157219082636643
2.1168309120573916	-2.415729182590063
2.116833857279849	-2.4157363954674858
2.1168369458822665	-2.415743586616087
2.116840155184719	-2.415750815271374
2.1168433155870545	-2.415758064861822
2.116846437932133	-2.415765326877921
2.1168495836686234	-2.4157725976360718
2.116852743375779	-2.4157798772334598
2.1168559070032087	-2.4157871679288814
2.116859082568914	-2.4157944498717345
2.1168624008770633	-2.415801791048321
2.1168657944818183	-2.41580923173234
2.1168691142786797	-2.415816716308426
2.116872299018583	-2.4158241114395156
2.116875513690353	-2.4158315308326235
2.116878901236428	-2.415839018601517
2.1168822424980407	-2.4158465086487495
2.116885568915689	-2.415854029487336
2.1168888983209557	-2.4158615630107847
2.1168922280029268	-2.4158691233472744
2.1168954798605517	-2.4158766122688116
2.116898738081967	-2.4158841301272704
2.116902046182955	-2.415891615392046
2.1169055222682283	-2.4158992093500116
2.1169088880703977	-2.415906818205496
2.1169122642294544	-2.415914444332682
2.1169156201065116	-2.4159220478350867
2.116918980000206	-2.415929669121813
2.1169223616599098	-2.4159373024945645
2.116925753203888	-2.415944944468093
2.11692914427547	-2.4159525959102113
2.1169325296807093	-2.415960248361437
2.1169359199894737	-2.4159679099067297
2.116939329508273	-2.4159755913306067
2.116942743759777	-2.4159832780190813
2.116946155873108	-2.4159909722719197
2.1169495695842646	-2.415998674324944
2.1169529879749187	-2.4160063839699277
2.116956411047403	-2.4160141007764566
2.1169598192173305	-2.4160218140580665
2.1169629380014556	-2.4160295087780885
2.1169652379027655	-2.416037147633783
2.1169679351284327	-2.4160444650885444
2.1169707837727416	-2.416051636082186
2.1169738318749167	-2.4160587345098854
2.1169769383107977	-2.416065835783895
2.1169800598035717	-2.416072952368328
2.116983186310445	-2.416080084142193
2.116986319884759	-2.4160872301915535
2.1169894602035706	-2.4160943900199965
2.1169926010279987	-2.4161015496146896
2.1169958317717956	-2.4161087832658095
2.116999031276463	-2.416116029266595
2.117002247251992	-2.4161232954412775
2.1170054397816376	-2.4161305539983844
2.1170086501987324	-2.4161378219443415
2.1170118925524526	-2.4161451233479454
2.117015129550558	-2.416152440886375
2.117018345969668	-2.416159749347024
2.117021580818707	-2.4161670696548856
2.11702484434005	-2.4161744261758256
2.1170283060032964	-2.4161817340467993
2.117031477893811	-2.4161891352276212
2.1170347672372816	-2.416196513499479
2.1170380067426455	-2.4162039061940326
2.117041062801526	-2.4162113002891155
2.117044181342113	-2.4162186364258376
2.117047371700076	-2.416225948102921
2.1170505790066567	-2.4162332671544737
2.117053789954071	-2.416240590497312
2.1170569805194264	-2.41624786861634
2.117060455790481	-2.4162553894976324
2.1170638155604293	-2.4162629094609303
2.117067134240697	-2.4162703858226937
2.117070489480857	-2.416277876942327
2.1170738501447235	-2.416285385396394
2.1170772125164805	-2.4162929049828348
2.1170805727744564	-2.4163004390990497
2.1170839338149725	-2.4163079764293336
2.1170872951307547	-2.416315515447037
2.1170906652496595	-2.416323072752426
2.117093970381728	-2.4163305657443543
2.117097304887845	-2.4163380724131636
2.1171006347687955	-2.416345571716072
2.1171039985316287	-2.4163531059952463
2.117107349073384	-2.4163606366957855
2.117110702529314	-2.416368171879667
2.1171140500284062	-2.416375702058782
2.1171174014956478	-2.41638323529288
2.1171207536209447	-2.4163907701524203
2.11712412735279	-2.4163983530821285
2.1171273437738214	-2.4164057169257585
2.117130739836623	-2.416413304726359
2.1171340874374533	-2.4164208323822556
2.1171374836511347	-2.416428413143074
2.1171408634432707	-2.4164359882622435
2.1171442485265723	-2.416443573061665
2.117147606413749	-2.416451129441735
2.11715097420717	-2.416458685876482
2.11715436842891	-2.416466272198349
2.117157758030732	-2.416473868980787
2.117161091123666	-2.4164814075559797
2.1171644515134664	-2.4164889602555375
2.117167797176542	-2.416496499254116
2.117171146036091	-2.4165040347474833
2.117174524003715	-2.416511600094514
2.1171778899093483	-2.4165191614646093
2.1171812591203314	-2.416526728500995
2.117184612975772	-2.41653428064586
2.1171879756811753	-2.416541839690515
2.1171913220792957	-2.416549379018844
2.117194705074129	-2.4165569522207817
2.1171980767030174	-2.4165645246555427
2.117201433398935	-2.4165720823276007
2.1172047978512287	-2.4165796439085834
2.1172081621975383	-2.416587205977861
2.117211525287577	-2.4165947650893007
2.117214905310859	-2.4166023416646727
2.1172182786762916	-2.4166099162968226
2.1172216548814147	-2.416617496252301
2.117225047747826	-2.416625120390477
2.117228679136664	-2.4166325916694893
2.1172321132070486	-2.4166401798823887
2.117235131100074	-2.4166478120876853
2.117238281669358	-2.416655321719811
2.1172415388803407	-2.41666277983277
2.1172448195697817	-2.416670236685964
2.117248098850225	-2.416677698050112
2.1172513987312236	-2.4166851591222085
2.1172546607367324	-2.4166926058346196
2.117257961782943	-2.4167000279592514
2.1172617040668174	-2.4167080216185775
2.1172652602423425	-2.4167159698146903
2.1172686795462234	-2.416723713494191
2.117272165372486	-2.416731476880105
2.1172756877714174	-2.4167392965707064
2.1172792049598574	-2.416747134223836
2.117282683105781	-2.4167549223400013
2.117286177680236	-2.4167627173238118
2.1172896772493397	-2.4167705215003825
2.117293157023163	-2.4167782896341836
2.1172967892237704	-2.4167862752526785
2.117300378878984	-2.416794286589377
2.1173037434722484	-2.4168019805553556
2.117307216189121	-2.4168097235309935
2.1173106456659503	-2.416817415033293
2.117314090500083	-2.416825113629058
2.1173175302975262	-2.41683280383469
2.1173209922044314	-2.4168405142830465
2.117324561815563	-2.4168483956083695
2.1173280505421785	-2.416856218902397
2.117331556835492	-2.4168640597255258
2.117334961437242	-2.4168717552520365
2.1173384093669987	-2.4168794589466307
2.1173418981627887	-2.416887222461281
2.117345368520572	-2.4168949849529078
2.117348813056668	-2.416902711313696
2.1173522667224307	-2.416910436417603
2.117355731381377	-2.416918176305048
2.1173591905472198	-2.4169259144295494
2.1173626672062786	-2.4169336904482708
2.1173659874117003	-2.4169412759053674
2.117369371437388	-2.416948864761475
2.1173728097521733	-2.416956509878536
2.11737630598435	-2.4169642630495565
2.1173797591526387	-2.4169720031447937
2.11738315831026	-2.4169796599616027
2.1173866147231015	-2.416987366253572
2.1173900510599037	-2.4169950584198983
2.117393518335649	-2.41700279210259
2.117396981056456	-2.4170105413190037
2.117400358624628	-2.4170181785191516
2.1174037743404823	-2.417025822701313
2.1174072043095955	-2.417033487526286
2.117410626754435	-2.417041151026839
2.1174140431798043	-2.4170488060853113
2.1174174631261207	-2.4170564626491307
2.1174208828641468	-2.4170641193147784
2.1174243024132577	-2.41707177559785
2.1174277254108813	-2.4170794366997668
2.1174311380526705	-2.4170870779376257
2.1174346340187635	-2.417094832589161
2.117438092831791	-2.4171025774125376
2.117441533925113	-2.4171102958516837
2.117444985019592	-2.417118017239679
2.11744843747284	-2.417125741240928
2.117451888724118	-2.417133465095016
2.1174553386394983	-2.4171411871053214
2.1174587891062897	-2.4171489092740126
2.1174622392445954	-2.4171566309676664
2.1174657268033648	-2.4171644344475136
2.117469001913829	-2.4171719191291956
2.1174722378621316	-2.4171794491829908
2.117475490828167	-2.417186917117076
2.1174788755418934	-2.4171944764820084
2.117482212729679	-2.4172020258341034
2.1174855307218037	-2.417209555377426
2.1174888585065057	-2.4172170872475522
2.117492196814347	-2.417224629597425
2.1174955302693674	-2.4172321701373245
2.1174988563676806	-2.417239693109061
2.117502259165347	-2.417247292321779
2.1175056283145723	-2.4172548772044764
2.117509002085506	-2.417262467962881
2.117512366456913	-2.417270049309117
2.117515735767558	-2.4172776336399453
2.117519104704078	-2.4172852179654467
2.117522474324351	-2.417292803220968
2.117525844424982	-2.4173003893031737
2.1175292150218175	-2.417307976229775
2.1175325531160945	-2.417315490157522
2.1175361861536923	-2.4173233712137607
2.117539705660606	-2.417331231444444
2.117543123711872	-2.4173389514943153
2.1175465950307455	-2.4173466929944096
2.117550055820226	-2.417354420803337
2.1175535550269453	-2.417362201755628
2.117557036086104	-2.4173699765528838
2.117560519260173	-2.4173777537303502
2.1175640027919327	-2.417385531864616
2.117567489763153	-2.417393318639858
2.1175709433035235	-2.4174010606428076
2.117574410332869	-2.4174088035535974
2.1175778978662305	-2.4174165756269264
2.117581374571046	-2.4174243440364163
2.1175848528410905	-2.4174321145217883
2.1175883295576154	-2.417439884730912
2.1175917853309683	-2.4174476203014392
2.1175953008202164	-2.4174554299684257
2.1175987905228912	-2.4174632292819775
2.117602313346402	-2.4174710996543043
2.1176055507964158	-2.417478640940873
2.1176089200173998	-2.4174862253338274
2.117612259677687	-2.4174937596044916
2.1176157529869744	-2.4175014616050934
2.1176191816393364	-2.4175091411324483
2.117622557938083	-2.4175167634187678
2.117625962566742	-2.417524396547959
2.117629361789518	-2.417532021163307
2.1176327860934325	-2.4175396727150225
2.1176361896861855	-2.4175472984552417
2.1176396792555914	-2.417555030372094
2.1176431284842727	-2.4175627442897136
2.1176465826954263	-2.4175704631949184
2.1176500380594736	-2.4175781846631277
2.1176534831142715	-2.4175858925303024
2.1176569332259367	-2.4175936026880156
2.117660382783886	-2.4176013126304685
2.1176638324107495	-2.417609022913311
2.1176672820878513	-2.4176167334447007
2.117670731799741	-2.417624444194443
2.117674181538128	-2.417632155134462
2.1176776312966585	-2.4176398662365517
2.1176810810678495	-2.417647577473965
2.117684530844967	-2.4176552888218312
2.117687982773273	-2.4176630050410037
2.1176914157468323	-2.41767069572899
2.1176948578937282	-2.417678390018778
2.117698297033535	-2.4176860791513013
2.117701753276167	-2.417693791580476
2.1177052042044493	-2.417701507266389
2.1177086379646055	-2.4177092070974964
2.117712020220621	-2.417716840842417
2.117715431733696	-2.417724485929314
2.1177188369930113	-2.4177321215303165
2.1177222680717858	-2.41773978485627
2.1177256873837242	-2.4177474431447568
2.1177291104117693	-2.4177551081199313
2.11773251314706	-2.417762751380871
2.117735923164834	-2.417770393640734
2.1177393527043984	-2.4177780569298917
2.117742772913602	-2.417785716291781
2.117746196611802	-2.4177933821238664
2.11774960010244	-2.4178010262957663
2.117753013191183	-2.417808674805649
2.117756423109984	-2.417816317267143
2.1177598535681135	-2.4178239818774854
2.1177632747365074	-2.4178316425119486
2.1177666994145166	-2.4178393096706903
2.1177701038652907	-2.4178469550845576
2.1177735154825847	-2.41785459938447
2.1177769354456095	-2.417862238313272
2.117780455314891	-2.4178700132106585
2.1177839076919756	-2.4178777439321393
2.117787374513562	-2.4178854841723885
2.11779084318482	-2.4178932297244984
2.1177942851424576	-2.4179009393675575
2.1177977400966834	-2.4179086544258706
2.1178011934117147	-2.4179163681119684
2.117804646359052	-2.417924081123323
2.1178080762051144	-2.4179317397120195
2.117811736348937	-2.4179397190933676
2.117815285114308	-2.4179476478702453
2.1178188557938062	-2.4179556083905127
2.1178223529115523	-2.417963464800311
2.1178258874578253	-2.417971345149222
2.1178293819599165	-2.4179791710522895
2.1178328915593476	-2.417987001965946
2.1178364072671627	-2.4179948421550086
2.1178399191313164	-2.4180026815199582
2.1178434439495395	-2.4180105546577875
2.117846804109543	-2.4180182138712514
2.1178502436510143	-2.41802589651402
2.1178536741589395	-2.418033570632396
2.117857101402715	-2.418041237880871
2.1178605577839527	-2.418048940137207
2.117863999844786	-2.418056635863856
2.1178674430055757	-2.4180643323396773
2.1178708860433386	-2.4180720276337295
2.117874327605455	-2.41807971547277
2.1178778047657714	-2.418087441466093
2.117881378647286	-2.418095324605875
2.117884899115467	-2.4181031900210077
2.1178884026121754	-2.418111028292901
2.1178919166113146	-2.4181188701069147
2.1178954278740107	-2.418126708159171
2.117898943411361	-2.418134552158409
2.1179024670630437	-2.418142418393198
2.117905896356805	-2.4181501559269174
2.1179093714664643	-2.418157912752066
2.1179128450749034	-2.4181656742195026
2.1179162960889415	-2.4181734236396895
2.117919593042104	-2.4181809925007007
2.1179229604069096	-2.418188569107742
2.1179264088095295	-2.418196229582642
2.117929813241542	-2.418203866998614
2.117933232793875	-2.4182115204285903
2.1179366478459785	-2.4182191716222294
2.117940063027916	-2.4182268229872435
2.1179434785805795	-2.418234474574081
2.117946894353361	-2.4182421264198632
2.117950310220223	-2.418249778417524
2.117953726241719	-2.4182574306012845
2.1179571424142583	-2.418265082969308
2.117960558740072	-2.4182727355263296
2.117963975221571	-2.4182803882766475
2.117967391861001	-2.4182880412243333
2.1179708086612754	-2.418295694373724
2.117974225624061	-2.4183033477287803
2.117977642751349	-2.418311001293086
2.11798104878683	-2.4183186295867136
2.117984551084878	-2.418326374196109
2.1179880061158305	-2.4183340963248767
2.1179914642679925	-2.41834182059098
2.1179949241326685	-2.418349545460263
2.1179983814274252	-2.418357267135853
2.1180018397771425	-2.4183649892714127
2.118005297898814	-2.418372711196948
2.118008755948968	-2.4183804330568854
2.118012213915084	-2.4183881548029653
2.1180156401609125	-2.4183958057671657
2.118019322425064	-2.4184038061202777
2.118022918674121	-2.4184118050203565
2.118026520859731	-2.418419831555772
2.118030049374063	-2.4184277526744404
2.1180336108454054	-2.418435685437623
2.1180371773275866	-2.418443625923507
2.1180407467249647	-2.418451577198619
2.1180443006087915	-2.4184595097798303
2.1180478580663293	-2.4184674407315825
2.1180514773082084	-2.418475500709486
2.11805465255481	-2.4184830319863098
2.118058039763027	-2.4184906367622423
2.1180614015185553	-2.418498215462342
2.118064744744457	-2.4185057536221923
2.1180682417263164	-2.4185134573003895
2.1180716671664177	-2.4185211280188956
2.1180750684187055	-2.4185287715284502
2.1180784860536632	-2.418536420906024
2.118081905239696	-2.4185440721417466
2.1180853417327934	-2.4185517659458653
2.1180886185967824	-2.418559301320258
2.1180919698593463	-2.4185668636931608
2.118095343242198	-2.418574445957143
2.118098702627285	-2.418582025646228
2.1181020499530425	-2.4185895940562947
2.1181054028054667	-2.418597161864545
2.118108769095568	-2.418604742378925
2.1181121285746336	-2.418612320027404
2.1181154893220904	-2.418619899350503
2.1181188138785805	-2.4186273974183425
2.1181224306929085	-2.418635236150097
2.118125893374531	-2.418642975204372
2.118129459992769	-2.418650860572617
2.1181329107917057	-2.418658631406994
2.1181363022737596	-2.418666288856576
2.118139753850025	-2.4186739671173854
2.118143233793903	-2.418681683381179
2.118146768539324	-2.4186894998600357
2.1181502722860652	-2.418697315391772
2.11815375863844	-2.4187051272929447
2.118157066978107	-2.418712719058002
2.1181604580286066	-2.4187203229964758
2.118163907121145	-2.4187279835207054
2.1181673377651715	-2.4187356447424393
2.118170765453434	-2.4187433073362223
2.118174194590167	-2.418750971571334
2.118177621562091	-2.4187586335399778
2.1181810498039817	-2.4187662963111
2.1181844780592036	-2.41877395915275
2.118187906462316	-2.418781622219028
2.1181913346218213	-2.418789284602872
2.118194763357069	-2.418796944419294
2.1181982125695376	-2.4188046279404074
2.118201651208786	-2.4188123065763922
2.118205091445481	-2.4188199869868168
2.1182085317358466	-2.4188276673970512
2.1182119720856782	-2.41883534795965
2.1182154125068227	-2.4188430286438627
2.118218852988532	-2.4188507094259935
2.1182222839930263	-2.418858368554692
2.118225794526519	-2.4188661303054673
2.1182292640123443	-2.4188738733300355
2.1182327407177497	-2.4188816249644334
2.118236207395901	-2.418889362511507
2.1182396786105304	-2.4188971019752357
2.1182431488644706	-2.4189048403179143
2.1182466187364017	-2.4189125779486838
2.1182500900192274	-2.4189203173765867
2.1182535602302557	-2.4189280559968425
2.1182570397637455	-2.4189358157256597
