1.9424371316865414	-2.313509943620737
1.9361649248618906	-2.3085402091817495
1.9298976659871885	-2.303576302363393
1.923637346406743	-2.29862127612431
1.917385716207729	-2.2936689680063505
1.911116565791596	-2.28870393431592
1.9048487457099403	-2.2837361922256347
1.8985798249752794	-2.278764669562492
1.8923093729988636	-2.2737891166073236
1.8860330151173872	-2.2688046767469214
1.879765791981653	-2.2638162405404265
1.8735143212815892	-2.258827361267309
1.8672842749905112	-2.253837449263028
1.8610483434518066	-2.2488278561621824
1.854811788246462	-2.243807982898514
1.8485798933368245	-2.2387865096453012
1.8423593605121167	-2.233769553842773
1.8361450819650753	-2.228748952311618
1.8299257261747213	-2.2237200046709646
1.8237113883847924	-2.218691858568954
1.8174927817575048	-2.213662464210708
1.8112705621016825	-2.2086308042707112
1.8050452757987343	-2.203595694993295
1.7988213241283109	-2.198559144316188
1.79259883058593	-2.1935248353373806
1.7863942325980857	-2.188494430781757
1.7801822226428838	-2.1834506996775738
1.7739719346103215	-2.1784031025238106
1.7677598360935498	-2.1733513683207466
1.761549178110598	-2.1683011754130317
1.7553549664726598	-2.1632658472160964
1.7491500089346166	-2.1582244449805685
1.742944795882148	-2.1531823758948154
1.7367371463997345	-2.1481389706789535
1.7305256527281843	-2.143092709624633
1.7243122629825876	-2.1380439543635927
1.718099366137242	-2.1329939732444148
1.7118885835004396	-2.1279472719165127
1.705710663817852	-2.122917520176007
1.6996439013771933	-2.117981364871626
1.6935969344150454	-2.1130758069803557
1.6874845654891228	-2.1081547958363474
1.6813732842779887	-2.1032727695749087
1.675244663628758	-2.098397010459768
1.669056544544229	-2.09349277442517
1.6627964715488162	-2.088541306438746
1.6565235877022346	-2.0835853308385577
1.650245174265175	-2.078628257015555
1.6439605176147922	-2.0736676703085117
1.637675457003751	-2.068704647777401
1.631397808754665	-2.063740525315478
1.625141020023524	-2.0587778541399366
1.6188750260209195	-2.0537975089570066
1.6126118568785934	-2.048810546858452
1.6063532531910303	-2.0438207974367533
1.6001056444081632	-2.038835383227335
1.5938653221238719	-2.0338465582744436
1.587619311282553	-2.0288478569895076
1.581379301383708	-2.0238465603955613
1.5751427888912541	-2.0188510258009202
1.568897287224535	-2.013857333716808
1.5626454566229817	-2.0088637644634604
1.5563889894580691	-2.0038698108989585
1.5501338028567107	-1.9988826815465446
1.5438935322100427	-1.9938993187185545
1.5376415495630718	-1.9889051005517122
1.5313910639362545	-1.9839085528893758
1.5251446155255963	-1.9789138866878553
1.5188984482594656	-1.9739199429659033
1.5126308241327795	-1.9689185869615795
1.5064342423829828	-1.9640059358791162
1.5001845372337492	-1.9590804820732288
1.4939037978331484	-1.954148938492164
1.4876124178114856	-1.949223036210119
1.481310930851472	-1.9443005567243552
1.475003665325537	-1.9393817487569607
1.4686951158642843	-1.93447228963829
1.462395282358051	-1.9295673635138126
1.456085078410024	-1.9246590684066363
1.4497925012306772	-1.9197803913798863
1.4434870424550765	-1.914934989765305
1.4371704711988489	-1.910128629305942
1.4308524504212727	-1.9053584369780583
1.4244949628564705	-1.900594721953402
1.4181003243377073	-1.8958282682520091
1.4116933175450004	-1.891073920499861
1.4052722992119557	-1.8863319907565053
1.398835199290577	-1.8815967900029293
1.3924104614499115	-1.8768866218549756
1.3860975078519944	-1.872278718712571
1.3797271959131112	-1.8676550668797656
1.3732690445988212	-1.86295187761766
1.3667929039292028	-1.8582106392199313
1.360333437365193	-1.8534572084412217
1.3538849204845744	-1.8486958664311
1.3474605619154216	-1.8439267228500706
1.341038653621533	-1.8391410983030752
1.3346249561244583	-1.8343432974560727
1.3282139792344583	-1.8295303479737945
1.3218027947021684	-1.824687381221789
1.3154132690870832	-1.81982173876502
1.3090378974915762	-1.814937538002458
1.3026897696414947	-1.8100436878590511
1.2963631880814983	-1.8051306091028554
1.2900378903830492	-1.800186478757114
1.283727978415006	-1.7952239026476076
1.2774384593577714	-1.7902535108608446
1.2711648715470234	-1.7852745532891814
1.2649092996792186	-1.7802863234456041
1.2586673721746207	-1.7753009657817789
1.2524185618403902	-1.7703172232178241
1.2461633059800998	-1.7653297105809438
1.2399059435072441	-1.7603375388189837
1.2336493703667568	-1.7553430508438486
1.2273913595707033	-1.7503465379856302
1.2211393025691946	-1.7453538645145246
1.214897465291992	-1.7403577078023045
1.2086483704926883	-1.7353500164600941
1.2024060120010216	-1.7303382805023269
1.1961633995510044	-1.7253165703960867
1.1899358612156425	-1.720295294128641
1.183718823124226	-1.7152665308456847
1.1775017317739869	-1.7102259670666322
1.1712894024333529	-1.7051763001747842
1.1650796933060454	-1.7001175590862467
1.1588729512798754	-1.6950495308642979
1.152670758250894	-1.6899731175362938
1.1464745204342153	-1.6848901114375312
1.1402895348841444	-1.6798070494071191
1.1341196386835493	-1.674715012807463
1.1279458056135463	-1.6696003929966814
1.121776014640076	-1.6644556979608982
1.115622663901434	-1.6592877586686463
1.1094944820780381	-1.6540997479543391
1.103396160334251	-1.6489064121251855
1.0973076460117166	-1.6436944026851226
1.0912291641562362	-1.6384668986483562
1.0851601713124517	-1.6332222487933235
1.0791247843808032	-1.6279818999532962
1.0731707558875803	-1.6227835366435543
1.0671411131294954	-1.6174804735095214
1.0611245403842544	-1.6121326052656864
1.0551659833715867	-1.6067760541884926
1.0492479095606104	-1.6014043441730297
1.0433270901243261	-1.5959880856872128
1.0374198877858014	-1.5905509558105775
1.0315485981269803	-1.585103732015631
1.0256895850761227	-1.5796350003408177
1.019846783680707	-1.5741539617743077
1.0140218974493005	-1.5686785347246386
1.0081922302322686	-1.5632028633130421
1.0023582885974658	-1.5577257186622044
0.996519208134612	-1.5522446967814731
0.9906778062345692	-1.5467572052638736
0.9848413109448393	-1.5412670431790823
0.9790244967540309	-1.5357833265884118
0.9732152349162021	-1.5302935253539725
0.9674021653718474	-1.524793180188765
0.961607124225164	-1.519306360139168
0.9558599482034693	-1.5138558828157538
0.9500860965053313	-1.5083872459991523
0.9442820694228821	-1.502919342566155
0.9384639022285712	-1.497460120487944
0.9326279654737974	-1.4919996966096465
0.9267852421731636	-1.4865426553546826
0.9209342722493215	-1.4810895256880077
0.915075429228697	-1.4756382790320322
0.9092116165146686	-1.4701914405860563
0.9033635034420756	-1.4647624562157315
0.8975700387158393	-1.4593954166727205
0.891777051616815	-1.454060965700211
0.88592630125534	-1.4487367814355434
0.8800546240892856	-1.4434619653465885
0.8741405077067123	-1.438210454667274
0.8681702119695476	-1.4329571006930812
0.8621724712782193	-1.4277234715301286
0.8561489224840936	-1.4225079330474582
0.850104048614996	-1.4173121897193692
0.8440308837022803	-1.4121309310330923
0.8379399899291471	-1.4069601726208207
0.8317690560634999	-1.4017228625075886
0.8255758194950288	-1.3964330480769058
0.8194864504790867	-1.3911805144993519
0.8134195536378286	-1.3859013340216932
0.8073842895431173	-1.380612058133184
0.8013766088709448	-1.3753021422244123
0.7953828557471606	-1.3699706801043217
0.7894077806515787	-1.364621349933026
0.7834458900405387	-1.3592523923054964
0.7775074057128488	-1.35387618186165
0.7716149914554024	-1.3485271313251084
0.7656892383650701	-1.3431513974933038
0.7597547077751132	-1.337773857518578
0.7538237637704307	-1.3324055417003382
0.7479075774987195	-1.3270406846029714
0.7419830914502532	-1.3216627200221391
0.7360641037967172	-1.3162853523044908
0.7301522807208397	-1.3109156749672783
0.7242517625667192	-1.3055501281663673
0.7183314628611719	-1.3001811571014668
0.7124081655297384	-1.2948683812561474
0.7064649606556553	-1.2896236167843098
0.7004752172212867	-1.284417102550175
0.6944411714897327	-1.279242121220063
0.688372110083489	-1.2740977255148678
0.6822654105877951	-1.2689764175702243
0.6761194661747935	-1.263876566526029
0.6699679876902199	-1.2588121058526618
0.6637979877404899	-1.2537703457977247
0.6576181756968528	-1.248768790663234
0.6513713653777624	-1.2437952289676506
0.6450292916679655	-1.2388574963494163
0.6386673442866789	-1.23403624115447
0.6323264135493948	-1.2293562291937312
0.6259236503484538	-1.224751121315377
0.6194593941214992	-1.2202155298407131
0.6129335173661817	-1.2157474597353755
0.6063364320379552	-1.2113283758509792
0.5997063305690526	-1.206975861086651
0.5930448144342318	-1.2026814044741938
0.5863107119430733	-1.1983991971621
0.579562271176647	-1.1941278966775433
0.572804604286654	-1.1898657943565736
0.5660408545178115	-1.185618647700043
0.5592634503964783	-1.181378573489702
0.55248268728896	-1.1771561937331094
0.5457136758033094	-1.1729571438135162
0.5389210672618667	-1.1687588199616197
0.5321181440163429	-1.164564893305422
0.5252823114249224	-1.1603486230928792
0.5183732163173925	-1.1560594231609411
0.5114477536723525	-1.1516925796801023
0.5046304518337335	-1.1473188865187705
0.4978816972902763	-1.1429164204376194
0.49115932450083594	-1.1384669772304226
0.4844672409499522	-1.1339734445649665
0.47780482198979285	-1.129439437425218
0.47116184938522376	-1.124861291004355
0.46453947437682186	-1.1202347139760744
0.45793543756895366	-1.1155828543055883
0.45135988378914665	-1.1109454280634028
0.44483626028959455	-1.106373282163672
0.43828769296331893	-1.1018152109188637
0.43171995706804284	-1.0972676995124588
0.4251335380841816	-1.0927197030804987
0.418560123688846	-1.0881842547839962
0.4119791274576519	-1.0836467043026932
0.4053924430292055	-1.0791132336502396
0.39880633038539126	-1.074582761837203
0.39222569056328965	-1.0700470720220532
0.3856859536555346	-1.065511794263917
0.3791612030514145	-1.060942538283425
0.3726101533728629	-1.0563156700366005
0.3660673567376557	-1.051657278768194
0.359542829949888	-1.0469749275163254
0.35303493221420645	-1.0422697593375607
0.3465407494882875	-1.0375444455530005
0.34007129445963935	-1.032802031873568
0.33362458457072425	-1.028033974349727
0.32718866358846466	-1.0232294095641312
0.3207991895971024	-1.018420938986686
0.31440508965853164	-1.0135972044042967
0.30801012034602465	-1.0087604365448604
0.3016291228314897	-1.0039196475600645
0.29526421727854346	-0.9990738160178652
0.28890132171320937	-0.9942165775111451
0.28254212151380304	-0.9893484280690102
0.2761865296152094	-0.9844696658499144
0.26984900089912095	-0.9795921863696273
0.2636058813466204	-0.9747904196692649
0.25746342854923077	-0.9701097376745448
0.2513111362510439	-0.9654784976811912
0.24508862051720912	-0.9608521821985693
0.23875111804730528	-0.9562040332944434
0.2323163307877136	-0.9515572878669456
0.22585746134569462	-0.9469670234513304
0.2193762659455082	-0.9424303679701204
0.21288475952485938	-0.9379491251131159
0.20635548758859634	-0.9334984382520962
0.19976277478691612	-0.9290576957667679
0.19314720273123126	-0.9246564677399727
0.1865035907375553	-0.9202925326359755
0.17983947543900514	-0.9159714497098342
0.1731636547646243	-0.9116901783990411
0.16644944829733088	-0.9074334230833132
0.15971053776277339	-0.9032093718123708
0.15294648325192559	-0.8990163144916041
0.14615875796004357	-0.8948542947217032
0.13934777716919586	-0.8907225567890116
0.13252625420725042	-0.8866325192500182
0.1256955530031387	-0.8825909515472958
0.11886030537288862	-0.8785942629689402
0.11197773690785619	-0.8746128276519444
0.10506731294593644	-0.8706521839998538
0.09814648418423468	-0.8667177095837058
0.09121871813582824	-0.862813317821811
0.0842694723648495	-0.8589212095756866
0.07730357598937397	-0.8550467110649392
0.07033130565751566	-0.8511925330176632
0.06339985718742107	-0.8474022706390046
0.05646624280575567	-0.8437015415348866
0.04948524867552406	-0.8401108452819733
0.04244200095981831	-0.8366529454419324
0.0353346599081175	-0.8333237733454567
0.028173033966914625	-0.8301174847191897
0.020992649347136683	-0.8270051706096965
0.013794718386877958	-0.8239663293764063
0.006543612599022297	-0.8210335657222079
-0.0007923182090106102	-0.8182762118321115
-0.008215940716373731	-0.8157012897424908
-0.015701382326781445	-0.8132053228867147
-0.02322596079606513	-0.8107834971549
-0.03077578197076864	-0.8084405311761905
-0.03835750729007873	-0.8061764921399555
-0.04597242731314374	-0.8039851643136168
-0.05361455532687688	-0.8018638729244676
-0.06128231836066719	-0.7998084704137876
-0.06896226470430745	-0.7978171045775869
-0.07663903897424193	-0.7958957320352849
-0.08431838177608125	-0.7940509304918953
-0.09204561791939767	-0.7922700746737017
-0.09977475988199677	-0.7905808578032821
-0.10749791307974346	-0.7889915873943464
-0.11524592235390906	-0.7874888080191281
-0.12301342201119893	-0.7860713094512792
-0.13082057190381607	-0.7847254402984449
-0.13864823016124614	-0.7834417229134171
-0.14648713338364544	-0.7822218853178127
-0.154342154835663	-0.7810658692918204
-0.16218801861088422	-0.7799736882555572
-0.17001632852805468	-0.7789458097600331
-0.17788534832825187	-0.7779616479381171
-0.18572757731749315	-0.776997100108267
-0.1934621664361722	-0.776039228115491
-0.20104717517046322	-0.775066082701196
-0.20854463494369585	-0.7740381753894084
-0.2161388797427147	-0.7729054116317375
-0.22389524716758452	-0.7716450328806365
-0.23183301926594133	-0.77023376259626
-0.23983367145553053	-0.768663962017311
-0.24782892020261868	-0.7669242535031553
-0.2557911614663681	-0.7650296779963162
-0.2637133939314102	-0.7629808290267235
-0.2716009180830228	-0.7608121178420565
-0.2794610810357995	-0.7586032344464989
-0.28728530706786787	-0.7563788933201198
-0.29507445256154197	-0.7540600449902026
-0.302829409321161	-0.7515674438763809
-0.31051895594552964	-0.74883738027574
-0.3180913831182737	-0.7458382650208627
-0.3255623808734894	-0.7426386962939927
-0.3329488977004639	-0.7393613360532251
-0.3402822141577079	-0.7360364038402891
-0.3475954126844433	-0.7326937819721409
-0.3548874508058534	-0.7293713927306981
-0.36217682890919367	-0.7260680965693986
-0.36946700128470167	-0.7227742943935517
-0.37674044624647013	-0.7194958963610015
-0.3840111883246883	-0.7162309369388129
-0.3911786709912684	-0.7130201797281737
-0.3983516227345191	-0.709829737468604
-0.4055981078163474	-0.7066333566785273
-0.41289573335022456	-0.7034499537485649
-0.42021134750890543	-0.7002887043477704
-0.4275434935572335	-0.6971472496131359
-0.43489242170088743	-0.6940208255329758
-0.44225254993299123	-0.6909083339806443
-0.4496212037191585	-0.6878104683243014
-0.45699061240834155	-0.6847295229298385
-0.46431448285232957	-0.6816813565341747
-0.4715863271866792	-0.6786521988458166
-0.47885912684371545	-0.6756069875281994
-0.4861710452493144	-0.67250228163185
-0.49352049933443914	-0.6693221549176386
-0.5008938320614026	-0.6660333812661513
-0.5082697826761174	-0.6625997834507878
-0.5156123053847965	-0.6590060023513048
-0.5228849880189198	-0.6552696123102683
-0.5300854391751088	-0.6513918961665159
-0.5372127058653604	-0.6473784844038999
-0.5442575927135496	-0.6432280225822061
-0.5512129423231977	-0.6389450229640729
-0.558084857500725	-0.6345265897617718
-0.5648694921325725	-0.6299776468108255
-0.5715677812263418	-0.6252995600956195
-0.5781757697257117	-0.6204975607178466
-0.5846924352608627	-0.6155738650322915
-0.5911008573582811	-0.6105403210921483
-0.5973763369589364	-0.6054189196848503
-0.6034919533066513	-0.6002541189245908
-0.609492450904486	-0.5950213482893592
-0.615458310735087	-0.5896825129151116
-0.6213880244858708	-0.5842517378990346
-0.627275662950212	-0.5787393315119809
-0.6331176810609491	-0.5731489800611237
-0.6389022875794149	-0.5674981474589406
-0.6446279745304122	-0.5617943656375489
-0.6503015230554766	-0.5560383025525685
-0.6559249297264403	-0.5502338065083879
-0.661505082546228	-0.544372611909806
-0.6670275645303816	-0.5384647823408962
-0.672494086374772	-0.5325093702061381
-0.6778995695427069	-0.5265222972151379
-0.683248777869987	-0.5205137383372584
-0.688547927612382	-0.5144567833694395
-0.6937995971021016	-0.508341912030431
-0.6990022425373439	-0.5021882576959051
-0.7041570351802573	-0.4960007273941975
-0.7092694193690183	-0.489781805752766
-0.71432536197623	-0.483525348484769
-0.7193317572234177	-0.47719029683195985
-0.7242876411817242	-0.47081255518467696
-0.7291955718746665	-0.46440036599707685
-0.7340582352597582	-0.45795263604657627
-0.7388709411643714	-0.4514754804587198
-0.7436339190386061	-0.4449765171727598
-0.7483446495751918	-0.43847850205058114
-0.7529849510472818	-0.4319635253041745
-0.7576017458132471	-0.42539678008364407
-0.7621861799320245	-0.41880384717639174
-0.7667337900877708	-0.41220463373996613
-0.7712369236342748	-0.40564528249524573
-0.7757427602560824	-0.3991332430832048
-0.7802930753043995	-0.3926809572569052
-0.7849263516927949	-0.3862760901412887
-0.7896395303473124	-0.3799070228318886
-0.7944189076754262	-0.37358369393008994
-0.7992614579329982	-0.36729365806563646
-0.8041419862071109	-0.3610393215773972
-0.8090229459608484	-0.3548304138325061
-0.8139390606507129	-0.34871550843813875
-0.8188848308419518	-0.3426794283431451
-0.8238157416797259	-0.33666992263769846
-0.8287236989026326	-0.33064586922568345
-0.8336839495229774	-0.3244577040448834
-0.8386807915283301	-0.31810441801167416
-0.843618731620298	-0.31170797409590734
-0.8485037177909077	-0.3052742921164068
-0.8533392761705211	-0.2988013553290012
-0.8581083600244713	-0.2922908932201536
-0.8628244001651373	-0.28570158810212665
-0.8674887140695139	-0.27906214017621767
-0.8720675741694879	-0.2724117712272663
-0.8765683118130287	-0.26574570005451753
-0.8810030638393695	-0.25906349657354205
-0.8854047595210407	-0.25232521207286523
-0.8897629367219418	-0.2455546889802216
-0.8940786008466908	-0.23875683543337353
-0.8983559137543795	-0.2319249889917798
-0.9025893623786398	-0.2250598611277752
-0.906776701544715	-0.21816996979860126
-0.9109229161951964	-0.2112557156190226
-0.9150245862758708	-0.2043375783461711
-0.9190896961287135	-0.19740840426324055
-0.9231161390508655	-0.19047236148193866
-0.9271192468954477	-0.18351445370526373
-0.9310926393487275	-0.1765526425372813
-0.9350239770279508	-0.16959587095735607
-0.9389355006077532	-0.1626181854311123
-0.9428352517061234	-0.15559511639875553
-0.9467046307352653	-0.14855283339407807
-0.9505468151990776	-0.141493215659291
-0.9543618395248504	-0.13441828620160903
-0.95815154115802	-0.12733415092055497
-0.9619208615244363	-0.12023785386010416
-0.9656680789603447	-0.1131476207818194
-0.9693908885542899	-0.10605715484465436
-0.9731025501818352	-0.0989581962832324
-0.976802137396826	-0.09184604828013665
-0.9804937973195766	-0.08471462794657043
-0.9841828929737101	-0.07751575927691123
-0.9877943863682902	-0.07038497249504681
-0.9913512653766391	-0.06332998479055356
-0.9949439479580778	-0.056223426238645596
-0.998560809351938	-0.04911292976744763
-1.0021989797665756	-0.041991813823861884
-1.005843860262492	-0.03487267857943139
-1.0094949651210574	-0.027763329152428105
-1.0131622528782418	-0.020656909274637675
-1.016858950705411	-0.013531327995545362
-1.0205513213909156	-0.006473491990706284
-1.0242698744148668	0.0005806467442687293
-1.0280091575055108	0.007624075694769372
-1.0317563358054032	0.014656194370804924
-1.0355214740392584	0.021692504139124845
-1.0392969796765978	0.02872494919943923
-1.0430853556298165	0.03575472140242888
-1.0468861504449574	0.042785660343668784
-1.0506970731265886	0.04981840241563961
-1.0545145661073103	0.05685828109314107
-1.0583305762836603	0.06389567277837635
-1.062148215355825	0.07092864236541539
-1.0659600799141105	0.077941839327436
-1.0697814866186743	0.08496100609336378
-1.0736070408482883	0.0919785476361975
-1.077439431883363	0.09898937354557896
-1.0812639811053488	0.10599222694301706
-1.0850968957035423	0.1130051385856218
-1.0889260057829198	0.12000503926045238
-1.0927299536830817	0.12692424034505553
-1.096598119509482	0.13388908476477837
-1.1004919917283302	0.140876886651474
-1.1043921159071122	0.14786500716644907
-1.1082960229796737	0.1548301779830796
-1.1122135359124743	0.16178030426981685
-1.116132273432726	0.16869667168207297
-1.1200694836527219	0.17561673556676624
-1.1240277376577492	0.18255002157485564
-1.1279937728298788	0.18946948137340816
-1.1319638841984037	0.19638617137308437
-1.1359451948828416	0.20331328440612995
-1.1399290192343032	0.2102432345631324
-1.1439160027679474	0.21717432052287466
-1.1479075090635218	0.2241075230544239
-1.15190325165754	0.2310426809495155
-1.155902191229087	0.2379791937462013
-1.1599030264585803	0.2449135361805204
-1.1639050577240535	0.25184204402081745
-1.1678994411183004	0.25874416399379213
-1.171866861110478	0.2656001505040343
-1.175823294931192	0.272447604286388
-1.179792202516997	0.2792953902378939
-1.183767244116307	0.28615245060845157
-1.1877687091388656	0.2930459647580995
-1.1917871433273932	0.2999448160216635
-1.1958158045648297	0.3068421635747969
-1.1998553922109436	0.31373871036836204
-1.2039052766467147	0.320636225612168
-1.2079625562281422	0.327534455930507
-1.2120250706311575	0.3344315767331164
-1.2160916427482515	0.34132402694995123
-1.2201548404642946	0.34819642260574774
-1.2242218003214467	0.3550638717033381
-1.2283022190020962	0.36193540164056764
-1.2323827071127267	0.36879476049255505
-1.2364642451510897	0.3756558311441694
-1.2405522495744872	0.3825193547893599
-1.2446443592484546	0.38938349989571264
-1.248742094396157	0.396251620249221
-1.2528437238509673	0.4031313035073525
-1.256941817891108	0.4100168474333241
-1.2610362952203957	0.4169057642667933
-1.2651269416446633	0.42379170019438694
-1.269215428755511	0.4306759180189713
-1.2732975471731551	0.4375431009860834
-1.2773801037141732	0.4444091644928177
-1.2814677557838854	0.4512775034089754
-1.2855467081392191	0.4581331979143003
-1.2896268754853093	0.4650003977027433
-1.2937083232442517	0.47188111834125773
-1.2977841865185638	0.47877156103694174
-1.3018541146391127	0.4856690679388022
-1.3059186332477746	0.49257088423085305
-1.309980208215195	0.4994759340867992
-1.3140398747134556	0.5063847377833974
-1.3180957367007513	0.513293790394066
-1.3221471730282937	0.5201999341550309
-1.3261877938248854	0.5270878730394551
-1.3302285679613246	0.5339796510600653
-1.3342687851847304	0.5408777221238261
-1.3382917390539244	0.5477667733856122
-1.3423048453708042	0.5546616414657745
-1.34632382484948	0.5615787538086335
-1.350338098662781	0.5685017991247336
-1.3543490014814843	0.5754290525901368
-1.358358088056293	0.582361440402961
-1.3623653065670578	0.58929810027829
-1.3663703762250505	0.5962377430493753
-1.3703690721735726	0.6031736994009473
-1.3743645705682945	0.6101135821258244
-1.3783432883592317	0.6170404381023055
-1.3823212282428767	0.6239815186325862
-1.386295041315777	0.6309261869117043
-1.3902594343674437	0.6378647382827932
-1.394215956753966	0.6448097853729712
-1.3981708012266258	0.6517624121117372
-1.4021219075385316	0.6587199391912055
-1.406071012990186	0.665682874818579
-1.4100188501136761	0.6726528527992133
-1.4139635178898762	0.6796366379178886
-1.417897506582516	0.6866270707389021
-1.4218221036932057	0.6936238051007314
-1.4257356611824847	0.7006090422549843
-1.4296354259680306	0.7075845433495993
-1.4335389674888308	0.7145723821924751
-1.437432727832612	0.721559196498771
-1.441319098054098	0.7285370520893929
-1.4451973204163173	0.7355198665376781
-1.4490790297492928	0.742516577139871
-1.452955391315605	0.7495250551775842
-1.4568232257666565	0.7565433374196758
-1.4606821952862221	0.7635677672878287
-1.4645342302506559	0.770598300441389
-1.4683792231657562	0.7776311050377857
-1.4722164566553746	0.78466384719693
-1.476048479666117	0.7916912941467424
-1.47986646973092	0.7987055337070539
-1.4836913269617082	0.8057345404367163
-1.4875118977024218	0.8127657845999638
-1.4913342869061286	0.81980543154307
-1.4951391342286	0.8268423621311042
-1.4989356148036985	0.8338902385570554
-1.5027243667293224	0.840944714154588
-1.5065064267022574	0.848005088675902
-1.5102831604092906	0.8550696377527124
-1.51405643499006	0.86213913298849
-1.517824962611981	0.8692122829893664
-1.5215853539347715	0.8762812465851387
-1.525334798608917	0.8833302659023505
-1.5290690699959235	0.890365641556381
-1.532811957862112	0.8974379715434212
-1.5365456571426075	0.9045176215520452
-1.5402679887643718	0.9115897111540415
-1.5439744926980106	0.918663997003847
-1.547681394862745	0.9257576396018683
-1.5513809105640437	0.9328582706639296
-1.5550747355562937	0.9399651446348986
-1.5587630570461393	0.9470781799648684
-1.5624455840477363	0.9541957776205304
-1.56612309707601	0.9613287705612812
-1.5697851887744076	0.9684619364510024
-1.573435438555305	0.9755875422620738
-1.5770736567223063	0.9827116848700993
-1.5807078531614445	0.9898462129713655
-1.5843314426821662	0.9969827795984132
-1.587947703830877	1.0041164129634939
-1.5915467439393296	1.0112470304164718
-1.595145530335744	1.0183954181680728
-1.5987379381257385	1.0255527929533623
-1.6023231203172903	1.0327252086667549
-1.6058951740329979	1.0399105677610405
-1.6094516393048501	1.0471050609543837
-1.612992629806689	1.0542992283290864
-1.6165242202597099	1.0614979909240028
-1.620041154736925	1.068686810050345
-1.6235498121225422	1.0758788770361922
-1.6270530304996556	1.0830775172211398
-1.6305474715200743	1.0902796928061078
-1.6340419966387818	1.09749274735189
-1.637523511641151	1.1047131984054617
-1.640983673388769	1.1119391479319933
-1.6444308157011818	1.1191758903679683
-1.6478646352855577	1.1264195140181597
-1.6512875511455227	1.1336711490857252
-1.6546994069091223	1.1409274390927777
-1.6581007258462401	1.1481895801399564
-1.6614906580924325	1.155443434357051
-1.6648637382267641	1.1626849927521261
-1.6682383933014593	1.169945487274176
-1.6716035477623008	1.1772093737580926
-1.6749613970609816	1.184484997840645
-1.6783064439993105	1.1917656046083174
-1.6816274976257946	1.1990378475299373
-1.6849380221043724	1.2063244844172136
-1.6882409408915282	1.2136227888573037
-1.6915346644445308	1.2209297328368836
-1.6948180290669521	1.2282441136874287
-1.6980909553235979	1.2355624862058503
-1.7013535273357383	1.2428837123668943
-1.7046034196584219	1.250187826519994
-1.707833498334639	1.2574776927458875
-1.7110657468115655	1.2648029513808805
-1.714287421787186	1.27214049736039
-1.7174955872844926	1.279481213718276
-1.7206939465583806	1.28682227423531
-1.723875324884863	1.2941544077199187
-1.7270504784459042	1.3015035266551502
-1.7302171977010683	1.3088589522493754
-1.7333768441644277	1.3162239078534475
-1.7365265214271872	1.3236030777227514
-1.7396598043803335	1.3309888400124703
-1.742778328283674	1.3383808938531248
-1.7458832725568856	1.3457675272407796
-1.7489719289271155	1.353149250498286
-1.7520536867025809	1.3605402603747303
-1.755125967018493	1.367938058304274
-1.7581886550378607	1.3753397023999032
-1.7612428997294394	1.3827425360255876
-1.7642873996132111	1.3901466553477801
-1.7673171930519673	1.3975598904118371
-1.7703336194740404	1.4049862803904003
-1.773337620840824	1.4124178186418836
-1.7763309146349184	1.4198550747326448
-1.7793128468749864	1.427295089980621
-1.7822840797573072	1.434735296063158
-1.7852412957955726	1.4421610454814024
-1.7881912392117811	1.4495945542464317
-1.7911364686998166	1.457038901442052
-1.794073937524946	1.4644908098210567
-1.7970030197796945	1.4719513056912794
-1.7999195033602449	1.4794131295966308
-1.8028205423795447	1.486868981153674
-1.8057052313669777	1.494332436177036
-1.8085828080013497	1.5018099869549004
-1.811449386330739	1.5092930312354875
-1.8143070750704544	1.5167805554688512
-1.8171547593611306	1.524271461768713
-1.8199934093276915	1.5317563399323713
-1.8228158854630256	1.5392221037861304
-1.825634711360912	1.5467011447698007
-1.8284487098585678	1.5542018717166908
-1.8312510977896956	1.5617089209085255
-1.8340425391701476	1.5692189881104666
-1.836824730375836	1.5767311608300485
-1.839598631325269	1.5842412795942555
-1.8423563117971777	1.5917512569921273
-1.8451084446370722	1.5992746656453114
-1.847850354624344	1.6068044036292148
-1.8505830761846178	1.6143370394437904
-1.853305690776937	1.621876232791405
-1.8560170493259376	1.629406351729678
-1.8587118659838169	1.6369261603432097
-1.8614056794857368	1.6444652155761792
-1.864089157920545	1.6520076772829926
-1.8667661285931787	1.659556737361682
-1.869435296380044	1.667110637779322
-1.872095849304579	1.6746668426575497
-1.8747505316319881	1.682221516945421
-1.8773900357600923	1.6897739035667023
-1.880024858450703	1.6973390749885249
-1.8826493755647438	1.7049096403336648
-1.8852653627271942	1.712481924113619
-1.887871935251678	1.7200540736086067
-1.8904718022197842	1.7276153525742277
-1.8930598602765265	1.7351667246615572
-1.8956509672644475	1.7427387519751836
-1.8982349188946812	1.7503125502553576
-1.900815119071572	1.7578917908243084
-1.9033905979599408	1.765474449493893
-1.9059604909574777	1.7730570365921663
-1.9085286283049436	1.7806366774201046
-1.9110857988676933	1.7882099513104892
-1.9136439335802762	1.7957974080367474
-1.9161960218159595	1.803386352670587
-1.9187437342626972	1.810976281208077
-1.9212861877775218	1.8185641731623787
-1.92382531524238	1.8261378049370736
-1.9263582488055946	1.8337042686688843
-1.9288980287560091	1.8412892905756406
-1.9314352606193912	1.8488709432134554
-1.9339757385712586	1.8564557306333571
-1.9365175544672086	1.8640439910654696
-1.9390591951569849	1.8716326588394288
-1.9416030706025138	1.8792183381710583
-1.944139131709629	1.8867968611519659
-1.9466791462264899	1.8943868868626605
-1.949216705890438	1.9019768572674347
-1.9517532462112872	1.9095657252444351
-1.954287294752948	1.9171505282766206
-1.9568194371416467	1.9247174463407388
-1.959348406440633	1.9322795831185602
-1.9618862340562246	1.9398639111416154
-1.9644226166550678	1.9474488792489528
-1.9669596084709322	1.955037231973826
-1.9694962374965637	1.962627953299096
-1.9720320601568218	1.9702192891750079
-1.9745701630148145	1.9778071688758234
-1.9771005533044343	1.985389417255538
-1.9796340728439066	1.9929821352613524
-1.9821645955729985	2.000575216295846
-1.984693176738492	2.0081679038278226
-1.9872192022672224	2.0157572604028116
-1.9897434650028667	2.0233294851246932
-1.9922656087090815	2.030897446207832
-1.9947957839347468	2.0384833463508722
-1.9973253638854993	2.0460706113716354
-1.999855645472767	2.0536605399188526
-2.002386278256377	2.0612523866483663
-2.0049168551747423	2.0688437205055465
-2.0074505569169045	2.0764310798719117
-2.009977476635669	2.0840120401134214
-2.012509088933097	2.091603960215037
-2.0150390044981727	2.0991957333109545
-2.017568540619108	2.1067859456182827
-2.0200970280361656	2.1143723892569626
-2.0226245839648342	2.1219403801547663
-2.0251515983926662	2.1295041700435413
-2.0276884524384697	2.1370866933716197
-2.0302258251760943	2.1446701718548478
-2.0327649449425578	2.152256526140542
-2.0353049739537292	2.159844574573077
-2.037846007197337	2.1674326881127635
-2.040390428969922	2.175016974071684
-2.0429283434282377	2.1825957710043
-2.045470608319903	2.1901840808427777
-2.048011052690328	2.1977726931151427
-2.050550820517797	2.205359823884905
-2.053089603819712	2.2129427679790252
-2.0556272890795944	2.2205069797166694
-2.058165344283776	2.228069125068365
-2.0607127808994505	2.235647985394726
-2.063260934092305	2.2432274969907513
-2.0658112371208164	2.250808835519455
-2.068363572505545	2.258392047186484
-2.0709108623714036	2.265948468661797
-2.0734043637767954	2.2733058994819904
-2.0758532351398546	2.280433222654736
-2.078266632131013	2.28730699562876
-2.0806458708892026	2.293917089249676
-2.082988939138952	2.3002642770830666
-2.0852893048912935	2.3063589454366227
-2.0875398588065233	2.312217787734644
-2.0897306409733307	2.31786309404167
-2.0918536984777774	2.323316722603491
-2.093893038633525	2.3285911869310034
-2.0958280102209836	2.333670396506852
-2.09764139598207	2.33854186005881
-2.09932167100816	2.3431941503980522
-2.100861767209946	2.3476180905802115
-2.1022582376382677	2.3518062007349174
-2.103511020354861	2.355752258149483
-2.1046222713294593	2.359451357385627
-2.105596256922476	2.3628996950462917
-2.1064386837391322	2.3660954810446793
-2.1071565870124664	2.3690389906730416
-2.1077578886001773	2.371730833957688
-2.1082515827773576	2.374175312228194
-2.108663035764418	2.3764570038440063
-2.1090118047655473	2.3786333873810843
-2.1093225014320462	2.380801553122302
-2.109590949214766	2.382875849669715
-2.1098224635196092	2.3848231733065353
-2.1100205378651276	2.3866498003857646
-2.1101890869765403	2.388347175121518
-2.110333599560819	2.389935974454126
-2.110458121574752	2.3914183537223823
-2.1105653687180568	2.392808009350749
-2.1106589690600375	2.3941054830365704
-2.1107423208211036	2.395334222475418
-2.110817671562767	2.396521845851494
-2.1108864657879067	2.397646369605503
-2.1109507777211602	2.3987060421875706
-2.1110104802293663	2.399715880693075
-2.1110669059879896	2.4006803742345184
-2.1111210935251026	2.4016020450767916
-2.1111734886788898	2.4024910344294303
-2.1112246290661987	2.403354870013781
-2.1112776561163797	2.4041933281587267
-2.1113273457477457	2.4050123230173797
-2.1113768997328513	2.4058110778058674
-2.111425916730768	2.40658252149837
-2.111473906113081	2.407320335287387
-2.1115211339588598	2.408019195689582
-2.1115718623099036	2.4086746401697923
-2.1116198969532616	2.4092790141826774
-2.1116640660549466	2.4098287316346614
-2.1117048361078616	2.4103133680233397
-2.1117417077986453	2.4107321030059854
-2.11177259249857	2.411070475185958
-2.111798041365967	2.411325711508212
-2.111815056139058	2.4114926825386545
-2.1118228749582135	2.411570048204598
-2.111819782212888	2.4115570677310125
-2.111806567253329	2.41147969936311
-2.1117936803766257	2.4113903869880433
-2.1117780310529364	2.4112959860435175
-2.1117591794823896	2.4111827734287883
-2.1117357768073033	2.4110468805910465
-2.11170977942474	2.4109043233289387
-2.11168752493907	2.4107821223089
-2.111661462253512	2.4106468301002724
-2.1116340677146557	2.410506363795255
-2.1116056332730695	2.410364815384924
-2.1115761007292413	2.410223418306853
-2.111545314836884	2.410080660829451
-2.1115137288525916	2.4099380608745604
-2.111481754955429	2.409798309218729
-2.1114506458275843	2.4096660050236705
-2.1114206397642916	2.4095424735717046
-2.111396531500248	2.4094477922439346
-2.1114003007885955	2.4094631483660645
-2.1113944179473694	2.409444022195512
-2.1113850680628667	2.409411200215834
-2.1113738797086627	2.409370275220654
-2.1113613444306436	2.4093275085138393
-2.1113510666038398	2.409291138741987
-2.1113399288967467	2.409254291266977
-2.111329126135943	2.409218274173286
-2.1113203771591147	2.4091905516398184
-2.111313511482078	2.4091670551402706
-2.1113078461650097	2.409148258684197
-2.1113008628736565	2.409126393044022
-2.111293870546652	2.409104132390263
-2.111286664100073	2.409082055543597
-2.1112795653773184	2.4090601511056797
-2.1112725313719407	2.409038505007357
-2.111265455652549	2.409017151356706
-2.111258333965081	2.4089958843993156
-2.11125252030362	2.4089783184739373
-2.11124725226333	2.408963028201345
-2.1112427452338545	2.4089491429831718
-2.1112378835559396	2.408934829659153
-2.1112328441285038	2.4089199744916283
-2.111227691442973	2.4089051681306284
-2.1112226434723453	2.4088905757662444
-2.1112176226498174	2.408876084644081
-2.111212621312016	2.4088617144549627
-2.111207619423867	2.4088474401955335
-2.111202592880546	2.408833133032075
-2.111198392689406	2.408821080974176
-2.111194833089317	2.4088110616898066
-2.111191419283976	2.4088010330960445
-2.1111878061123948	2.4087906925034215
-2.1111841497731163	2.4087804137987
-2.1111805721270076	2.408770309055434
-2.1111770385614865	2.4087603291538504
-2.111173498195425	2.4087503525507103
-2.1111699628964677	2.4087404313494925
-2.1111669516095826	2.408731869214553
-2.1111644243059144	2.4087246992608784
-2.1111619248447666	2.4087174078590716
-2.111159267727973	2.4087098515432976
-2.111156611537001	2.40870237368727
-2.111154033439711	2.408695076248316
-2.1111514928993755	2.408687871033869
-2.111148978441434	2.408680746102749
-2.111146464086321	2.408673647108458
-2.1111439440441306	2.4086665339678923
-2.111141778172149	2.408660285750255
-2.1111399894970364	2.4086550634923087
-2.1111382307528537	2.4086498338378655
-2.1111363852895466	2.4086444660843083
-2.111134533282159	2.408639126424735
-2.1111326925922627	2.4086337992914872
-2.1111308611746176	2.4086284938105003
-2.1111290369200173	2.4086232171113244
-2.1111272386240976	2.408617999585708
-2.1111254588363915	2.4086128447068895
-2.1111237748186626	2.408607894275585
-2.111122213453331	2.408603282084962
-2.1111206937647755	2.4085987529822996
-2.1111191368798625	2.408594168803741
-2.1111175509963576	2.408589512503029
-2.1111159732104383	2.4085848900119666
-2.1111144109956332	2.408580295156198
-2.1111128545050892	2.408575720603843
-2.111111288731811	2.408571128255016
-2.1111097202274767	2.408566530256635
-2.1111082566541666	2.4085621541257956
-2.111106917993254	2.4085581076037212
-2.111105607336906	2.408554120700357
-2.1111042633076536	2.4085500797923194
-2.1111028973181996	2.4085459940559075
-2.1111015279918908	2.4085419049123886
-2.1111001835674705	2.4085378577369645
-2.1110988626322036	2.408533881354651
-2.1110975332342035	2.4085298842079497
-2.111096199753178	2.4085258763440045
-2.111095087355133	2.408522286581301
-2.111094209729211	2.4085193588141065
-2.11109334316485	2.408516436949362
-2.111092414613063	2.408513400362823
-2.1110914722071357	2.4085103538886585
-2.1110905391378054	2.4085073128825707
-2.1110896152784213	2.4085042968400785
-2.1110887039743154	2.4085013020817754
-2.111087802187702	2.408498339313638
-2.1110869014762064	2.408495374585534
-2.1110860006990824	2.4084924148367692
-2.111085132976324	2.408489514380134
-2.1110842838836628	2.4084866854717
-2.111083410032682	2.4084837863125386
-2.1110825209031456	2.4084808587411706
-2.1110816436875517	2.4084779514530124
-2.111080780893364	2.4084750813393563
-2.1110799143512606	2.4084722027606777
-2.1110790590327224	2.408469340750117
-2.111078223671981	2.408466536826835
-2.1110773847057214	2.408463722967387
-2.1110765340886806	2.4084608842204682
-2.1110757680854806	2.4084581910578167
-2.1110751040877753	2.4084557866277776
-2.1110744542028694	2.4084533977965976
-2.111073816942273	2.408451047062572
-2.1110731798399907	2.4084487198472857
-2.1110725227975893	2.408446333012647
-2.1110718596832845	2.408443938883883
-2.111071194076311	2.4084415347353767
-2.111070583964943	2.4084392161552204
-2.1110700358939347	2.4084370806612547
-2.111069485481498	2.408434941320338
-2.1110689255831696	2.4084327854827796
-2.11106836440765	2.4084306261088186
-2.1110678015674633	2.408428461518398
-2.1110672382092956	2.4084262942770303
-2.111066680125903	2.4084241324682396
-2.1110661255180676	2.408421983430785
-2.1110655831880476	2.4084198444144094
-2.111065048083794	2.408417737878239
-2.111064508625394	2.4084156246936455
-2.111063989182054	2.40841352548355
-2.1110634810188085	2.408411474504547
-2.111062958592995	2.408409412781507
-2.1110624292646394	2.408407327709255
-2.11106191933578	2.4084052528689366
-2.1110614184759573	2.4084032186753777
-2.111060909244043	2.408401177831421
-2.111060396578251	2.4083991271951257
-2.11106006222116	2.408397158858505
-2.111059776538966	2.408395560937021
-2.1110594202255353	2.408393914255347
-2.1110590092087698	2.4083921792838154
-2.111058595889128	2.4083903760022856
-2.1110581933280375	2.4083885741901048
-2.1110578091605317	2.4083867820805662
-2.111057423668553	2.408385020157638
-2.111057026186897	2.4083832416485045
-2.1110566231566725	2.408381447818183
-2.111056206205579	2.408379639217159
-2.1110557847095355	2.4083778005355967
-2.111055364706182	2.408375959840659
-2.1110549316804508	2.4083741093216395
-2.1110544935158275	2.4083722306917092
-2.1110540565162226	2.4083703498580196
-2.111053621402946	2.408368466417331
-2.111053230672251	2.408366605908709
-2.1110528501146906	2.4083648324695934
-2.111052475174538	2.40836305592126
-2.111052158109606	2.408361331821288
-2.1110518459239085	2.408359712392118
-2.1110515111998214	2.408358075148923
-2.1110511705055663	2.4083564159829756
-2.1110508308586575	2.408354755251138
-2.1110505068627825	2.4083530975228316
-2.111050184491539	2.4083514680718694
-2.1110498581120942	2.4083498331384194
-2.1110495591416183	2.4083482061941486
-2.111049262667552	2.408346631338539
-2.111049273815039	2.4083451702513203
-2.1110493106193804	2.4083442841628413
-2.1110492182943847	2.4083432848111523
-2.111049109605705	2.4083421482308895
-2.1110489966510766	2.4083410224609465
-2.111048889000917	2.4083398856367992
-2.1110487801765396	2.408338747923768
-2.1110487904123207	2.4083376437869473
-2.111048809071215	2.4083368006000336
-2.1110488202744166	2.4083359067937953
-2.111048887883857	2.4083350315861756
-2.111048915599759	2.4083342935484264
-2.111048934793526	2.4083334326673613
-2.1110489592750845	2.4083325917000566
-2.111048984307093	2.408331768212288
-2.111049010168003	2.408330937544251
-2.1110490358530805	2.408330106158535
-2.111049060867735	2.4083292736051454
-2.1110490852818087	2.40832844020068
-2.1110491092463044	2.408327605761334
-2.1110489579868563	2.4083267151652943
-2.1110486644081123	2.4083254421500593
-2.1110483974370124	2.4083239693100946
-2.1110481634904605	2.4083225559477976
-2.111047974296384	2.408321143370677
-2.1110477928261835	2.4083198080102273
-2.111047565384035	2.4083184673529527
-2.1110473291814986	2.40831704736689
-2.11104725884067	2.4083156766031903
-2.1110471936418844	2.4083146125367008
-2.1110472271971124	2.4083135275508156
-2.1110474019991115	2.4083128537543668
-2.111047570923364	2.408312285853219
-2.1110476836882346	2.4083116436201695
-2.111047660499336	2.4083109607600597
-2.111047618128456	2.4083099782306836
-2.1110476960544067	2.4083091174623554
-2.1110478049447936	2.408308424827996
-2.1110477860931844	2.408307691031977
-2.1110477526336107	2.4083067098945605
-2.111047797222264	2.4083061041111806
-2.111047868205653	2.4083060427085483
-2.111047968232694	2.4083059653030934
-2.1110483357393073	2.40830573010513
-2.1110486550053604	2.4083055229965877
-2.1110489549895024	2.408305327108458
-2.1110492441345112	2.4083051375352977
-2.111049527941301	2.4083049510654697
-2.1110498087945304	2.408304766309502
-2.111050088025614	2.408304582491721
-2.111050563541355	2.4083041385835697
-2.1110506532180313	2.4083032779728866
-2.111050735309661	2.408302534721512
-2.1110508073579184	2.408301814170591
-2.11105088144293	2.408301089156127
-2.111050955342352	2.4083003631597766
-2.1110510291660973	2.4082996375731547
-2.1110511014958533	2.4082989116041618
-2.111051173276298	2.408298182143842
-2.111051246919688	2.408297453669707
-2.111051152430758	2.4082966738534206
-2.111051047894397	2.408295543909183
-2.111050932033595	2.408294442794659
-2.1110508238798027	2.408293306924468
-2.1110508393264955	2.408292216534701
-2.1110508771529886	2.408291392223786
-2.111050903069969	2.4082905260649943
-2.1110509217621214	2.4082896585078677
-2.1110509400799247	2.4082887958540398
-2.1110509579115684	2.408287941746986
-2.111051019089761	2.4082873836159258
-2.111051167449062	2.4082872765387133
-2.111051499154777	2.408287061395838
-2.111051909251305	2.4082867628725597
-2.111052195658114	2.4082864909000903
-2.1110524605662597	2.4082862239823344
-2.111052721573548	2.408285957564539
-2.111052981519257	2.4082856912290014
-2.1110532411686838	2.4082854248494447
-2.11105350071839	2.408285158393748
-2.111053717513343	2.408284728542253
-2.1110538618424934	2.4082840789792166
-2.111053977059513	2.408283442872108
-2.1110540927733834	2.408282811880579
-2.1110542084223263	2.4082821818727527
-2.1110543242071698	2.4082815518676197
-2.1110544400191777	2.4082809218584567
-2.1110545558688534	2.4082802918184574
-2.111054671743813	2.408279661721163
-2.1110547876325167	2.4082790315414155
-2.111054947708628	2.4082785582012995
-2.1110550986661174	2.4082783935209027
-2.111055171368598	2.4082783310633755
-2.111055378338313	2.408278189876538
-2.1110556667452793	2.4082780005733557
-2.1110559477139614	2.408277815604774
-2.1110561929627174	2.4082776517201863
-2.111056401549039	2.408277509779467
-2.111056639946156	2.408277350429628
-2.11105689256051	2.4082771827747935
-2.1110565666240304	2.4082773575105367
-2.1110559064431733	2.408277738654425
-2.111056188514208	2.4082775651735138
-2.1110564346298553	2.4082774121413792
-2.111056646028244	2.4082772796700955
-2.1110568625533235	2.4082771442490696
-2.111057081554973	2.40827700739398
-2.1110573022744705	2.408276869507444
-2.1110575228976654	2.4082767316569402
-2.1110577434846465	2.4082765938080897
-2.111058191344269	2.4082763204663586
-2.111058880351091	2.408275899705048
-2.1110593641519664	2.4082755979411568
-2.111059754583299	2.408275350402972
-2.1110600965811326	2.408275130949251
-2.1110603982439247	2.408274935053882
-2.1110606753524275	2.408274753572015
-2.1110609472845354	2.4082745751044214
-2.111061216045546	2.408274398482979
-2.1110614830800345	2.4082742228654275
-2.1110619525185212	2.408273927589003
-2.111062607646334	2.408273498737429
-2.111062940277968	2.4082731375705366
-2.111063172384087	2.4082727891524396
-2.11106340448699	2.4082724465042973
-2.1110636358681076	2.4082721037183314
-2.1110638670531934	2.408271760775637
-2.111064098211894	2.4082714176897215
-2.1110643293568345	2.4082710744611777
-2.1110645604892215	2.4082707310892673
-2.1110643977109187	2.408269991109939
-2.111064216125553	2.408268567065459
-2.111064153923175	2.408267443356912
-2.111064100155747	2.408266445013979
-2.111064053832639	2.4082653773722273
-2.1110640059639016	2.4082643531545274
-2.1110639505409217	2.4082633288925104
-2.111063893432583	2.408262295534539
-2.1110638367282557	2.408261265536119
-2.1110637852944047	2.4082602366996895
-2.111063888589147	2.4082594930004277
-2.1110641921054265	2.4082592007809143
-2.111064381144689	2.4082587249055942
-2.1110644971554535	2.4082580204000075
-2.111064593194685	2.408257341547751
-2.111064750109694	2.4082568258951262
-2.111064994351812	2.408256530769656
-2.1110651593594825	2.4082560527733916
-2.11106527094754	2.408255344295757
-2.111065424679286	2.408254824603857
-2.1110656741660128	2.4082545197308747
-2.111065799249761	2.408254334578221
-2.1110657904063292	2.4082543204642244
-2.1110659195160997	2.4082542255716985
-2.1110661085010602	2.4082540957000345
-2.111066317989733	2.4082539539595493
-2.111066531660333	2.4082538100149256
-2.1110667677384027	2.40825365297162
-2.1110670152210083	2.4082534892586076
-2.111067268942028	2.408253321893167
-2.1110680143311837	2.408252847549782
-2.111068307100413	2.4082517987282905
-2.1110683475814933	2.4082509590197785
-2.1110683962857166	2.408250163558373
-2.1110684440619054	2.408249363462922
-2.111068471845582	2.4082485574084314
-2.111068498541273	2.4082477128118556
-2.1110685278546417	2.408246876900217
-2.111068574629235	2.4082460513921773
-2.1110686232495133	2.4082452589093646
-2.111068655608928	2.408244454804103
-2.1110684521441487	2.408244096107835
-2.111067951717348	2.4082443754925063
-2.111067816758068	2.408244441725688
-2.111067943432896	2.408244355058511
-2.1110682608529023	2.4082441548627833
-2.111068520034221	2.4082439886814315
-2.1110687439562077	2.408243843450464
-2.111068982813917	2.40824368941431
-2.1110692329190264	2.408243528582605
-2.111070244083572	2.408242915942328
-2.1110708797761997	2.408241637716332
-2.1110708272792413	2.4082406770071407
-2.111070846138674	2.4082397306505006
-2.111070914673997	2.4082389197283858
-2.1110709779070227	2.4082381479075057
-2.1110710120865566	2.408237334242776
-2.1110710369713326	2.4082365151855383
-2.1110710618235293	2.4082356669911955
-2.111071087466323	2.40823482371693
-2.1110707908513477	2.4082345230825233
-2.111069830410435	2.408235077610455
-2.1110692066869388	2.4082355928709642
-2.111069677505401	2.4082360740960174
-2.111070060147987	2.408236404959179
-2.1110704311294493	2.4082367039290298
-2.1110708292357123	2.408237081558116
-2.1110712280021326	2.4082374580050496
-2.1110716285036917	2.4082378344728546
-2.1110720293473535	2.408238210870615
-2.111072476470221	2.408238313343839
-2.111072999731185	2.4082379995516594
-2.111073389140778	2.408237761040983
-2.111073650884851	2.4082375968053333
-2.1110738119159183	2.408237493029017
-2.111074003227937	2.408237371904959
-2.111074207679057	2.4082372433512584
-2.1110744193881428	2.4082371107047504
-2.1110746351428675	2.4082369757705213
-2.1110748531460812	2.408236839558708
-2.1110750723946965	2.40823670263337
-2.1110749431477576	2.40823700570919
-2.1110754408154286	2.4082382477307362
-2.1110761295813982	2.408239480115591
-2.1110767905425503	2.408240508839011
-2.1110773493247326	2.408241255581984
-2.1110779176779113	2.408242106084136
-2.1110785412029687	2.4082431210310165
-2.1110791579486268	2.408244073305341
-2.111079716370418	2.4082448110464107
-2.1110802991729223	2.408244958930132
-2.1110810360134584	2.4082445145196574
-2.111081380738665	2.408244298652595
-2.111081437049944	2.4082442553531727
-2.111081575350305	2.4082441651188424
-2.1110817470793637	2.4082440560468132
-2.111081928894409	2.40824394171623
-2.1110821107121533	2.4082438281400624
-2.1110823086596633	2.408243705470616
-2.1110825149358976	2.408243578116808
-2.1110827258604785	2.408243448143356
-2.1110833374636955	2.408243078531096
-2.111084372589073	2.408242449864948
-2.1110850569754565	2.408242026004517
-2.1110854964669126	2.4082417459900745
-2.11108574951854	2.408241576441368
-2.111086021997463	2.4082413954985604
-2.111086337758914	2.40824118893061
-2.1110866926597875	2.408240958881833
-2.111086975411278	2.4082407713746616
-2.11108727523817	2.4082405739824533
-2.1110874990281356	2.408240413674681
-2.1110874995310107	2.4082403942514867
-2.111087632585037	2.4082402972124326
-2.111087846441256	2.4082401527434496
-2.111088115385178	2.4082399756586326
-2.1110883593192153	2.4082398133840823
-2.1110885797494214	2.4082396652543987
-2.1110888201439963	2.4082395054452292
-2.11108907009563	2.408239340045634
-2.11108901800822	2.4082393540004534
-2.1110886244615044	2.4082395749514416
-2.11108852117258	2.4082396296870194
-2.1110885593394775	2.408239605539386
-2.1110886815890946	2.408239535152992
-2.1110888537098114	2.4082394369853035
-2.1110890404526947	2.4082393315122728
-2.1110892374408663	2.408239222540779
-2.1110894381818235	2.4082391142832105
-2.111089643790689	2.4082390090222545
-2.111089869581494	2.4082389458208304
-2.111090389602628	2.4082387231911118
-2.1110912291693937	2.4082382152118864
-2.111091791828712	2.4082378672634106
-2.111092199250651	2.408237609841968
-2.1110925116373718	2.4082374082652884
-2.1110928160598292	2.4082372111874415
-2.1110931225505576	2.4082370125943626
-2.1110934079536046	2.408236826315787
-2.1110936827616267	2.4082366462211864
-2.111093951787284	2.40823646950264
-2.1110940091919375	2.408236418376764
-2.1110938349857418	2.4082365071725693
-2.111093856583071	2.4082364825338916
-2.1110939713814263	2.4082364043413187
-2.111094187371049	2.4082362669348703
-2.1110944856111895	2.4082360799011884
-2.1110946979922574	2.4082359434315945
-2.111094872692337	2.4082358301779294
-2.111095141292226	2.4082356610168394
-2.111095686045459	2.408235326645149
-2.1110963516213985	2.408234916282955
-2.1110966213657085	2.408234739883937
-2.111096892577419	2.4082345626028405
-2.1110971563530674	2.4082343896809593
-2.1110974178823887	2.408234218063478
-2.1110976785043656	2.408234046960936
-2.111097937597726	2.4082338767506517
-2.1110981959096295	2.408233706996016
-2.111098453804775	2.408233537483964
-2.1110985303725758	2.4082334756684443
-2.1110982495017474	2.408233628812918
-2.1110979574559643	2.4082337960469355
-2.1110978950827395	2.4082338370069434
-2.111098141874689	2.408233848759393
-2.1110983852167324	2.4082338130548937
-2.111098629582703	2.4082337783525043
-2.111098872749817	2.4082337435208534
-2.11109911874077	2.4082337215610976
-2.111099375404437	2.408233722103587
-2.1110996323144873	2.4082337222596975
-2.111099888143558	2.408233715855546
-2.11110013849454	2.408233697981347
-2.111100388642822	2.40823368023929
-2.111100638509817	2.40823366242953
-2.111100888306941	2.4082336445724346
-2.1111011380513376	2.4082336266729367
-2.1111013877507965	2.4082336087328704
-2.111101637408595	2.408233590753491
-2.111101887027089	2.4082335727357633
-2.111102327339681	2.4082333833868974
-2.1111030057886033	2.40823297312254
-2.1111034368417507	2.408232705598122
-2.1111037120913947	2.4082325296912144
-2.111103971066091	2.40823236325019
-2.1111042338905097	2.4082321942764118
-2.11110448542986	2.408232031833866
-2.1111047313311246	2.408231872650746
-2.1111049741491943	2.4082317152504626
-2.1111052152893923	2.408231558820622
-2.1111059213980434	2.408231126031794
-2.111106840412882	2.4082305620561986
-2.111107051235554	2.408230417506351
-2.111107272307845	2.408230267183774
-2.111107500413346	2.4082301130804327
-2.1111078051968666	2.4082299134542517
-2.111108095437687	2.408229722355258
-2.111108380019754	2.408229534574564
-2.111108661517278	2.408229348604304
-2.1111089413524162	2.408229163610909
-2.1111091400415734	2.4082290267446154
-2.1111092538999428	2.4082289409005364
-2.1111094399596277	2.4082288127878506
-2.111109660305302	2.40822866461395
-2.1111099392254795	2.4082284818331248
-2.1111102701050717	2.408228267926637
-2.1111105310657305	2.408228095270817
-2.111110736297698	2.408227955945782
-2.1111110094188885	2.408227776555278
-2.1111113371593895	2.4082275644815194
-2.111111636255951	2.408227369175311
-2.111111694882772	2.408227316495122
-2.111111494535257	2.4082274198955993
-2.1111115037263244	2.4082274015242957
-2.111111614324793	2.408227324641814
-2.111111802722604	2.4082272024645053
-2.111112043719145	2.4082270490232536
-2.111112274457685	2.408226901611244
-2.111112482725036	2.4082267676054543
-2.1111126672670077	2.408226648208388
-2.111112871647779	2.408226517461415
-2.1111130408796845	2.4082264080489386
-2.111112989165371	2.4082264329444794
-2.1111128826979177	2.4082265887680387
-2.1111132357194955	2.408226759736542
-2.111113550514938	2.4082268981668133
-2.1111138429810263	2.408226974018991
-2.111114133518092	2.4082270498751
-2.111114422057904	2.4082271239889583
-2.1111147103924948	2.408227198095225
-2.1111152215243845	2.4082270296719788
-2.1111160205733257	2.4082265460177172
-2.1111165621970436	2.4082262109168577
-2.1111169593336703	2.4082259600090508
-2.1111172687833473	2.4082257606026074
-2.111117559325837	2.408225572154123
-2.11111784083235	2.4082253888788223
-2.1111181066113285	2.408225214835776
-2.111118362442494	2.4082250466869155
-2.1111186190955458	2.4082248780500755
-2.111119184114274	2.40822452632573
