-1.9799145348332379	-2.255878019476128
-1.9751425127627458	-2.249570939487185
-1.9703944970229041	-2.2432111534812385
-1.9656751483833674	-2.2368247799771948
-1.9609787303141815	-2.230406323693628
-1.9563030907128642	-2.2239629495456876
-1.951643081411671	-2.217493634077234
-1.9470086086802754	-2.2110192540232743
-1.9425365859206514	-2.204732199553084
-1.9381593749135946	-2.1985557239593065
-1.9337125425849553	-2.1922920961766246
-1.9292003222619925	-2.185943156089284
-1.9246743649680802	-2.1795701822253326
-1.9201597276445055	-2.173195096634668
-1.91566979023283	-2.1668107345683807
-1.9111462576224878	-2.1603627287465548
-1.906588028243679	-2.1538390693988916
-1.9020393801934479	-2.1472953453147614
-1.897493386324258	-2.1407315679325403
-1.892951001853369	-2.1341592254294413
-1.8884155603651425	-2.1275796068659654
-1.8838830097249442	-2.1209880196652713
-1.8793505478642685	-2.1143877118646985
-1.874818594095631	-2.1077832489098363
-1.8702880829992938	-2.101177010058271
-1.8657616822329262	-2.0945762131410626
-1.861248823337017	-2.0879913201240266
-1.8567550440861424	-2.0814200716131674
-1.8522688818195234	-2.0748532221681635
-1.847781458366085	-2.068261224402222
-1.843298007423596	-2.0616565398794453
-1.8388169155594054	-2.0550436015034914
-1.8343389671667938	-2.048423887205584
-1.8298655450433177	-2.041798053343548
-1.8253937072473978	-2.03516257901911
-1.820923927289254	-2.0285215001854606
-1.816453885123036	-2.0218739026458157
-1.8119861805733064	-2.0152263491567246
-1.80752547501419	-2.0085851802015338
-1.803081077759875	-2.001958312372849
-1.798652102689115	-1.9953381164033523
-1.7942138520333406	-1.9886976445985032
-1.7897777455868862	-1.9820582196867524
-1.7853387193354038	-1.9754123091762017
-1.7808963429768143	-1.9687630810147116
-1.7764508831735895	-1.962111072088612
-1.7720024263805483	-1.9554563664672913
-1.7675523876692252	-1.9488003511481102
-1.763109531612968	-1.9421474408891268
-1.7586736174235877	-1.9354863704640985
-1.7542421306230815	-1.92881853496644
-1.7498149954467073	-1.922151254443843
-1.745405420207827	-1.9154971195975692
-1.7410110042244715	-1.9088538840150315
-1.7366072199431748	-1.9021912950677409
-1.7322037593472455	-1.8955279262818743
-1.7277977954067192	-1.8888603525283219
-1.7233893915918748	-1.88218958220073
-1.7189770015428674	-1.8755143378367474
-1.7145607446587838	-1.8688369180470659
-1.7101410274499504	-1.8621574023247682
-1.705716777106845	-1.8554750479095956
-1.7012881837950347	-1.848792644539333
-1.6968570324675334	-1.8421136685538895
-1.692425134927148	-1.8354455170517927
-1.6880046905130306	-1.8287980122744822
-1.683585524034261	-1.822158378956958
-1.679153891065743	-1.8155068696719487
-1.6747080311966194	-1.8088564148771273
-1.6702434609894927	-1.8022083537345384
-1.6657651853189857	-1.7955649588155334
-1.6612767724202382	-1.788928806905222
-1.6567776670357426	-1.7822948168283856
-1.6522674033333915	-1.7756635061542063
-1.6477461417754966	-1.7690353678498514
-1.6432143644319401	-1.7624120496380762
-1.6386758875982428	-1.7557980841817202
-1.6341325128191397	-1.7491976989833926
-1.6296106751115833	-1.7426329138522534
-1.6251284451154342	-1.7361486708603344
-1.6206637594679518	-1.7297095793145312
-1.616154022299678	-1.7232013358604565
-1.6116158971086634	-1.7166363555145367
-1.6070843104955843	-1.7100628380370946
-1.6025559939808034	-1.703478461077825
-1.5980268835680411	-1.6968838947772933
-1.5934965778779266	-1.6902839283968016
-1.5889652677253958	-1.6836796784070662
-1.5844196097292298	-1.6770628642940335
-1.579864253731951	-1.6704572148732537
-1.575300621277384	-1.6638650046649837
-1.5707397960038816	-1.6572976758641158
-1.5661875277351027	-1.6507578515635137
-1.5616121532527634	-1.6442081879030885
-1.557026666339895	-1.6376554459036752
-1.5524315479195498	-1.6311047228857396
-1.5478270780893428	-1.6245557671840474
-1.543212835772162	-1.6180088882507837
-1.5385735338672535	-1.6114545094726176
-1.5339095694571854	-1.6049111718828981
-1.5292237201302066	-1.5983799588715435
-1.5245219280847255	-1.5918649942809378
-1.5198056236435735	-1.5853631377305517
-1.515079442573211	-1.5788820925986096
-1.5103595578813012	-1.5724294116398625
-1.5056341587083166	-1.5659931306379145
-1.5008846919284589	-1.5595540668440575
-1.4961250032605644	-1.5531236346113544
-1.4913724920801714	-1.546712732641013
-1.4866180488758138	-1.5402887380322132
-1.4818593065717103	-1.5338569638457336
-1.4770954864851074	-1.5274215691107593
-1.4723285984981047	-1.5209854432561292
-1.467558583068216	-1.514547039577192
-1.462784176381892	-1.5081072513907121
-1.4580094066689322	-1.5016722000978158
-1.4532351022759078	-1.4952459736232295
-1.4484741544362876	-1.4888377340850494
-1.4437272082179868	-1.4824479303006166
-1.4389623703571102	-1.476040546029727
-1.4341943221285196	-1.4696292610558204
-1.4294219668040515	-1.4632159857780136
-1.4246456714987987	-1.4568003606188127
-1.4198640190967469	-1.4503817342682193
-1.4150770426062722	-1.4439618822947224
-1.4102836683165083	-1.4375402688688184
-1.4054838528487457	-1.4311185676641014
-1.4006787547420514	-1.4246991555691364
-1.3958741850893186	-1.4182881932807951
-1.3911141887910417	-1.4119444800231833
-1.3863745929850817	-1.4056376760227791
-1.381672152073551	-1.3993797670228822
-1.376955729316365	-1.3931028711150504
-1.3721928718838565	-1.3867485516145663
-1.3674214569455097	-1.3803575672514798
-1.3626591194775017	-1.373954699395461
-1.357900061301164	-1.3675363458057876
-1.3531465763155477	-1.3611112247466979
-1.3484078852716772	-1.3546825967467944
-1.3436830357779082	-1.348238839647575
-1.3389687557097452	-1.3417806501485319
-1.3342636164012232	-1.3353110902038456
-1.3295666814824305	-1.3288394542457538
-1.324889530189313	-1.322379265186528
-1.3202336446384058	-1.3159261313229509
-1.3155686970200215	-1.3094488945367155
-1.3109106204127892	-1.3029704141684733
-1.3062541573334827	-1.2964831656872233
-1.3015848416621318	-1.289981487005851
-1.2968998160655991	-1.283479322649877
-1.2922054117052622	-1.2769834454929676
-1.2875012277795972	-1.2704897193691842
-1.2827877300976165	-1.2639991539696223
-1.2780655574473303	-1.2575128408910687
-1.2733371372202875	-1.2510339004548832
-1.2686039911895437	-1.2445691914137853
-1.2638808614941324	-1.2381281963069255
-1.2591594923990468	-1.2317011322927498
-1.254434026475508	-1.2252817935482068
-1.2497004527683357	-1.2188472650526903
-1.244963206091868	-1.2124089517510526
-1.240222718392153	-1.2059679800131722
-1.2354778624024212	-1.1995235962380557
-1.2307285701624713	-1.1930772204423146
-1.2259732679593371	-1.1866281166956847
-1.2212123631691294	-1.1801787542850661
-1.2164453212248345	-1.173730098275188
-1.2116771159173993	-1.167287817522334
-1.2069181994255793	-1.1608632853178136
-1.2021813360041642	-1.1544590486902364
-1.1974804636986347	-1.1480734292253967
-1.1927613473522736	-1.1416488334051822
-1.1880484987219022	-1.1352114149165335
-1.1833392388144512	-1.128765604631049
-1.178634954145076	-1.1223120929015242
-1.1739355191020742	-1.1158498638086738
-1.1692374502810825	-1.1093769225225538
-1.1645368559687255	-1.1028951083086342
-1.1598350445515413	-1.096410112610856
-1.1551317525367495	-1.0899226352078197
-1.1504301016759877	-1.0834372207648877
-1.145730407272873	-1.0769603850061191
-1.141048178560765	-1.070503653250402
-1.136366971379989	-1.0640469305247298
-1.1316750633827277	-1.0575783870156608
-1.1269807892656887	-1.0511118043494994
-1.1222817667089673	-1.0446427061117245
-1.1175805929890517	-1.0381744762357554
-1.1129207878747411	-1.0317462857655273
-1.1083339034411626	-1.0253551114562434
-1.1037487917982265	-1.0189341222502264
-1.0990808667788783	-1.0124214791866946
-1.0943863424903935	-1.005908405957247
-1.0896840472168576	-0.9994060857516567
-1.0849752877868963	-0.9929215756184682
-1.0802759216272535	-0.9864637762281655
-1.0755735770521966	-0.9800185049028005
-1.070850062977288	-0.9735649894476639
-1.0661362518949113	-0.9671559107860856
-1.061355951545159	-0.9607112536213168
-1.0565453375733562	-0.9542794569245778
-1.051712924254819	-0.9478671718681148
-1.0468578411625464	-0.9414668831036885
-1.0419821599152412	-0.9350807218012812
-1.0370858015536122	-0.928706225769378
-1.032172872962348	-0.9223473900428713
-1.0272456733651405	-0.9160040527371506
-1.0223080398046074	-0.9096796747323763
-1.0173809798905806	-0.9033869579173261
-1.012486198063144	-0.8971590098275569
-1.0076408400795365	-0.8909911333421014
-1.0028625523754986	-0.884862445045852
-0.9980808792388829	-0.8786360654439075
-0.9933100221966614	-0.8723128579297946
-0.9885816489849002	-0.8659416945881144
-0.9838879166066299	-0.859527063970629
-0.9792325168660048	-0.8530812399961838
-0.9746150228604588	-0.846601137690983
-0.9700270978693197	-0.8400843399605814
-0.9654700078913813	-0.8335462571405327
-0.960931330253673	-0.8269722861862069
-0.9564253581740795	-0.820392075977059
-0.9519605383260382	-0.8138187621101206
-0.9475071242550429	-0.8072191364276171
-0.9430677731157613	-0.8006025124124695
-0.9386430383703108	-0.7939738391950101
-0.9342332571153013	-0.7873314972834718
-0.9298354782861061	-0.7806729141841394
-0.9254606474208452	-0.7740097896382331
-0.9211046249992184	-0.7673231719629305
-0.916763798447604	-0.7606178304148967
-0.9124339296715677	-0.7538959710702984
-0.9081159055991771	-0.7471697438254863
-0.9038170315205815	-0.7404472175825774
-0.8995269368942589	-0.7337194708077287
-0.8952544386001268	-0.7269922578638718
-0.8909858181812975	-0.7202581066002717
-0.8867208474966801	-0.713511860358647
-0.8824888325798284	-0.7067867495324055
-0.878329508563644	-0.700096976445818
-0.874159605765276	-0.6933225523869837
-0.8699979767460422	-0.6865160549650838
-0.8658510853018598	-0.6796924052698201
-0.8617210647808442	-0.6728566617810346
-0.8576065485410275	-0.6660078918907715
-0.8535075653835731	-0.6591516987432102
-0.8494185200936104	-0.652286840638172
-0.8453355000682405	-0.6454204062295356
-0.8412545886761801	-0.6385187004614219
-0.8371700571496637	-0.6315679179897348
-0.833146054575511	-0.6246223443724656
-0.8292337145021347	-0.6177431808838225
-0.8253698993483448	-0.6108203512898597
-0.821546581940079	-0.6038617784929627
-0.8177604947687164	-0.596868867216138
-0.8140121811075781	-0.5898523737721154
-0.8103020271113788	-0.5828105203724018
-0.8066304473135594	-0.5757479367093365
-0.8030547833613678	-0.5687751394383148
-0.7995287967002678	-0.5617859943135993
-0.7960157241151621	-0.5547014211124321
-0.7925233968955282	-0.547558250849969
-0.7890680698147827	-0.5403920396214998
-0.7856611380751696	-0.5332423743124398
-0.7822667686366597	-0.5260453840082517
-0.778892574484521	-0.5188266985731996
-0.7755368064091216	-0.511593168457009
-0.7722029345395052	-0.5043531694242105
-0.7689429279871159	-0.49719310749621104
-0.7658161325111538	-0.4901691497666104
-0.7628225976610191	-0.4832051823086227
-0.7599004778870788	-0.47616083535635484
-0.7570410938338986	-0.4690147038422419
-0.7542347001228157	-0.46171223638244335
-0.7515163175533983	-0.45432059576243194
-0.7489005192190994	-0.4468823776146808
-0.7463891463768499	-0.4394157181035485
-0.7439958282888449	-0.4319536097087981
-0.7417060855989498	-0.42448350097999554
-0.7394901054409397	-0.4169605174063952
-0.7373258666328929	-0.40934411732683557
-0.7352232115048826	-0.40168443289060596
-0.7331941462014798	-0.394035991466142
-0.7312258620021811	-0.3863643280943696
-0.7293140398822047	-0.37866622551557383
-0.7274533787786857	-0.3709493842316459
-0.7256391079737866	-0.36320707685141806
-0.723868640710499	-0.3554502012700837
-0.7221521027384907	-0.34767005756870895
-0.7205182799501706	-0.33984117605426595
-0.7189989334758518	-0.33199166683525316
-0.7176025995842643	-0.3241742853064969
-0.7163042056469154	-0.3163845471117278
-0.7151106999442379	-0.30863709422499563
-0.7140677187975045	-0.3008645542659796
-0.713186551460113	-0.29305964741100177
-0.7124183333757036	-0.2852393278259761
-0.7117605269578691	-0.2773981042951591
-0.7112166071837661	-0.26955922959113865
-0.710791919910212	-0.26169793933909924
-0.7104794311112539	-0.25382375500003423
-0.7102754394051614	-0.2459337774448423
-0.7101743104123814	-0.2380351074211311
-0.7101734047303967	-0.23013621072841012
-0.7102729154460327	-0.22224751407338522
-0.710472908792088	-0.2143550687131514
-0.7107557053383698	-0.20644555296647213
-0.7111327761150409	-0.19855439226905305
-0.7115998386052317	-0.19070120962689627
-0.7121499102832983	-0.18289884225219324
-0.712752314898551	-0.17512619758606332
-0.713376129334145	-0.16732748191562535
-0.7140003302020935	-0.15939688339377123
-0.7146056651546159	-0.15138316435869112
-0.7151847896951102	-0.14337107679002165
-0.7157435571632522	-0.13535687226035598
-0.7162827645177465	-0.1273423418245033
-0.7168005147025159	-0.11933691125151649
-0.7172993730613001	-0.11136883132629156
-0.717798591792499	-0.10339126758071203
-0.7183195677581229	-0.09535459529404398
-0.718882297011773	-0.08733038825513895
-0.7194901888433147	-0.07943024383545555
-0.7201536699181789	-0.07152116624112473
-0.7208627761920412	-0.06360156793807947
-0.7216133061531355	-0.055681353370470914
-0.722403931805997	-0.04775550095753951
-0.723230385569697	-0.0398305159810546
-0.7240926671418138	-0.03190267558598153
-0.7249951469171344	-0.023928243368155962
-0.725925507161601	-0.01589731919568521
-0.7268548472048775	-0.007849263163591857
-0.7277496822239314	0.00013922638368848474
-0.7285893286612626	0.008001176660486123
-0.7293451514026049	0.015750757896037217
-0.729994895177116	0.023471330915396132
-0.7305320649361174	0.03132846898989513
-0.7309424768244841	0.039367546033068385
-0.7312044767477707	0.04753927185945965
-0.7313033810774022	0.055722749019187494
-0.7312401901978169	0.0639095486944195
-0.7310149043621901	0.07209493169131886
-0.7306284522325353	0.0802701471147234
-0.7301151951107754	0.08843000643071074
-0.7295334259081803	0.09656611595486646
-0.7288504906623315	0.10470041634835126
-0.7279886150989227	0.11282078543969831
-0.7268752896561819	0.12091118696146981
-0.7255344777090657	0.12897252345180266
-0.7240357425540801	0.13700368080336903
-0.722381968052019	0.1450076002616356
-0.7205741424003429	0.15297978695577236
-0.7186167766935962	0.16091638596361657
-0.716513437910822	0.1688165645368471
-0.7142639819292245	0.17667312767015467
-0.7118750014709428	0.18448466546099593
-0.7093348521860794	0.19224109352394703
-0.7066573199032182	0.19994737006383972
-0.7038429534712534	0.2076053283960015
-0.7008947689843542	0.2152081590120093
-0.6978211405464605	0.22273729510840987
-0.6946247552584544	0.23018583821894306
-0.6913159828674825	0.23754872305891161
-0.6878809123116807	0.2448681496535046
-0.6843204211105424	0.25217059390367735
-0.680657565235491	0.2594243131966338
-0.6768915502290878	0.26661673064746405
-0.6730361527730742	0.2737468292636816
-0.6690732717584823	0.2808363080435863
-0.6650219754709104	0.2878584065892892
-0.6609177953103881	0.29481775342138666
-0.656747749041674	0.30174502910565204
-0.652518336628869	0.3086306959588642
-0.6482363299750252	0.3154816942333793
-0.6439064174625272	0.32228641679860676
-0.6395283020191994	0.3290596150851464
-0.6351246118116467	0.33576357782735267
-0.6306781656955708	0.34244679601853306
-0.6262181250165247	0.34903845085038315
-0.6217164454153676	0.3555528232398827
-0.6170707836066264	0.3621075076235361
-0.6123037478402276	0.3686621448189454
-0.6074609045233731	0.3751558589213978
-0.6025428403447022	0.3815965450836669
-0.5975565859004237	0.3879795492950468
-0.5925016571870036	0.3943131617947437
-0.5873779697839527	0.4005949393636389
-0.5821962640831401	0.40681660570513073
-0.5769510504562878	0.4129951914150659
-0.5716757987933978	0.4191330917823457
-0.5664027795256639	0.4251970069813703
-0.5611058744381286	0.43112798448684564
-0.5558282453679995	0.43695385470337234
-0.5505347346443483	0.442778703536294
-0.545174779102659	0.44868038263139964
-0.5397994594867709	0.4546056755409392
-0.5344178320809935	0.46053268135844283
-0.5290281762011725	0.4664622159973648
-0.5236569423798267	0.47237515673878167
-0.5182965185483617	0.47830603630216667
-0.5129397014993321	0.4842531014352315
-0.5075917819281397	0.49020171407934915
-0.5022640594599249	0.4961422604544598
-0.4969697181672063	0.5020757556962921
-0.4916657897807501	0.5080358399458847
-0.48636914991329555	0.5140001949900066
-0.4810716999132269	0.5199762695027051
-0.47577305295728345	0.5259576326532907
-0.47045655909791445	0.5319484844073032
-0.4650934560363452	0.5379373390781147
-0.4596431292619913	0.5439084556707778
-0.4540726027544648	0.5498383443248945
-0.448399571794646	0.5556841499528092
-0.44264295359117384	0.5614428670144755
-0.43681651920972403	0.5671224826170456
-0.43093544475524903	0.5727317609105333
-0.4249974194758223	0.5782480057353904
-0.4190024408383101	0.5836286702201007
-0.41290639875309915	0.5889231512917481
-0.4067071660431486	0.5941631456809627
-0.40043061942945485	0.5993221681442951
-0.39413425629605775	0.6043654557258985
-0.3877827606934812	0.6093600536522374
-0.381392496775808	0.6142993210069548
-0.37497348183328744	0.619184480408727
-0.3685190338371573	0.6240306380659281
-0.3620336478636578	0.6288220938649354
-0.35552304777090477	0.6335595306849781
-0.3489847334232617	0.6382545868785913
-0.34242095586984544	0.6429124026366099
-0.33583592446022187	0.6475298157713273
-0.329246206513204	0.652092422661904
-0.32262310692663604	0.6566230529109124
-0.3159593993840687	0.661129247642101
-0.3092746085667782	0.6656004365329461
-0.30256601923571846	0.6700417136986558
-0.2958419745536805	0.674449622599334
-0.28910534659958737	0.6788276817133422
-0.28244161093488684	0.6831148967374828
-0.27571864996605494	0.6873699054194176
-0.2689070107012058	0.6916212147398111
-0.2620458055985424	0.6958436921544742
-0.25516422737105926	0.7000193050037666
-0.24826626353825607	0.7041554386066018
-0.24135323017408222	0.7082580839734031
-0.23442871984723804	0.7123187692317249
-0.22748582694025704	0.7163431685950555
-0.22051345123948246	0.7203449258474369
-0.21354036301831664	0.7243115941801181
-0.2065573017092556	0.7282621110459211
-0.1995717299802931	0.7321961945615834
-0.1925905498984366	0.73610363275209
-0.1855949403894705	0.740001072359726
-0.17858840424411934	0.7438863594097654
-0.17157014731902262	0.7477607957437317
-0.16454408242116708	0.7516219688728112
-0.15751118634201228	0.7554709355780002
-0.150470028064008	0.7593111268858146
-0.14342001503723917	0.7631407059858198
-0.13647348091867545	0.7669011787821466
-0.12962694056625435	0.7706247615811511
-0.1228243743067874	0.7743752502637716
-0.11595957734456758	0.7782395610018251
-0.10910882079747135	0.7821816625566715
-0.10231376083740652	0.786179884336061
-0.09558483462396616	0.7902193536498822
-0.08884102484038134	0.7943385670911757
-0.08209238985077216	0.7985262266283893
-0.07535354722322318	0.8027602810183735
-0.0686068650177954	0.807037751566817
-0.06179023470591892	0.8113859770378962
-0.05486159381376402	0.8157957906065708
-0.04793265596108882	0.8201628632583741
-0.04108015226219383	0.8244216350643716
-0.03420228995489321	0.8286325249608022
-0.027302281879430044	0.8327961065362968
-0.02039394753173331	0.8369150836632344
-0.013485899047101743	0.8409856739908369
-0.006627567278625047	0.8449752879208416
0.00033688801442637766	0.8489492095431604
0.007321632946365543	0.8528824728013794
0.014239814569919056	0.8567703522212275
0.02116938771163604	0.8606922256521145
0.02809424060987608	0.8646459589846605
0.03499626096205602	0.8686187478729804
0.04191127355487911	0.8726219999177428
0.04882960149569221	0.8766319080214643
0.055747977068861664	0.8806476738293495
0.06266893062476751	0.884680199502162
0.06953502183144744	0.8887208641838631
0.0763391413185803	0.8927690820965165
0.08313497337609295	0.8968514460578256
0.0899485191953503	0.9009781019659507
0.09675971641685653	0.905129884668163
0.10356390097491883	0.9092984380813995
0.1103594501811748	0.9134829547831326
0.11714399278798887	0.9176857096933736
0.1239185354017458	0.9218969416632399
0.13071185559998041	0.9261289350560116
0.13750811320594164	0.9303564466398416
0.14430722571422397	0.9345838076176366
0.15109824296281063	0.9388075092286289
0.15788547218441928	0.9430349557102049
0.16464967465372674	0.9472580163472584
0.17141171065480745	0.951483907368008
0.1781879364262134	0.9557255172662975
0.18496426992085782	0.9599700372796602
0.19174229122250883	0.9642179411651519
0.19851216703673305	0.9684631741220938
0.2052350792656438	0.9726828432449032
0.2119595435794103	0.9769067399457455
0.2187183455085581	0.9811588756166347
0.22547916649926927	0.9854222433923616
0.23223911854265025	0.9896918307900971
0.23899809879022182	0.993968469331221
0.24574921983583553	0.9982515395427933
0.25248286844580176	1.0025335907678457
0.25920148853487673	1.0068140305144988
0.26588149346928636	1.0110725818002373
0.2725882216518564	1.0153297347771322
0.2792991501923719	1.019594883785108
0.2860290480867924	1.023894647022096
0.29277847524595924	1.0282311332977745
0.29949669084020686	1.0325569293398267
0.3062151249004532	1.0368874015232556
0.3129305007175198	1.0412241110607974
0.3196465124135719	1.045568235645956
0.3263598258709861	1.0499169064627216
0.33306407819764366	1.0542698296336193
0.33974630501831693	1.058624269849033
0.3464177518766321	1.062980857965359
0.3531021321556001	1.067358255940274
0.35978342167003424	1.071741242954249
0.3664613252668474	1.0761304535915703
0.3731345575585906	1.0805275576513618
0.3797937776666005	1.0849218916577534
0.3864602795080074	1.0893236313001118
0.3931294612636603	1.0937329151944957
0.39980292800928846	1.0981467848570436
0.40647896475921125	1.10256197688977
0.4131533408450508	1.1069771179596521
0.41982406520034166	1.1113924207616084
0.42647884638077294	1.1158059749153164
0.43312304680747077	1.120214784491472
0.43978288469970833	1.1246394124926526
0.44644189849849364	1.129065121156107
0.45309970675604566	1.1334929895057744
0.45975860237297866	1.13792855239338
0.4664335366417957	1.1423726330580237
0.4730978234594886	1.146796023181217
0.47977032389967184	1.1512177744295384
0.4864480703615734	1.1556362910925515
0.4931307338686611	1.1600523999603831
0.49981305131047693	1.1644635893680728
0.5064944335181119	1.168871110590472
0.5131632609894993	1.17327305615772
0.5198290405777368	1.177670709266786
0.5265064760975888	1.1820774164530277
0.5331933881261938	1.1864822913291821
0.5398865952965232	1.1908793367814092
0.5465804246161917	1.195269788472687
0.5532624589073123	1.1996398833419597
0.5599549600475283	1.2040052242938597
0.5666625472832822	1.2083739456565792
0.5733740803084026	1.2127385410150315
0.5800910492511363	1.2171017071016292
0.5868071926671297	1.221459564886635
0.5935176713792516	1.225812027844493
0.6002007824477542	1.2301452909428812
0.6069001880284283	1.2344817981609657
0.6136219111384061	1.2388267971287448
0.6203471518035879	1.243166468232942
0.627074841287832	1.247501888304982
0.6338023947332976	1.2518355736108349
0.6405232178806785	1.2561580631294698
0.6472520749712067	1.2604759766647884
0.653990362024674	1.2647952802063802
0.6607321194329125	1.2691110252233504
0.6674868533334399	1.2734276485181628
0.6742435913651259	1.2777329156576633
0.6810021142458242	1.2820322730394755
0.6877534333122698	1.2863213613070188
0.6945044066497976	1.2906049373978794
0.7012616592503912	1.2948893011761515
0.708021457223294	1.299170693201686
0.7147832927656523	1.3034500039597252
0.7215442468284483	1.307728265014214
0.7282992181516486	1.311998346406277
0.7350707926837309	1.316267740914089
0.74185273651566	1.3205296487933467
0.7486423565377079	1.32478526033013
0.755433784180548	1.3290324826545772
0.7622272716521987	1.333274260449742
0.7690165053230444	1.337510558655432
0.7757904970848066	1.3417328611849209
0.7825783370182184	1.3459606892844316
0.78937058093825	1.3501867801823442
0.7961675612221786	1.3544119980208984
0.8029729470809791	1.3586359713497138
0.8097808894893949	1.3628524871806758
0.8165744497475672	1.3670448366322743
0.8233780681878091	1.3712284700774393
0.8302023935879915	1.3754143121050373
0.8370333098042317	1.379596186562187
0.8438715658206407	1.3837735661327468
0.8507088802622493	1.3879410946223816
0.8575422027354326	1.3921050432205562
0.8643580863377639	1.3962524277298787
0.8711726546562439	1.4003923080433047
0.8780261484706893	1.4045414835322765
0.8848866028785212	1.4086802904736175
0.8917500244923721	1.412808813295537
0.8986151764403859	1.4169315303638201
0.9054735524849246	1.4210426927369337
0.9123404305707778	1.4251449028109702
0.91921848797558	1.42924599944314
0.9261036328115212	1.4333409326391406
0.9329918665779096	1.4374279755220978
0.9398939050167103	1.441509273279102
0.9468024914679656	1.4455788801359133
0.953703296493332	1.4496246061517752
0.9606146550753444	1.4536644362187257
0.9675334527187086	1.4576962482605502
0.9744585113078511	1.4617209958207484
0.9813890308132757	1.4657387930205747
0.9883222983549038	1.469749192171317
0.9952483539088568	1.473748178617018
1.0021808491598458	1.4777349169246603
1.0091379782394334	1.4817213839949235
1.0161071352435425	1.4856928194231622
1.0230847068967273	1.4896493718449262
1.0300631308376937	1.4935893832404539
1.0370374694047797	1.4975166951994516
1.044009626146969	1.501429184793465
1.050995806412646	1.5053404323279833
1.0579886217120213	1.509242499115405
1.0649862740679943	1.5131376816728448
1.0719915434387175	1.517028469813255
1.0790051039543747	1.520912338267611
1.0860209106722796	1.5247823622416643
1.0930354410588972	1.5286268176734463
1.1000714560181615	1.5324665114577607
1.1071166889059363	1.536294174937035
1.1141615021347144	1.5401077099807121
1.12120693262049	1.5439125175081316
1.1282395639573946	1.5477016814196436
1.135284283542141	1.551487396468069
1.14233733905854	1.555269513698176
1.149398398661603	1.5590454753828065
1.1564752297862042	1.5628160877640425
1.1635604622083526	1.5665723243927432
1.1706516418987443	1.5703155597865168
1.1777415615564026	1.5740488980392455
1.1848302213852893	1.5777614618708706
1.191935882813539	1.5814695126682894
1.1990494666163638	1.5851651200464199
1.2061621897629247	1.5888475195233978
1.2132729675419993	1.592521064233919
1.220365575788089	1.5961740683125891
1.2274701633887402	1.5998211389400332
1.2346048231364801	1.603466961089976
1.2417484952588567	1.6071002608639142
1.2488987012489534	1.6107214054107855
1.2560563199288362	1.6143327358716049
1.2632190173949014	1.6179333066746395
1.270381386849593	1.6215261960893343
1.2775373735588953	1.625099642163589
1.2847093213022134	1.628668453734803
1.2918955886881456	1.63222803502049
1.2990879336302603	1.635770348180231
1.3062792958243603	1.6392992586685713
1.3134633244186469	1.6428063398107815
1.3206636100619447	1.6463090738440305
1.327869191174458	1.6497994846220991
1.3350835554910894	1.653282193573185
1.3423045177039565	1.6567559775396916
1.3495328396355746	1.6602218394323875
1.356769519522088	1.6636796881730735
1.3640123710536134	1.6671296170417857
1.371253238548109	1.6705547740657951
1.3785064448477697	1.6739665257512464
1.3857623502449754	1.6773635783320902
1.393018064890702	1.6807483675388804
1.4002589591703385	1.6841201657753646
1.4074972575153903	1.6874781333849236
1.4147611521443777	1.6908382946605394
1.4220315613746748	1.6941894336846643
1.4293081405936856	1.697533423606623
1.4365954709361943	1.7008713550809322
1.443894925509662	1.7041997726429132
1.4512017255635938	1.7075138918506498
1.4585132553848619	1.7108155688230042
1.4658202945805954	1.7140988239833124
1.4731268836960998	1.717362468759423
1.4804457669286997	1.7206195548717154
1.4877630038402314	1.723864479801275
1.4950659919777514	1.7270969961557878
1.5023743999071124	1.730321747057392
1.5097005353333537	1.7335441193989034
1.5170388271560011	1.7367569840510992
1.5243828942477358	1.7399584057026376
1.53173527633559	1.743151087484898
1.5390951040387697	1.7463342638711656
1.5464602221286794	1.749507294587802
1.5538280575664773	1.7526705340612085
1.5611884292160993	1.7558212726474907
1.5685541971954393	1.758958136893711
1.5759229136526423	1.762086171782236
1.583292544156324	1.7652027819408542
1.5906506754299619	1.7683037959124128
1.5980223441558177	1.7713968802474032
1.605406069724079	1.7744835991563006
1.6127964499089706	1.7775621354941729
1.620193528647086	1.7806334251790423
1.6275979172391413	1.7836977795696387
1.6350094342533286	1.7867547362245724
1.6424258919790449	1.7898031858836545
1.6498464199226652	1.7928435101519578
1.6572681411002859	1.7958764516669452
1.6646864430055568	1.798892158287974
1.6721082832497012	1.8018977268826122
1.6795253686252416	1.8048930820823057
1.6869292410837973	1.8078745063338513
1.6943505813752446	1.8108568012408435
1.701776446138675	1.8138315064785613
1.7092094995537912	1.8168010550251803
1.71664805190549	1.819764869926736
1.7240916870647263	1.8227237115372137
1.7315414505629885	1.8256783715833085
1.7389979105569608	1.828627478949049
1.7464581333881983	1.8315677485595108
1.7539152030208531	1.8345001811432466
1.7613653433748027	1.837416680715284
1.7688228713557512	1.840328515918516
1.7762707634766526	1.8432313666521662
1.7837077402314439	1.8461223141037422
1.791163839505515	1.8490166551624665
1.7986223610684309	1.8519038835988881
1.8060868652339568	1.8547875804835177
1.8135571220514262	1.8576674239440842
1.8210338006042956	1.8605433114007635
1.8285156432630063	1.8634145291634827
1.836001500548028	1.866280808345997
1.843489557108411	1.8691413455698431
1.8509747174031081	1.8719971058911975
1.8584516532149	1.874840201577241
1.8659345697998533	1.8776796898264057
1.8734053439005696	1.8805119286024077
1.8808667366384955	1.883334511976841
1.8883476440384286	1.8861609244871205
1.8958316522235572	1.8889813506126392
1.9033214620922645	1.8917983994763254
1.9108159039173729	1.8946118676701995
1.9183157534254145	1.8974224479226005
1.925820190369299	1.9002298858222315
1.9333284716850123	1.9030338543281393
1.94083852156334	1.9058331504846753
1.9483453109878885	1.9086288091434382
1.9558416287357294	1.9114132604307708
1.963341874890825	1.914195484058944
1.9708260030038103	1.9169724759222566
1.9783044829013245	1.919743930658931
1.9858017832513408	1.922521136070738
1.9933006686380006	1.9252944170325206
2.00080309671153	1.928066632212241
2.008310102071499	1.9308385639161951
2.015821654096849	1.9336099820164312
2.023337675397493	1.9363806644372406
2.0308570952186686	1.9391496268907285
2.0383776698037215	1.9419154857509986
2.0458945070064813	1.9446793317754107
2.053400126618747	1.947433803739564
2.0609103158884	1.9501877719764862
2.0684047744154004	1.9529372848966438
2.0758958888847467	1.955683033670771
2.0834018832885985	1.958434073165239
2.0909087478480766	1.9611823435194986
2.0984187117152655	1.9639307186065746
2.105933338731251	1.9666798876215603
2.113451120693648	1.9694292873685464
2.120972717831699	1.9721796456856826
2.1284969646454575	1.9749299470057102
2.1360217451045314	1.9776788310686557
2.1435423328503798	1.9804271687012998
2.1510513269373215	1.9831678693664687
2.1585636141156956	1.9859092376210774
2.1660573836691572	1.9886466668928358
2.173552371669471	1.9913834386125375
2.1810558011980885	1.994125942808966
2.1885597276065814	1.9968704397574217
2.19606654211932	1.9996184762481224
2.203576474559011	2.0023699068714382
2.2110894387630364	2.005124745661239
2.21860536108297	2.0078828085926266
2.226123341893032	2.0106431581299553
2.2336409986072217	2.013404562089601
2.2411529105550803	2.016168285849941
2.2486528206889767	2.018926515397831
2.256157511582315	2.0216887237921783
2.2636569259292565	2.024455462738686
2.2711342549614595	2.027220647097332
2.27861845471295	2.0299979315411587
2.2861012338708293	2.032782336035552
2.2935870184621248	2.0355754048460666
2.3010743724034737	2.0383753642387363
2.3085628984317927	2.0411825288017598
2.316041830605334	2.043993439068821
2.3233215515184433	2.0467399022577646
2.33036759591177	2.0494192341496533
2.3372268486363486	2.0520651641490812
2.3439302382118545	2.0546992846488505
2.3504705569411666	2.0573271882465525
2.356850058898376	2.0599442462909123
2.3630725309321567	2.062545681779136
2.3691373708383776	2.065116220609303
2.375015536420398	2.0676247305821818
2.380678101813664	2.0700441689607634
2.3861019014810867	2.0723521031987846
2.39126845272874	2.0745315779636253
2.3961634733914883	2.0765699130314523
2.4007759259179324	2.0784585635554866
2.4050973869798993	2.080192485906085
2.409121512370473	2.0817695373372564
2.412843623585256	2.0831899324328145
2.4162604183619796	2.084455777425392
2.419369816433957	2.085570683559947
2.422170531637599	2.0865395260987456
2.424661948008447	2.087368119520451
2.426843753021575	2.088063060714369
2.4287201318186065	2.088633138705527
2.4303813610340512	2.089112818259285
2.431870694982843	2.0895233382910416
2.4331886727373186	2.0898723956409695
2.4343309651693494	2.0901650501303983
2.435283407356648	2.0904027748029756
2.4360664277241133	2.0905940612802514
2.4366675230317254	2.090739077456976
2.4371113221636134	2.0908453148856823
2.437425796868661	2.090921315174265
2.4376342536498585	2.0909707429679876
2.4377051164690515	2.090986904659376
2.43765321687448	2.090973663584693
2.437600882272731	2.090958597950076
2.437552896919936	2.0909447994396855
2.4375043501186404	2.0909305643362837
2.437455573802406	2.0909159475096653
2.437407023755903	2.0909010891269926
2.4373565622872007	2.090885230675006
2.437316821238406	2.0908726846046344
2.4372823161462858	2.0908617895108588
2.437248616619432	2.090850903722126
2.437216122611291	2.09084030624932
2.437177979823983	2.0908277429290405
2.4371410485595297	2.090815156950211
2.4371059680621916	2.0908030902391754
2.43707146685351	2.0907911295378834
2.437036353612001	2.090778810631578
2.4369994430299036	2.0907654542514096
2.4369738520744386	2.0907561669776764
2.4369507754675537	2.0907482380128357
2.4369245090369804	2.0907386957366594
2.4368991973377674	2.0907293247473917
2.436875333361334	2.0907204540930726
2.436851085899382	2.090711424898176
2.436827235751874	2.0907024099964855
2.436803100489613	2.0906932063001498
2.43677988710844	2.0906842304104822
2.4367566154401676	2.0906751918240123
2.4367314793656067	2.090665077728142
2.4367181481379796	2.0906605264416727
2.4367018788216526	2.090654685715192
2.4366828345051053	2.090646954686702
2.4366646536664853	2.0906395527464734
2.4366486482072114	2.090633022443353
2.436632329336918	2.090626531442218
2.436615804275993	2.0906196874053786
2.4365995291487983	2.0906130249467543
2.4365820697706244	2.0906055922496076
2.436569738187271	2.090601038897978
2.436560358286749	2.0905975053962136
2.4365478600708514	2.0905922092209153
2.4365377713989296	2.0905879538455987
2.4365257953318786	2.0905831325515787
2.436512185459581	2.09057717667982
2.4365011390370297	2.0905726208571402
2.4364896935688343	2.0905678086236454
2.436478159901177	2.090563007010604
2.4364668324295375	2.090558283940874
2.4364545996473574	2.0905530124394436
2.4364434224172316	2.09054876667173
2.4364368852188583	2.0905461382385155
2.436427109368995	2.090541894247114
2.436417467467285	2.0905376251857732
2.43640725739422	2.090533287154615
2.4363976277947748	2.090529229472347
2.4363885078252228	2.0905253360530116
2.436379626456085	2.0905215579900687
2.436370837895573	2.090517764549081
2.4363605502633106	2.090513296616083
2.4363509887054176	2.090509602545154
2.436347473621202	2.0905082296995214
2.436340440879129	2.090505173383912
2.436332323174751	2.0905014852437254
2.436325819509888	2.0904987082784316
2.436318496894633	2.0904955471107343
2.436310726755911	2.0904922946986266
2.436304219684625	2.0904894856977756
2.43629755167029	2.090486606097693
2.436290581286164	2.0904836684302337
2.4362845924068277	2.0904810871647626
2.4362785509273985	2.0904784746468157
2.436271981075222	2.090475655623984
2.4362652358990666	2.090472761564563
2.4362587712521138	2.0904700074971747
2.436253198034866	2.0904675912982693
2.436247508502436	2.0904651202666122
2.4362412677609036	2.090462425670271
2.4362347018440222	2.090459585292426
2.436228188774085	2.0904568157086643
2.4362231217618944	2.0904546240001878
2.436218411624153	2.090452568643471
2.4362129080989954	2.090450174506182
2.4362065629805016	2.090447453537549
2.4362007121842932	2.0904449370112217
2.4361956913581193	2.090442774670812
2.4361912128599332	2.0904408343130627
2.436186473623648	2.0904387830112134
2.4361814189770814	2.0904365965346456
2.43617587765592	2.0904341307328322
2.436168542937534	2.0904309934972805
2.4361629587810225	2.090428592310823
2.4361594619407687	2.090427132867466
2.436157327479658	2.090426224145852
2.4361538669959915	2.090424736012539
2.436148698365966	2.0904225088179107
2.4361427578993555	2.090419930709448
2.436136977727121	2.0904174279664853
2.436132041372501	2.0904152993507554
2.4361279035503083	2.090413567265839
2.4361252158402893	2.0904124584780006
2.4361227372417487	2.09041146857081
2.436120163044977	2.090410407040033
2.436116440045772	2.0904088478205702
2.4361119450875353	2.090406922901175
2.436106985942724	2.0904048033346925
2.436102678106969	2.090402971595941
2.436099240850715	2.09040153587025
2.436096541563974	2.090400486600937
2.4360956140108083	2.090400161089341
2.436093702018537	2.090399432757533
2.436090944701256	2.0903982921787865
2.4360868650093286	2.090396530748309
2.436081202136793	2.090394074550847
2.436076049418254	2.090391823258891
2.4360719660462475	2.0903900770370822
2.436069047673462	2.0903888747578994
2.4360668243049544	2.090388028708307
2.436065711810902	2.090387700850677
2.4360652599527675	2.0903876756047435
2.4360642345085997	2.0903874146966985
2.4360629898127875	2.0903870462862892
2.4360616801669046	2.090386661660751
2.436060690600272	2.090386419181283
2.436059728218202	2.09038621555903
2.4360592942576935	2.0903862561761497
2.436059280337564	2.090386514672382
2.4360598791002634	2.090387074265744
2.4360612941634163	2.0903880395180847
2.4360639429708333	2.090389652513311
2.4360694434510854	2.090392557526451
2.436075936088069	2.090396027833908
2.4360830174076185	2.09039988884746
2.436091594834799	2.09040446662529
2.4361020321857194	2.0904099955248028
2.4361144840935927	2.090416559815805
2.4361297145377305	2.0904245174711087
2.436147525035384	2.090433812503483
2.4361691308638274	2.09044501992357
2.43619456253571	2.090458198720129
2.4362239439532085	2.0904734746486358
2.4362562222210333	2.090489503706037
2.436287786892347	2.09050574075085
2.43632000134156	2.0905224363053123
2.4363525859417616	2.0905390256806053
2.436384874785139	2.0905556686791646
2.43641719440532	2.0905722994622313
2.4364495061381377	2.090588877475873
2.436481500947224	2.0906053568032914
2.4365142455965296	2.090622227622335
2.4365470160988565	2.09063898582762
2.4365796240186417	2.090655765522525
2.4366122525150047	2.0906725043712413
2.436644612428922	2.09068911099746
2.436677170747411	2.0907058642846477
2.4367098313511892	2.0907225756534293
2.4367422069066462	2.0907391556187216
2.4367745375356575	2.0907557487063815
2.436806942470042	2.0907723651686148
2.4368395217565664	2.0907890871696515
2.4368720929368854	2.090805790542012
2.4369043308025384	2.090822362335375
2.4369364775947364	2.0908389725030925
2.4369685642031573	2.0908555654159073
2.437000283483005	2.0908720004955432
2.437031450754906	2.090888228678246
2.4370625145284337	2.0909044845703764
2.4370935513914604	2.090920749233994
2.4371247217353074	2.0909372073750667
2.4371569749336737	2.0909542730907624
2.4371893718502395	2.0909712418533393
2.437221612909565	2.0909882188597866
2.4372536371074833	2.09100509524158
2.4372856043556577	2.0910219856140557
2.4373175262836275	2.091038839351437
2.437349140468885	2.0910555352021327
2.437380481661256	2.0910721505256546
2.4374118194174867	2.09108877765256
2.437442838594207	2.0911052128087606
2.4374730228989794	2.091121205479304
2.4375026880071835	2.091136965295121
2.4375323489532468	2.0911527179781118
2.437561680866301	2.091168249114281
2.437590802151284	2.09118361410903
2.4376193957939747	2.0911986935435425
2.437647247254585	2.0912133557784034
2.437673996929395	2.091227408637429
2.4376990045453497	2.0912405042634314
2.437722546594494	2.091252810895519
2.43774548033919	2.091264719431016
2.437765911252136	2.091275269686733
2.4377837755041596	2.09128440115778
2.4377986471560935	2.091291847531455
2.437810477079724	2.091297613177434
2.437820238853065	2.091302278629634
2.437828995510038	2.091306437797119
2.4378384367518136	2.091310976275115
2.4378495161248646	2.0913163616160944
2.4378617710803243	2.0913223747481697
2.43787484781096	2.091328898706932
2.437886736033736	2.0913347161436526
2.437896268586346	2.091339210394198
2.4379046302483847	2.091343077839925
2.4379131783646315	2.0913470481907233
2.4379229192718475	2.0913516814960382
2.437933494430533	2.0913567525066923
2.43794461562002	2.0913621341445494
2.437954908505916	2.0913670065697207
2.4379639324627975	2.091371158466817
2.437972635700406	2.091375140893706
2.4379814543324887	2.091379149694051
2.437991157798174	2.0913836639261456
2.4380015778966144	2.0913885552719576
2.4380119597826306	2.091393403689533
2.4380215975323383	2.0913978025399382
2.4380304392049372	2.091401857345408
2.4380396030696363	2.0914061271473146
2.438049492872948	2.0914107690798285
2.4380595870857134	2.0914155291612033
2.4380700549790375	2.0914204523620006
2.4380790263353767	2.091424584440297
2.4380876270830356	2.0914285693348984
2.4380961758129627	2.0914325367803026
2.4381051945545535	2.09143675719843
2.438114741525919	2.0914412647679246
2.4381247851491192	2.0914460140656748
2.438134043369555	2.0914503236248945
2.438142628007044	2.091454314168581
2.438151443988979	2.0914584790642876
2.438160997814845	2.091463010382804
2.438169809512679	2.09146711109061
2.4381776601672094	2.0914707321241712
2.438185584199133	2.091474419845947
2.438193948976594	2.0914783464343185
2.438202920951374	2.091482582401723
2.4382119145865846	2.091486817159012
2.4382206132900786	2.0914908904735974
2.4382287251451773	2.091494668224867
2.438237294224661	2.0914987869316755
2.4382469114421363	2.0915033152781644
2.4382533621604807	2.0915061605336533
2.438259457889657	2.091508934106079
2.438266913944443	2.0915124524252775
2.4382757532751547	2.091516661994095
2.4382841921590774	2.0915205859791763
2.4382912014476306	2.0915237868152765
2.438298560254724	2.09152723764236
2.4383065778005775	2.0915310267730263
2.4383147202299598	2.091534833825071
2.4383222653106906	2.0915383738186923
2.4383306502812205	2.0915423755260587
2.438339085620644	2.0915463731247383
2.4383471209382974	2.091550164392015
2.4383548350962823	2.091553805380535
2.4383626859759246	2.091557544035538
2.438370931796533	2.091561494850818
2.438379105627413	2.0915653932456673
2.4383868606496577	2.0915690688193553
2.438394474264469	2.0915727233708497
2.438402568213512	2.0915765910739332
2.438409577123334	2.0915798685411118
2.4384166397136053	2.09158323588496
2.438424278987231	2.0915868766834893
2.438431774320421	2.0915904557993876
2.438439915226368	2.0915944024869133
2.4384479828801013	2.0915982587170285
2.4384551689475376	2.0916016684505663
2.4384627982516003	2.0916053688334606
2.438470940740418	2.0916093571514076
2.438478952775179	2.091613173300871
2.4384850782446454	2.0916160199405764
2.438492092587122	2.0916194536207797
2.4385003318008702	2.0916234803998393
2.438507849787105	2.0916270654706133
2.438514635183124	2.0916303056002996
2.438521877622047	2.091633839254245
2.4385297847520366	2.0916376942251764
2.4385372662275255	2.0916413149408464
2.43854471707925	2.0916449445932983
2.4385519211083	2.091648453355295
2.4385589775294356	2.0916518361059535
2.4385655282358174	2.0916549956748725
2.4385732785048746	2.091658829456333
2.438581163552899	2.09166268753265
2.4385884156858006	2.091666202193253
2.4385952999043243	2.09166956220882
2.4386027685609326	2.0916732536828637
2.438610439293665	2.091677034956996
2.4386181138874132	2.0916808816126613
2.4386253539193534	2.0916843485948857
2.438630524978457	2.0916867798632306
2.4386369360207802	2.0916899260974957
2.438644081694885	2.0916933993550946
2.438651161359307	2.0916968439242876
2.4386578488652573	2.091700078731572
2.4386644078947204	2.0917032779265656
2.4386713801424946	2.091706686911688
2.4386783291633627	2.0917100845490864
2.4386853986404042	2.0917135589776796
2.4386922829729833	2.0917169324879197
2.4386991517183376	2.0917203152532053
2.43870608823295	2.0917237287093973
2.438713033535317	2.0917271575484477
2.438720078997865	2.0917306404982763
2.4387270172309723	2.091734072776594
2.4387339928507688	2.0917375292856097
2.4387409882025395	2.09174101009503
2.438748121755405	2.091744565531901
2.4387551972099466	2.091748138405936
2.438761891601312	2.091751386377739
2.438767474600539	2.0917541133471937
2.438774271135305	2.0917575068578302
2.4387812224859795	2.0917609220824516
2.4387878644996435	2.0917642143624247
2.4387944155664503	2.09176744826469
2.438800965307957	2.0917707032586343
2.438807792902161	2.091774095119504
2.438814451051968	2.0917773981356302
2.438821319243126	2.091780892967187
2.438827405227065	2.091783757196784
2.438832315112432	2.0917861292269007
2.438839552721435	2.091789767613372
2.4388462182256685	2.09179293741028
2.4388520170941588	2.091795802121054
2.438858727803345	2.0917991190749774
2.4388649271154734	2.09180211818765
2.43887134970668	2.091805303316037
2.4388779901500492	2.0918085623580955
2.438884376877198	2.091811712899053
2.438890975624233	2.0918149901514718
2.438897397443171	2.0918181524277895
2.4389038745306504	2.0918213716263367
2.438910546500757	2.0918246894479324
2.4389170901420405	2.09182794269441
2.43892362787582	2.091831209040553
2.438930183550373	2.091834478531677
2.438936815450525	2.091837806794444
2.4389434838933863	2.091841150848535
2.4389501402571336	2.0918445545665287
2.4389558563864897	2.0918472861093815
2.4389611447415005	2.0918499044241963
2.4389679048016193	2.0918532311393303
2.438974254422491	2.091856318615877
2.4389804978772456	2.0918594315826864
2.4389867567137076	2.091862514401057
2.4389929332442786	2.0918655703464477
2.4389992625715555	2.0918686991153397
2.439005582589147	2.091871823425836
2.4390119186236907	2.091874973043701
2.439018015168595	2.0918779631188724
2.4390241343241312	2.091880983243876
2.4390307150414867	2.091884256421967
2.439037152991238	2.09188743345046
2.439043491519215	2.0918906072255923
2.4390498467881154	2.091893762186061
2.439056337032186	2.091897021299719
2.4390628326614854	2.0919002593394227
2.439069390059976	2.091903570956659
2.439076122853139	2.091906993400465
2.439082274495033	2.0919100852592556
2.4390881992110227	2.0919130558913044
2.439094751095116	2.0919163798069595
2.4391012557835494	2.091919624416622
2.439107819537765	2.091922987765584
2.4391141018020064	2.0919261401156093
2.43912059051356	2.091929469241199
2.4391271840209345	2.0919328030929836
2.4391338291248545	2.0919362371929386
2.4391403742139954	2.091939632439627
2.4391453984494684	2.091942082261748
2.439151702676618	2.091945355953489
2.4391578677301524	2.0919483084111836
2.439164102601906	2.0919514678535216
2.439170745166188	2.09195479688115
2.439177268232002	2.0919581042813125
2.439183565481569	2.0919612943967025
2.4391899564996464	2.091964543891821
2.439196567275521	2.09196791045354
2.439203228505088	2.091971369512563
2.439208332056005	2.0919738920097433
2.4392145461579995	2.0919770319258437
2.4392211148753904	2.0919802873239606
2.4392275925997184	2.091983567384931
2.439233649407522	2.091986603279277
2.4392399301729317	2.091989769205798
2.4392463832233138	2.091993003066873
2.439252746603771	2.0919961990074367
2.4392592624990144	2.0919995036484287
2.4392656623886637	2.0920027549738744
2.4392707925463024	2.092005299513508
2.439276885547157	2.092008313525661
2.4392829614961444	2.0920112509119977
2.4392894929633173	2.0920145192479978
2.439295922629729	2.092017727884121
2.43930236817295	2.092020981710748
2.4393088333032087	2.0920242341990214
2.4393153079855803	2.0920275047312575
2.439321831262339	2.092030830727291
2.439328270929796	2.092034126418812
2.4393347288186775	2.0920374412269758
2.4393408443421576	2.092040552612502
2.4393474123941967	2.0920439109574045
2.439353818298624	2.092047185016835
2.4393602918197357	2.0920505237990326
2.439366718285702	2.0920538398860895
2.439373168938777	2.0920571725932273
2.439379688968932	2.0920605636808483
2.439386107136934	2.092063927180658
2.439392569243919	2.0920673398959115
2.439397443712416	2.0920698855108726
2.4394039773355574	2.0920731768733734
2.439410299363405	2.092076297623635
2.4394168126089566	2.0920796220455102
2.4394230367000045	2.0920828629317856
2.4394295287291006	2.0920862303395613
2.439435726735758	2.0920894798342844
2.43944214830979	2.0920927965984273
2.4394485154891723	2.092096120657371
2.4394548302906176	2.0920994431119158
2.4394611136023436	2.0921027577409887
2.4394654991403364	2.0921050289539895
2.439472108839842	2.092108275979756
2.439478177656047	2.092111254676792
2.439484378024583	2.092114314128656
2.4394908502375783	2.0921175400429792
2.43949685076908	2.092120699367491
2.439503094819486	2.0921239093999016
2.439509283405967	2.092127110760084
2.439515355325147	2.092130274178643
2.4395209532569484	2.09213313231976
2.4395274088707617	2.09213623946594
2.4395334012653973	2.0921392605077322
2.439539700743431	2.092142409908659
2.4395456037445733	2.0921454915542896
2.4395517346640134	2.092148606539208
2.439557991954341	2.092151796899053
2.4395641085002375	2.092154997433405
2.43957028726761	2.092158242074438
2.4395762252251405	2.092161409175125
2.4395817651905505	2.0921643231924505
2.439588717159974	2.092167620252464
2.4395944705749284	2.092170682403614
2.4396003578713237	2.092173810461445
2.439606586846012	2.0921770127021366
2.439612601785948	2.0921801618538387
2.439618791635247	2.092183399086215
2.4396246813138327	2.0921865604400787
2.4396308000563316	2.0921898056584283
2.439636929512547	2.092193042356761
2.43964237696108	2.0921960212407287
2.439648583269108	2.0921992118833512
2.439654816481134	2.092202384861341
2.439660501754888	2.0922054106024275
2.439666568993848	2.0922085940336084
2.4396725203629233	2.092211737615677
2.439678634022789	2.0922149640081953
2.439684376567554	2.0922180759212163
2.439690381416253	2.0922213010768127
2.439696491593474	2.092224562940009
2.4397020343907756	2.092227558413364
2.4397068218579525	2.092230190871296
2.439713846762447	2.092233613920897
2.439719808763813	2.092236596848202
2.4397253606689646	2.092239518024578
2.439730967378908	2.092242516175449
2.4397369152458177	2.0922456471884483
2.4397431348776326	2.0922489150397214
2.439748761330218	2.0922518962487815
2.439754465285379	2.0922549213397055
2.4397594872899795	2.0922573657311276
2.439766598062503	2.0922608670911487
2.4397722879229553	2.092263716872925
2.439777086053899	2.0922660967475055
2.439782587372775	2.092268851656311
2.439788328975644	2.092271644676981
2.4397946597080886	2.0922748761412397
2.439800175277253	2.092277692296846
2.4398050061413055	2.092280081883105
2.439810481086669	2.0922828424705457
2.4398154251317705	2.0922850824534938
2.4398219305351865	2.0922883431349057
2.439827494004226	2.0922910099537453
2.4398324004707677	2.0922933149689786
2.439838066916169	2.0922961736498333
2.439843305581814	2.0922987417829195
2.439848460151634	2.09230127922483
2.4398538292990373	2.09230394353896
2.4398594587394693	2.0923068120323287
2.439864538483278	2.0923093220621785
2.4398692188865057	2.0923115010700286
2.439875872565628	2.092315171380027
2.4398815193052017	2.0923181736909333
2.4398856468340324	2.092320218926301
2.4398899979301842	2.092322441673946
2.439895133166607	2.09232507454867
2.4399012844205474	2.092328453691817
2.439907028848014	2.092331523342601
2.439912403607871	2.0923344630101965
2.4399162689072917	2.092336355186072
2.4399168816230348	2.092335448353705
2.4399194104452007	2.0923359641200463
2.4399235410352964	2.0923376945081285
2.4399284728747253	2.0923401203118654
2.439933063941693	2.0923422620000944
2.439937312405054	2.092344203772944
2.439940916829461	2.0923456556845075
2.43994368268375	2.092346495052629
2.4399455763344085	2.092346691163586
2.4399463759193316	2.092346094585503
2.439942932328596	2.0923419979815994
2.439938235499932	2.092337122872843
2.4399317749985165	2.0923309051854595
2.4399228689876993	2.092322893769771
2.439910756031311	2.0923124444319487
2.4398955026066744	2.092299716568403
2.4398783973975706	2.092285268766419
2.43985987886949	2.0922697595177864
2.439842032904085	2.0922547506399773
2.4398240713561834	2.092239611508653
2.4398051919136416	2.092223693002323
2.4397863583198807	2.0922077672724377
2.439767703189386	2.092191962990415
2.439749026774589	2.09217611966189
2.4397307672001767	2.092160592102506
2.439712528582749	2.092145063750682
2.4396946380149744	2.0921297945228208
2.4396767428473924	2.0921144999867276
2.4396588745017347	2.0920991951837915
2.439640996616946	2.092083849287626
2.439623197964687	2.0920685330543067
2.439605791092382	2.0920535087297933
2.4395883541903465	2.092038651218456
2.439571191297071	2.092024206614325
2.439554030251249	2.0920096893264755
2.439537336031006	2.091995574369305
2.4395206075399263	2.091981414254324
2.439503865080613	2.0919672457181235
2.4394871916163607	2.091953120862294
2.4394705671102233	2.0919390203631965
2.4394537805383485	2.091924786664229
2.4394356542944147	2.091909418374074
2.4394177602612115	2.091894234898689
2.4394001407668733	2.0918792321040196
2.4393826845391704	2.091864377335271
2.4393654101382882	2.0918496755407907
2.439348115013547	2.0918349424881586
2.4393307459389413	2.0918201377241887
2.4393136479031092	2.0918055476551887
2.4392963920593798	2.091790815648399
2.439277997291925	2.0917750994514694
2.4392598460740893	2.0917595485741316
2.4392416970980855	2.091743948539125
2.4392237716509073	2.091728544760174
2.4392061282667403	2.0917133599593583
2.4391884828123738	2.091698180345056
2.43917111442379	2.0916832590006935
2.4391536936596405	2.0916683067932222
2.4391362307648583	2.0916533439626046
2.439119185934851	2.091638741487297
