-0.11304509025671777	1.9325040264760944
-0.11301502432930527	1.924506250083102
-0.11297858371103779	1.916505254109971
-0.11294257145671462	1.9085055670759223
-0.11290798700501961	1.9005101905252133
-0.112874202498218	1.8925098452350153
-0.112842421939828	1.8845064580098858
-0.11281234841015683	1.8765001943111446
-0.11278271104508676	1.8684967774724945
-0.11275244467462332	1.8604968811890603
-0.1127161781925444	1.8525153853753131
-0.11267897079754884	1.844545211526572
-0.11263923260229476	1.8365492245255777
-0.11260190098272796	1.8285493011325984
-0.1125659039994876	1.8205483009399384
-0.11252902209306336	1.8125446290141687
-0.11249574389117577	1.8045420167022637
-0.11246635156905548	1.796543086016809
-0.1124394689561281	1.7885435156092728
-0.11241234543568185	1.7805413353288766
-0.1123858888887993	1.7725366142525734
-0.11236006482354156	1.7645304312910226
-0.1123360160082998	1.7565290764765342
-0.11230786096962814	1.7485450419879793
-0.11228018094818194	1.7405688778016903
-0.11225040762935214	1.7325679856130247
-0.1122236187938959	1.7245677901830303
-0.11219837167649138	1.7165661364487472
-0.11217321210091737	1.7085627751006442
-0.11215115536557094	1.7005640563590227
-0.11213268270029748	1.692564079445511
-0.11211818899177452	1.6845614708382606
-0.11210775317773598	1.6765551662095057
-0.11210129899307464	1.6685462840325276
-0.11209842284436869	1.660538235462307
-0.11209918023816287	1.6525344152915764
-0.11209708558067348	1.644546880426873
-0.11209911016426352	1.6365581969265732
-0.11210286225121072	1.6285538539586173
-0.1121161107969784	1.620546896490463
-0.11213689895844728	1.612539121687745
-0.11216257039080951	1.6045332887291783
-0.11219406571242109	1.5965389121738884
-0.11223094624673575	1.588536493765752
-0.1122711257700562	1.5805327740661932
-0.1123184599497039	1.5725255471165174
-0.11236949262750814	1.5645167736273986
-0.11242371541787287	1.5565075450462778
-0.1124777117722956	1.5485008456275038
-0.11253213079166512	1.5404974350960499
-0.11258721170081111	1.5325038020917239
-0.11264235716324156	1.524506945384506
-0.11269729721546241	1.51650839017009
-0.11275252741133757	1.508510595507752
-0.11280439467902649	1.5005161244636194
-0.11286141291225789	1.492541902296363
-0.11292196670814655	1.4845623693049441
-0.11298471491733807	1.4765636777638482
-0.11304675712992868	1.4685633126630269
-0.11310790903302041	1.4605607420386801
-0.11316794458915738	1.4525561513750314
-0.11322320819649467	1.4445501677904606
-0.11328012415078553	1.436545787991381
-0.11333592415330665	1.4285563253524454
-0.1133898189721281	1.4205608971217385
-0.11344157426392715	1.4125651718325645
-0.11349100714547648	1.404569421141196
-0.11353556682278715	1.3965744765399877
-0.11358522171143429	1.3885891196288156
-0.11363916170242098	1.3806185788802567
-0.11369261486494991	1.3726257192834446
-0.11374186795313186	1.364628380339009
-0.11378767570320475	1.3566285667620706
-0.11382920222867349	1.3486251659839896
-0.11386497417159418	1.3406193915086306
-0.11390247782504842	1.3326157348290466
-0.11393834686133798	1.3246268369889918
-0.11397123721130495	1.316632964169582
-0.11399825501992145	1.3086444277809939
-0.11401640966853364	1.3006549960580511
-0.11402426610240934	1.2926664074279048
-0.11403275290779717	1.2846948654731456
-0.11403908052934825	1.276708924924021
-0.11404163270649643	1.268713541310758
-0.1140414850279748	1.260715430720755
-0.11403828720342545	1.2527134548345338
-0.11403211230252479	1.244710583861498
-0.11401855168710558	1.2367098547227717
-0.11400885443874244	1.2287419625708302
-0.11399572778017	1.2207658535135357
-0.1139846473058786	1.2127631810412678
-0.11397755416063114	1.2047619770568743
-0.11397253689936007	1.1967606836293425
-0.11396466518951068	1.1887586434854533
-0.11396095715175296	1.1807639021865446
-0.11395794231612405	1.1727645649593472
-0.11395688052628232	1.1647642323839829
-0.11395625329259682	1.1567608245121053
-0.11395825900798531	1.1487505802871736
-0.11396445511330011	1.1407433727190595
-0.1139691477435243	1.1327375067273489
-0.11397312360252265	1.1247392114923314
-0.11397869737806225	1.1167454241855288
-0.11398399954260245	1.108747990827395
-0.11398898797030677	1.1007499282690856
-0.11399311274042125	1.0927527675322035
-0.11399684477613263	1.084756733712576
-0.11400234587927695	1.0767738949242116
-0.11400531740812904	1.0687967069318836
-0.11400331978628639	1.0608037224400542
-0.11399493526680207	1.0528081383214292
-0.1139821223577067	1.0448062552067767
-0.11396603212972314	1.0368037016516172
-0.11394176100940825	1.0287994680386634
-0.11391564351985553	1.0207962637628205
-0.11388500404205029	1.0128115039692838
-0.11384866586255069	1.0048194251110605
-0.11380907310342034	0.9968275583901793
-0.11375653949941195	0.9888429199505577
-0.1136924364871874	0.9808626167625565
-0.11362502080877716	0.9728871639726787
-0.1135448172346709	0.9648975370819923
-0.1134595211389274	0.9569053164161606
-0.11336862877413276	0.9489084298766147
-0.11327395947307842	0.9409096642040737
-0.11317390482645937	0.9329096321902208
-0.11306661293247608	0.9249137810857754
-0.11295094502799206	0.9169400534943343
-0.11283099911969986	0.9089852913486361
-0.11270718682363665	0.9009914007952843
-0.11257995928837704	0.8929966665772078
-0.11244876822823752	0.8850010144200396
-0.11230946428871325	0.877001143415315
-0.11216981326277081	0.8690105753687941
-0.11202913318442258	0.8610156276084147
-0.11188713603841584	0.8530188810338558
-0.11174345963574925	0.845019014977701
-0.11159868506012881	0.8370168178211476
-0.11145373623159512	0.8290105072946908
-0.11131055695746475	0.8210106599009257
-0.11116386210460547	0.8130293772822895
-0.11101666514179966	0.8050463302250296
-0.11086633077002155	0.7970490239964626
-0.11071614650189031	0.7890521932226304
-0.11056469209083374	0.7810552833911034
-0.11040915803828186	0.7730581170689288
-0.11025637411466081	0.7650670470064291
-0.11010348899355485	0.7570699427746173
-0.10995247606560739	0.749069061559556
-0.10980398554178958	0.7410653432815668
-0.10965720262093237	0.7330593763542698
-0.10951191335409438	0.7250540748198716
-0.10936681727080376	0.7170554476070162
-0.10921683286916516	0.7090776148873696
-0.10906428176166144	0.7010946331447835
-0.10890808993473557	0.6930982575782209
-0.10875152825044089	0.6851015496532427
-0.10859365347552956	0.6771028582774993
-0.10843290930238396	0.6690914602446111
-0.10827707128535301	0.661095261629647
-0.10812539372142219	0.6530959447439387
-0.1079765604965157	0.6450942161443677
-0.10783000809471183	0.6370908255243872
-0.10768460023400164	0.6290852542392436
-0.10754031754741801	0.6210808704489682
-0.10739608201222003	0.6130823715298717
-0.10724766605131726	0.6051047694227842
-0.10709706365944067	0.5971211418588894
-0.1069469099083292	0.5891198390962779
-0.10680400465188986	0.5811155398351817
-0.10666754382840729	0.5731121787958009
-0.10653355756654571	0.5651238269910807
-0.10640711646202838	0.5571291619342524
-0.10628258200376675	0.5491289859667708
-0.10616242673524601	0.5411260423092418
-0.10604593633101925	0.5331191741068348
-0.10593251102531998	0.5251129953218768
-0.10581978767453903	0.5171055734575892
-0.10570103492963678	0.5090767416839954
-0.10556652895767864	0.5010710885970291
-0.10541309842073832	0.49310086790462443
-0.10524765842536135	0.48512120997088726
-0.10506961182318963	0.4771344411764302
-0.10488178192825626	0.46914563217397276
-0.10468270181562436	0.4611662233366377
-0.10447754092271429	0.45318470124313387
-0.10426375509213473	0.4451983151193825
-0.10404341519579394	0.4372089187807794
-0.10381649878432615	0.42922316205813876
-0.1035921286301609	0.4214435042920596
-0.103375432644728	0.4138373671623308
-0.10314645102505463	0.40613411495307605
-0.10287745543031696	0.39830142185279277
-0.10257046042929555	0.39042315215835866
-0.10222707325349438	0.38250630185342693
-0.10185514941014233	0.37454743890908476
-0.10146109663031976	0.36657772708590264
-0.101047611431005	0.3586112508552291
-0.10062506707592538	0.3508437107969473
-0.10018494798955255	0.34338125045585405
-0.09971857495806667	0.33624759090156986
-0.0992249257144481	0.3294533196580941
-0.09870777465910138	0.322997591445119
-0.09817385551058692	0.31687053566547413
-0.09763145351366909	0.31105567793928945
-0.09708990651532053	0.3055321119668054
-0.09655835511028199	0.30027659403952456
-0.09604555827840593	0.29526526210130866
-0.09556125997216033	0.29047361917700004
-0.09511105883306893	0.2858763410737939
-0.09470207749557047	0.28145026800090206
-0.09434148504860206	0.2771795579813269
-0.09403779626863913	0.2730631291937609
-0.093794043294387	0.2691073117240038
-0.09361434907035207	0.26531172523716917
-0.09349969829824749	0.26167237491111744
-0.09345160477204861	0.2581811390785187
-0.09347030943060684	0.25482972037695545
-0.09355523173206876	0.25161464837389996
-0.09370461519356046	0.24854250719628773
-0.09391597451685864	0.24561710102412343
-0.09418903340094824	0.2427754439167075
-0.09451911209294259	0.24000019731419778
-0.09489587541861738	0.2373212902296513
-0.09531350270476309	0.23472160582133955
-0.09575840960661078	0.2322483596179571
-0.09623155316379368	0.22985706117677726
-0.09671204056202257	0.22761186715945142
-0.0971876771749614	0.2255294984042748
-0.09764969446367795	0.22363179785582216
-0.09808817502551406	0.22192986759211003
-0.09849196144038565	0.22043768474652495
-0.09886516851184327	0.21912107501875971
-0.09922791822026467	0.21789430233043225
-0.09957983971129486	0.21675890113144852
-0.09991830933277122	0.2157194248739239
-0.10024066451648178	0.21477933707335026
-0.10054325491655493	0.21394285186071285
-0.10082072618334025	0.21321630052554696
-0.10103654000982448	0.21267159854754805
-0.10121267815390188	0.2122421209533491
-0.10134550566144737	0.21192900576165769
-0.10143298888030315	0.21172922025432217
-0.10151024393766153	0.21155831380761622
-0.10159116313740667	0.21138869342613617
-0.10167550360614794	0.21122059403172178
-0.10176326272180278	0.21105406439461882
-0.10185419532789114	0.21088953652326906
-0.10194677601133702	0.2107294520097516
-0.10204270859635296	0.2105710894902553
-0.10214189018892858	0.2104145732071704
-0.10224426256195195	0.21025995171691422
-0.10234978788538487	0.21010727624642386
-0.10245843831726313	0.209956619493903
-0.1025701816253659	0.20980804126525332
-0.10268497724650885	0.20966161066903913
-0.1028027864183164	0.20951739291426474
-0.10292997176851182	0.20936940330919349
-0.10321840429430035	0.20905683563545152
-0.10374150949815907	0.20851474658087468
-0.10450285909992106	0.2077564765770511
-0.1054816223976151	0.2068130857991949
-0.10665850474065322	0.20571884190497008
-0.10802351041934449	0.20448901273247483
-0.10956361309641695	0.20314147903579965
-0.11125952837360017	0.20169331705724913
-0.11308559829260163	0.20016329326236273
-0.11496062964023196	0.19861976261249875
-0.11691306860178771	0.19703792651466415
-0.11898896191160162	0.1953745600670808
-0.12120166626772122	0.19361342359845363
-0.12356494558710601	0.1917408665679893
-0.12609019135917998	0.18974530539584755
-0.12878466182308096	0.18761874491666436
-0.13165444083095718	0.1853623339762961
-0.1346895071508714	0.18298865119754607
-0.13787864333576497	0.18051961620429918
-0.14122942440140654	0.17797127748221817
-0.1447691716985029	0.17533890898923774
-0.14850011305785552	0.1726344962431839
-0.15241961026299003	0.16986710438473915
-0.15653401137115086	0.16704242878069206
-0.16082724850424115	0.16416950972041913
-0.16526900781946327	0.16125888815245235
-0.16983722309842156	0.1583125092213495
-0.17453434268971738	0.15531100553327265
-0.1793596750376984	0.15224467608413314
-0.1843051051155917	0.14911784011273876
-0.1893603199486774	0.1459480798067395
-0.19448330166230632	0.14277479865566398
-0.19967896887472916	0.13959338388874515
-0.20497925105508563	0.13637617841756738
-0.21040618555027393	0.13309677719304763
-0.2159704306702277	0.1297337312346456
-0.22166903516236247	0.1262710023208524
-0.22748801300389287	0.1226977032072439
-0.23339937403383895	0.11901232802384301
-0.2393581925270297	0.11522833299020081
-0.2452325645200065	0.11142638104743803
-0.251004051082732	0.10763437124330863
-0.25672709000155775	0.10385898535438369
-0.2623616519817544	0.10008994660219041
-0.26783405997924764	0.09631151336312693
-0.27308981838208685	0.09252670644062508
-0.278135641023033	0.08880969608719506
-0.28294600348362153	0.08518126259744055
-0.2875022442080122	0.08165972284130887
-0.29178930020304283	0.07826160349986594
-0.29580557208996133	0.07499648391697833
-0.2995467145363668	0.07187206269838589
-0.3030188412839924	0.06889358806367997
-0.30622819249045674	0.06606640622170072
-0.3091822699377123	0.0633961054944884
-0.31188964905702427	0.06088792535714101
-0.31435984055943766	0.058546606156144175
-0.31660290479062475	0.05637615906511633
-0.3186290525823438	0.054379673954954647
-0.3204487524571928	0.05255926256874959
-0.3220711807646459	0.05091517812325007
-0.32350573663784216	0.04944665682647345
-0.32476441195160355	0.048153697844988935
-0.32591552102735605	0.04696953791017264
-0.32702160855397394	0.04583429079129431
-0.3280885047879223	0.04473664776398349
-0.3291227712919658	0.04366954037097611
-0.33013147225898093	0.042624717183592724
-0.33112249200019855	0.041593231236822036
-0.3320941363521687	0.0405791053391999
-0.3330375281772032	0.03958792576016259
-0.33394116180294764	0.03863256715584938
-0.3348047571154601	0.03771329156808354
-0.335621071034405	0.036837174661460075
-0.3363831180407378	0.036011330442044916
-0.3370840967739443	0.035242957882426
-0.33771748678040386	0.03453938178130232
-0.3382771160734781	0.03390811515126746
-0.3387572769112676	0.0333569017126064
-0.3391582242778332	0.03288864760189253
-0.33961448029194946	0.03234545941938132
-0.3401810054293519	0.03165250637346302
-0.34084064784043716	0.030821795190976838
-0.3415770112836588	0.029864780893960316
-0.34236397703522964	0.02880674318493665
-0.34318011996006725	0.027669235112290254
-0.3440278730520428	0.026440688070221322
-0.34489709381594486	0.025130988390999552
-0.34577578815484955	0.023752883534019078
-0.34665505595636736	0.022317478619518445
-0.34752269966368493	0.02084594974375545
-0.3483737991142641	0.019350998532572126
-0.3492105039927467	0.017832077429093793
-0.350013509974225	0.016275325584797717
-0.35081123798982167	0.01466858706630672
-0.35161589268206733	0.012974723869745904
-0.3524376272209149	0.011155648612396159
-0.35328595126322876	0.009173421978312649
-0.3541665130248341	0.006990923969996748
-0.3550811960175884	0.004575179670240339
-0.3560262970274424	0.0018994392367984204
-0.3570004665025809	-0.0010642042869190267
-0.35799261745704314	-0.004323288703471977
-0.35899051566082224	-0.007866105034218068
-0.35997981577275273	-0.011661570128463292
-0.3609447740021227	-0.01565862233078514
-0.36187060211380984	-0.0197882005552448
-0.36275654703220817	-0.02397559236679309
-0.36359443508050654	-0.02819535479572694
-0.3643424080205468	-0.03250225006347272
-0.36505517148059086	-0.036959309837624285
-0.3657270637029635	-0.04160823791535688
-0.36635183336493043	-0.046434709030021316
-0.3669024863737962	-0.05118565578375705
-0.36736867516240285	-0.055638205536168925
-0.367751661571957	-0.0597197084377249
-0.36805934945869123	-0.06342326874697612
-0.3683001344099374	-0.06675050932258114
-0.3684819651127073	-0.06970665033649878
-0.3686124222419422	-0.0722988947971343
-0.36869886780714844	-0.07453529424081629
-0.36874864042220895	-0.07642386746144028
-0.3687692165277441	-0.07797173329242205
-0.3687685524366714	-0.07922041322430354
-0.36875251952289145	-0.08031906803315406
-0.3687256337510949	-0.08134027812934878
-0.36869552832232244	-0.08221087437749387
-0.3686679136435698	-0.08289043334236296
-0.3686406384234041	-0.08347360308608132
-0.36861910004290344	-0.08390954467529912
-0.36860358319157105	-0.08422494629062845
-0.36859438645835446	-0.08442727368440477
-0.36859203315554595	-0.08450983647314032
-0.36860082844586944	-0.08446823961952382
-0.3686141032705987	-0.08438342353687231
-0.3686295852252737	-0.08429362538108377
-0.3686467630821204	-0.08420408171476501
-0.3686656812321912	-0.08411480750021147
-0.368686302502786	-0.08402500155646125
-0.36870748340746134	-0.08394052441274519
-0.3687006294678533	-0.08398948653325311
-0.3686477270472086	-0.0842201687931163
-0.3685489015972167	-0.08462045016992603
-0.3684044578024109	-0.08517830386180007
-0.36821351410219	-0.0858979289988442
-0.3679778496228624	-0.08678893081143138
-0.3676855663715631	-0.0878628242084973
-0.36734005428228866	-0.08914292181727451
-0.36693699851136297	-0.09065024277552222
-0.36647418187440306	-0.09240521428829591
-0.36594984562103094	-0.09442634504894663
-0.36536323003382076	-0.09672844285051828
-0.3647147173626034	-0.09932035073728532
-0.3640061146755745	-0.10220242432958665
-0.36324105614872076	-0.10536382464704087
-0.36242558825481974	-0.10877985062438414
-0.3615690189057727	-0.11240956378668576
-0.3606852636888978	-0.11619528929683516
-0.3597993130809447	-0.1200656090035841
-0.35892663592661245	-0.12394816567640278
-0.3580160349369633	-0.1278508425344315
-0.3570867330898411	-0.13185230473039786
-0.35612223486402445	-0.13601076060315812
-0.35510460916901043	-0.14037564364169108
-0.35401932739586667	-0.1449881371229187
-0.3528550018753691	-0.14987422264606984
-0.351604733042449	-0.15504389224478765
-0.35026746377835244	-0.1604899075987758
-0.34884942437700955	-0.16618762638414483
-0.3473657088552322	-0.1720963497573808
-0.3458306806931827	-0.17816107708936169
-0.3442728383943453	-0.18434428168320793
-0.3427037892231765	-0.19064110476330284
-0.34111928939851627	-0.1970336816755492
-0.33952134750880314	-0.20351291393012336
-0.3378818704878926	-0.21012115137205387
-0.3361978724987408	-0.21683904633969364
-0.33447772849072926	-0.22366351392758893
-0.33271948654236905	-0.23064838155635586
-0.3309329312616801	-0.23781089751618198
-0.3291787314077614	-0.2449737396566006
-0.32751512291060936	-0.25192065286367576
-0.3259467249189032	-0.25859639254240996
-0.3244526076106149	-0.2650440712945111
-0.3230136576985132	-0.2713120918098135
-0.32161164302221906	-0.277449009168014
-0.3202358003890012	-0.2834977486467577
-0.3188776385375213	-0.28947456650565095
-0.31753249716957693	-0.29537665515231815
-0.3162069285667576	-0.3011760899229627
-0.31491655417820347	-0.3068343123448516
-0.3136720917213433	-0.31231808582795517
-0.3124816005745299	-0.31759969780566955
-0.31135089558015244	-0.3226566184678486
-0.3102842198125161	-0.32747123021024704
-0.309284125038311	-0.33202998514513327
-0.3083520556864573	-0.33632538736189593
-0.30748647166171444	-0.3403528552530708
-0.30668535265598995	-0.34411070935746685
-0.30594575783739886	-0.3475975658105539
-0.3052644210844625	-0.3508124616828237
-0.3046380583896774	-0.35375502487588123
-0.304061363029837	-0.3564250575481004
-0.3035334817799614	-0.3588237771693343
-0.30305013054184626	-0.36096466874261884
-0.30257951791393506	-0.36299013581267014
-0.30210930584436924	-0.36495088804312237
-0.30164309263757866	-0.36685659412226523
-0.30117984312205726	-0.3687150241146547
-0.30071962883946296	-0.3705325322732503
-0.30026322540211886	-0.37231306709668377
-0.29978178032488206	-0.3741797389690837
-0.2992628453435808	-0.37618575886613115
-0.29871592345182796	-0.3783333748500381
-0.29814918115082206	-0.3806245793773389
-0.2975854840672231	-0.3829986034642132
-0.2970578298422525	-0.3853539551562451
-0.2965641894386635	-0.3876871576242876
-0.29610691214602003	-0.3899937249889229
-0.2956853094581436	-0.392274075715148
-0.2953176635194115	-0.3944144859382546
-0.2950049464811564	-0.39637381562056495
-0.2947358343400746	-0.39816332391358866
-0.2945029212165471	-0.39979694375701946
-0.29429243007437866	-0.4013525596503979
-0.2940891936311819	-0.4028993446198576
-0.29389626556220744	-0.40443186438373685
-0.29371478565025844	-0.4059438143136593
-0.29354539376462585	-0.40742884859453304
-0.2933890310076717	-0.40887933292895806
-0.29324980336956835	-0.41024451434374093
-0.293129771899101	-0.4115086107473814
-0.2930265396877799	-0.4126754285878375
-0.29293477351720215	-0.4137540510732961
-0.2928530142850748	-0.414747420185928
-0.2927846375646743	-0.415658914380629
-0.2927281851215098	-0.41649528346378706
-0.2926824427144132	-0.4172565641534334
-0.2926491572993835	-0.41793887050805345
-0.29262492730924783	-0.4185397110851362
-0.2926061764627644	-0.4191313753987137
-0.2925942831450318	-0.4197357504664511
-0.292586915493615	-0.4203470277116548
-0.2925832714933356	-0.4209606641452873
-0.29257779615369744	-0.4215734340508633
-0.2925699545108353	-0.42218321814172965
-0.2925653259821361	-0.4227886512635542
-0.2925578239984553	-0.4233869505147033
-0.2925489231367497	-0.4239737580652073
-0.29254065350139574	-0.42453240144078375
-0.2925300671192103	-0.4250532070881164
-0.2925181260430164	-0.42555017496277026
-0.29250604680127923	-0.42602707984907273
-0.29248847609834194	-0.42648360104554833
-0.2924533845477859	-0.42691966196263853
-0.2924013402256972	-0.4273282319457434
-0.2923487008218149	-0.42770741593660544
-0.2923053753234098	-0.4280575179585603
-0.2922785928874647	-0.42837684594520065
-0.2922579752928854	-0.4286653097369009
-0.29223842485798285	-0.4289212112382849
-0.29222055877725683	-0.42914963342581497
-0.2922030230961478	-0.4293507051646646
-0.29218726910463805	-0.4295225561306439
-0.2921739064733714	-0.42966366347202317
-0.29216364294553887	-0.42977125353492296
-0.29216178722846436	-0.4298148902787763
-0.29217329199248415	-0.42975967300292905
-0.2922002014695861	-0.42962133952166354
-0.2922265832014026	-0.4294922702265101
-0.29224827515352725	-0.4293916883544895
-0.29226415159225855	-0.429325173772292
-0.29227935646565145	-0.4292578139258258
-0.29228888835428646	-0.42921989863459253
-0.2922897155909161	-0.42921252259980625
-0.2922843005940609	-0.42923162980339874
-0.29227309840370996	-0.42927501583841854
-0.2922538944699015	-0.42936385244238645
-0.2922192548650255	-0.429540211329564
-0.29218752479509247	-0.42973049025639104
-0.2921556716414254	-0.429917096515222
-0.29212924990815947	-0.43008935628306416
-0.292106582837981	-0.4302425512152775
-0.29208625142234046	-0.43038031425738466
-0.292064557758403	-0.4305349158597746
-0.2920336450233807	-0.43077074628737666
-0.2919915774733994	-0.43109039264577814
-0.29193508979241845	-0.4315100032161792
-0.2918630451874326	-0.4320312322686898
-0.2917730056104065	-0.4326611430150754
-0.2916965881664526	-0.4331780350512448
-0.2916463346351008	-0.4334950943378536
-0.29159745144283533	-0.43379570269192014
-0.2915412540493935	-0.4341357280973193
-0.291478296683999	-0.43450209300763454
-0.29142470366075796	-0.4347964398710232
-0.29138862660026227	-0.43498707541309983
-0.2913770511586138	-0.4350534167903454
-0.2913912992887574	-0.4350134222125478
-0.2914110502230094	-0.4349505781012032
-0.2914022705621838	-0.434994085555627
-0.2913288791517154	-0.43525625824860714
-0.2911749324839587	-0.4357675734859325
-0.2909318932658031	-0.43652694460739927
-0.29059221320616485	-0.43753080912431175
-0.2901492436233831	-0.4387723573612193
-0.2895976339072082	-0.4402409103928428
-0.2889338473303364	-0.4419210599977647
-0.2881568516504179	-0.4437917912618935
-0.2872691114002349	-0.4458256948693425
-0.28627708153461595	-0.4479880643801561
-0.28519251826281244	-0.45023424168103826
-0.2840479313969552	-0.45250448532760057
-0.282860973642153	-0.45476764295730576
-0.2816311584273235	-0.45702638914550336
-0.28029040020680057	-0.45929283833408946
-0.2788213914093093	-0.46163994489637555
-0.27720244592057114	-0.4641223005619677
-0.2753994010164723	-0.4667724497019989
-0.2733863210182968	-0.46961208169545665
-0.27114289565115396	-0.47265339718159793
-0.2686634075600241	-0.47588305491507
-0.2659500177998601	-0.4792791960394921
-0.2630114516232362	-0.4828132535769395
-0.2599009582761369	-0.48640740605121585
-0.25670807897403664	-0.48995908265074406
-0.25343935090447695	-0.4934404293031585
-0.25006271722780143	-0.49688062630266
-0.24656110265727152	-0.5003141375804958
-0.24291993340931317	-0.5037638495136343
-0.23911397955483835	-0.5072693810972825
-0.2351231262657752	-0.5108618736052709
-0.2309374575269735	-0.5145523030879366
-0.22657565230032028	-0.5183359550846858
-0.2220681508480935	-0.5221990983665316
-0.2174559829334102	-0.5261169226906062
-0.21278835155495127	-0.5300529347886507
-0.2080978483900742	-0.53396987852778
-0.2033642044780967	-0.5378999149930853
-0.1985458021657242	-0.5418825993628921
-0.19359805829039703	-0.545962672636498
-0.1885307336069481	-0.5501442219788926
-0.18332025715154096	-0.5544664414009419
-0.177976863868151	-0.5589459921183935
-0.17253206644113656	-0.5635804403172612
-0.16704262773507467	-0.5683516342230779
-0.16153988209049486	-0.5732456601138952
-0.15604519899617827	-0.5782461861958358
-0.15057767840736536	-0.5833422555714979
-0.1451453771829242	-0.5885640057928995
-0.13970644925610018	-0.5939321280470289
-0.1342390883558545	-0.5994887235031494
-0.12873571050199104	-0.6052698858071212
-0.1232227572226671	-0.6112812749151812
-0.11781322683542157	-0.6174202510307497
-0.11252453179068186	-0.6236669007637367
-0.10735983980590919	-0.6300173869654646
-0.10232234173149535	-0.636464705088375
-0.09739343724848958	-0.642985941902808
-0.09255473237709982	-0.6495558729064318
-0.08781321663310399	-0.6562041399984778
-0.08320207991773317	-0.6629264455384509
-0.07876591797613622	-0.6697465718705953
-0.07451738423154916	-0.6767027281867719
-0.07040749705527327	-0.6837612761194164
-0.0664327493471324	-0.6908977453355091
-0.06259391096243949	-0.6981088318342583
-0.05888678713192682	-0.7053917182863965
-0.055317798185407226	-0.7127370055722215
-0.05188996834825233	-0.720137672794469
-0.048604948966153576	-0.7275933346668731
-0.0454500333828852	-0.7351152952353013
-0.04242877804775659	-0.7426936766298937
-0.039544227980324254	-0.7503246059911215
-0.0367922474631728	-0.7580059201703803
-0.03417493717560904	-0.7657326825159776
-0.03169074936839856	-0.7734959519204401
-0.02935235320093927	-0.7812620683223787
-0.027138628566720377	-0.7890697449225149
-0.02504513853693676	-0.7969361965619277
-0.023071403173456014	-0.8048401701551844
-0.02122589662404105	-0.8127607180836044
-0.019501540568745663	-0.820695844824185
-0.017890161723567655	-0.8286490896833693
-0.016387220729881618	-0.8366292137589436
-0.014993173389510575	-0.8446243787443524
-0.013702001649629274	-0.85264247438786
-0.012516258560346404	-0.860680627236167
-0.01143463280012263	-0.8687290112504716
-0.010451411633801137	-0.8767913191321182
-0.009566248470005749	-0.8848610476072388
-0.008768077619196948	-0.8929220743514718
-0.008021375619937269	-0.9009649098236702
-0.007374802032521632	-0.9089751449850338
-0.00684031104376364	-0.9170171903838389
-0.006374179991624847	-0.9250739069810558
-0.005978466746309797	-0.9331337150179171
-0.0056500711470299034	-0.9411995068619761
-0.005386920852553224	-0.9492648715126387
-0.005184899071229937	-0.9573258220064153
-0.005049013819132217	-0.9651581822350275
-0.004969640447542547	-0.972827067674336
-0.004919529293978277	-0.9804133118484955
-0.004881484620469827	-0.9880180119993155
-0.004860412119724444	-0.9956533793317073
-0.0048515164027633515	-1.0032608889699006
-0.004857880780128122	-1.0108878353038517
-0.004903224104185277	-1.0186032311159132
-0.004985384713436091	-1.0264598812936452
-0.0051163658081080365	-1.034472858219073
-0.005301511216895291	-1.042518260704536
-0.005533218914936465	-1.0505667111605261
-0.0058083244531612135	-1.0586084992077336
-0.006118502905645652	-1.0666507703482553
-0.006467612353652219	-1.074694243357847
-0.006852574528729725	-1.0827340686878375
-0.007269401013777167	-1.0907725007554046
-0.00772073347680742	-1.098813626844501
-0.00820060578493647	-1.1068231124518486
-0.008708799160906396	-1.1148326585915262
-0.00925036674874973	-1.1228197980551753
-0.009827341814764709	-1.1308031051099363
-0.010439756995301188	-1.1388057418643194
-0.011080279477196704	-1.1468050538425654
-0.011745846362449337	-1.1548038347777314
-0.012435433254382473	-1.1628043581317582
-0.013149003805648818	-1.1708055444512309
-0.013886083855458219	-1.1788069501794793
-0.014643319662870503	-1.1868005236625376
-0.015416680917268307	-1.1947935442350108
-0.016213084772353108	-1.2027757034358255
-0.017013930349591946	-1.210732589069553
-0.017814713871562932	-1.2186848918916406
-0.018609667084428145	-1.2266238769209097
-0.01941060153063846	-1.234552684263839
-0.020217879930253264	-1.2425092681451388
-0.021029347679314584	-1.250467978844318
-0.021844962075194745	-1.258429619295582
-0.022664055369813654	-1.2663946335948766
-0.023486093450741832	-1.2743630050088262
-0.024306475884590974	-1.2823209568951819
-0.025120784361381	-1.2902905386737362
-0.02593499018511377	-1.2982637872835114
-0.026753527970468444	-1.3062273173675658
-0.02757122248283286	-1.3141807083800365
-0.02838828410343937	-1.3221331757818802
-0.029203606482955356	-1.3300723456519945
-0.0300258416683281	-1.3379998630530763
-0.03085419376703928	-1.3459497853865163
-0.03168390331216321	-1.3539019673500525
-0.03251030294998653	-1.3618488725651825
-0.03332867289279444	-1.3698016970032716
-0.034140526290306825	-1.3777593064494598
-0.03494621013161827	-1.3857206535445004
-0.03574409945984938	-1.393686220914959
-0.03653338303821531	-1.401653586396904
-0.03732044451745223	-1.409609272184896
-0.03810039326838692	-1.417557868355126
-0.03887229122153365	-1.4255073986119597
-0.03963630629912145	-1.4334361647884188
-0.04039195302326811	-1.4413176815906616
-0.041141991324828854	-1.449242030427561
-0.04187804403496191	-1.4571890127968055
-0.04260140581516093	-1.4651408094904146
-0.04331265508662176	-1.4730995696381448
-0.044012563571235175	-1.4810630132975189
-0.044700897506198586	-1.4890293326132455
-0.04537748238382927	-1.4969996620874237
-0.04603785299597053	-1.5049718530834022
-0.04668774684418222	-1.512931407501204
-0.047324749712576886	-1.5208832426508507
-0.04794235096253412	-1.5288110547801246
-0.0485417334417867	-1.536726707458472
-0.049128591023383524	-1.5446614832311
-0.04970134412671806	-1.552615917251634
-0.05025783968428518	-1.5605747123252822
-0.050799070536769374	-1.5685386360386695
-0.05132526281135331	-1.5765087412290506
-0.05183701399574844	-1.5844835667826729
-0.052335309993207436	-1.592462341895977
-0.052824993630686885	-1.6004556602547753
-0.053310908101708465	-1.608449111602729
-0.05378994560902154	-1.6164818042927425
-0.054251429527964454	-1.6244673154053026
-0.05468883764538793	-1.6324140826580524
-0.055108960148484494	-1.6403511810479132
-0.05551508900517282	-1.648308326380682
-0.055903392311108115	-1.656271341613041
-0.05627502538705576	-1.6642404695633968
-0.056631169089339975	-1.6722152152345573
-0.056973118219455623	-1.6801974878401769
-0.05730254451535792	-1.6881845597549723
-0.05761941424378983	-1.6961747210536748
-0.05792365021658869	-1.7041677269880353
-0.05821518508932676	-1.7121637870417015
-0.05848911962363475	-1.720157325377238
-0.05875094532872455	-1.7281267664696451
-0.05899466735946308	-1.736084298455447
-0.05923048701405051	-1.7440312768571298
-0.05945678873653562	-1.7519996723798439
-0.05966455288956197	-1.7599525809105936
-0.059844489765594595	-1.767916898646985
-0.06000053895956555	-1.7758902901637523
-0.06013512070327195	-1.783869779995808
-0.06024819202587531	-1.7918521538833028
-0.06033909460129802	-1.7998383752427882
-0.060409022042914644	-1.8078290718181718
-0.060459139377565446	-1.8158199919216298
-0.06048573521384363	-1.8238126720968348
-0.06049275024594782	-1.8317831955348605
-0.06047789685561467	-1.8397446934761885
-0.06044948826955927	-1.8477095560406582
-0.06040474870936663	-1.855681136681651
-0.06034459495283183	-1.8636551688935215
-0.06026841417738141	-1.8716330390096345
-0.06017606889748385	-1.8796149187467281
-0.060067905461254525	-1.8876013231551294
-0.05994485784843089	-1.895591333526621
-0.059807587826662206	-1.9035859628925775
-0.059654339020345226	-1.911582416153663
-0.05948235900383693	-1.9195723610164084
-0.05928298529688822	-1.927549962222006
-0.05905732946266583	-1.9355118480125
-0.05880190715078211	-1.943454106153927
-0.05852032724519971	-1.9514113257581294
-0.058216961188330495	-1.95936670137946
-0.05789001967503588	-1.967325570040569
-0.05754018040910288	-1.9752881113290441
-0.05716745219681271	-1.983253991345948
-0.05677217757891549	-1.9912238992067222
-0.05635429410112763	-1.9991948237781392
-0.0559130053102493	-2.0071696834758046
-0.055449717004420966	-2.0151412539382467
-0.0549700754616874	-2.022985617813913
-0.05447682286391676	-2.0306886009656817
-0.05396575527502192	-2.0383076983595685
-0.053456809245918106	-2.0458780294869587
-0.052917123210129875	-2.053364168509823
-0.05234600252211033	-2.0607106405293063
-0.05177272948734456	-2.067872445009433
-0.051203360645500386	-2.074809312812119
-0.0506468656152952	-2.0814893573048088
-0.05011154664039471	-2.08788773348581
-0.04960458890494908	-2.0939857618703615
-0.04913193494834364	-2.0997700209369263
-0.04869824972522352	-2.105231475187118
-0.04830695618607566	-2.110364729858308
-0.047960345831682134	-2.115167403704361
-0.047659627029320584	-2.119639484763904
-0.04740521162161273	-2.123782465297601
-0.04719657199491388	-2.127597800594406
-0.047032574332346734	-2.1310873732279725
-0.04691118479517557	-2.134253186202961
-0.04682956930130327	-2.1370974061345573
-0.046784043488489184	-2.139622427061566
-0.04677007487376486	-2.1418308674557687
-0.046782266368105986	-2.1437346056598465
-0.04681604864460803	-2.14544889345449
-0.046864717332100306	-2.147003025363058
-0.04692208538540933	-2.1483978759222313
-0.0469823241236794	-2.1496198462466323
-0.04704209381948364	-2.150682587833656
-0.04709858406641868	-2.1515982902687765
-0.04714852053679651	-2.152359781310321
-0.047191454589706014	-2.1529866078279034
-0.04722303265488189	-2.1534819780691774
-0.04724741051166199	-2.1538337812144683
-0.047264027194861176	-2.15407084905959
-0.04727175095438746	-2.154183287034201
-0.04727208174005731	-2.1541816372830382
-0.04726972639595878	-2.1541557136540477
-0.04726833737016062	-2.1541282416064202
-0.047267198651077584	-2.1541008379999225
-0.04726616799206678	-2.154073443338717
-0.04726525112906531	-2.1540470650028856
-0.047264376986014066	-2.154020737777121
-0.04726362550320225	-2.1539953166636017
-0.04726291237343642	-2.1539695156071645
-0.04726235500246997	-2.1539453802029866
-0.04726168181120501	-2.153922064059736
-0.047261675720762376	-2.1538932836055884
-0.047261426905113854	-2.1538531039031286
-0.04726130414684881	-2.1538205370206978
-0.047261248541250925	-2.1537872673603795
-0.04726136518857567	-2.153753318241379
-0.04726164079137623	-2.153718342774998
-0.04726216255134167	-2.153683322025843
-0.04726287729599569	-2.153647667096783
-0.04726372258812975	-2.153612451994744
-0.047264431925429416	-2.1535756409635427
-0.04726308704880899	-2.153529188078463
-0.047262365315262865	-2.1535185442209968
-0.04726369065739043	-2.153475630633248
-0.04726581084630028	-2.1534405769966702
-0.04726652830417826	-2.153411405144115
-0.04726833000159063	-2.15337533809451
-0.04727008605393464	-2.153342895935165
-0.047271321697088683	-2.153314973792112
-0.04727266947792309	-2.153284303158669
-0.04727388985965469	-2.1532548885512712
-0.0472753598392014	-2.153226925728029
-0.04727714923970468	-2.153193014564164
-0.04727869239666332	-2.15316256928633
-0.04728033989854269	-2.1531352592896753
-0.04728208287950234	-2.1531086931371965
-0.047283953613820116	-2.15307911467444
-0.04728595550088059	-2.1530480160744725
-0.04728803678670477	-2.1530168133637146
-0.04728997047707793	-2.152987747005
-0.047291820757640345	-2.152964446308575
-0.04729349729483257	-2.152943444708017
-0.047295091991253986	-2.152925903709129
-0.04729777081078376	-2.1528964120111467
-0.04730100516849095	-2.1528577259566664
-0.04730474468448141	-2.1528122688478106
-0.04730876252313461	-2.1527654124536992
-0.04731276142594028	-2.1527226639226176
-0.047316603642521576	-2.1526826500298726
-0.0473203020934461	-2.15264644727288
-0.04732386775744217	-2.1526113889660476
-0.047327365219856546	-2.152580531365121
-0.04733120185260689	-2.152544140718108
-0.0473355346693819	-2.1525084499531815
-0.04733988008280843	-2.1524730780608174
-0.04734422243982271	-2.1524397609674617
-0.04734846058297113	-2.1524078111373868
-0.047351700652642284	-2.152383696248244
-0.04735370784497231	-2.152368971677984
-0.04735488490277637	-2.1523617667755732
-0.04735522593587239	-2.1523627943881047
-0.047354779437745145	-2.1523676466197874
-0.04735404060214417	-2.1523731374432953
-0.04735337207344259	-2.152378170693715
-0.04735370839478166	-2.1523769680677085
-0.047355549394002806	-2.1523665349945205
-0.04735827190269509	-2.152351201662704
-0.047360311409390524	-2.1523406726364143
-0.04736065231837884	-2.152340231610107
-0.0473599691948627	-2.152344917272992
-0.047359547739672	-2.152347496774598
-0.04736158825730362	-2.1523388273311927
-0.04736470083994435	-2.152317593270421
-0.047363382561825484	-2.1523236353758484
-0.04736040985840066	-2.152344497812258
-0.04735948497920846	-2.1523479031999115
-0.047361558396028555	-2.1523380324448107
-0.047361922547466934	-2.15233569431037
-0.04736101892856609	-2.1523434273749404
-0.047359871460551574	-2.1523490260484888
-0.04735942060820732	-2.1523513443837996
-0.047358817498020435	-2.152355232587012
-0.04736100190181139	-2.1523450261696913
-0.04736144727207742	-2.1523420796050483
-0.0473604863693409	-2.152351093976991
-0.04735971577126587	-2.1523545506903523
-0.047360551871831275	-2.152350727921514
-0.04736093590794	-2.152350753230648
-0.0473607549590895	-2.152353670444745
-0.04736045717847232	-2.152355951548263
-0.04736032373769024	-2.1523574531214815
-0.04736024315149762	-2.1523596558642577
-0.04736089583370739	-2.1523537933189565
-0.047360248977473145	-2.152361621984979
-0.04735945775330621	-2.1523671756486453
-0.047359728892260616	-2.1523666353493103
-0.04735995564624882	-2.152367351581221
-0.047359685156569395	-2.152371261341549
-0.04735912778669784	-2.152375120837201
-0.04735912249483519	-2.152376962449428
-0.0473595732870581	-2.1523778993007467
-0.04735787227525612	-2.1523818589378685
-0.04735546280552602	-2.152398726982646
-0.04735431699573595	-2.152403580912128
-0.04735345020592762	-2.1524100769711465
-0.04735249130461493	-2.152415938220916
-0.04735142102049269	-2.1524235985010938
-0.0473504339236708	-2.152430683391638
-0.04734941228181103	-2.1524376637757467
-0.047348425746357205	-2.152444835982318
-0.0473478525067479	-2.152450473053197
-0.04734839067723142	-2.152455397133581
-0.04734699296335305	-2.1524646871534356
-0.047345435424801165	-2.152473044517367
-0.047343846485820476	-2.1524807984453243
-0.04734121254506115	-2.152490896877404
-0.047338749752259324	-2.1525003127011026
-0.04733653794764728	-2.152509760820991
-0.047334374492646054	-2.152519333457022
-0.047332261028468985	-2.15252862739085
-0.047330484761537256	-2.1525375823434385
-0.0473287328552734	-2.1525472205881204
-0.04732712264905672	-2.152555886565283
-0.04732500586988878	-2.152564853555862
-0.047323130778497376	-2.1525743514249656
-0.04732157423044556	-2.1525833961663206
-0.04731978181682178	-2.152592277369869
-0.04731770562750395	-2.152601388122111
-0.04731591406995201	-2.1526106415831245
-0.047314235574015574	-2.1526196595211906
-0.047312406033686055	-2.152628563635415
-0.047310643249149506	-2.1526373603508513
-0.04730931585111581	-2.15264597210948
-0.04730784327918698	-2.152654489461553
-0.0473060795980174	-2.152663451762641
-0.04730437743959369	-2.1526722644092002
-0.04730276990279392	-2.1526809038429855
-0.04730113955938464	-2.1526895747001147
-0.04729948209745244	-2.1526982582178684
-0.047297824836474246	-2.152706917873409
-0.0472961597509754	-2.152715579019569
-0.0472945109883726	-2.1527242166820324
-0.04729296194298136	-2.1527326396339834
-0.047291106518727456	-2.152741527081919
-0.04728922300642919	-2.1527503039989284
-0.04728737053181484	-2.152759072461832
-0.04728555255342255	-2.152767874148482
-0.047283760155376296	-2.152776654368295
-0.04728197720325642	-2.152785444001977
-0.047280197264181284	-2.1527942354929475
-0.047278564357668196	-2.1528028653816205
-0.04727785211422894	-2.1528099734497212
-0.047276913527896945	-2.152817328161502
-0.04727575993700582	-2.1528248531114866
-0.04727449376181127	-2.152832330301959
-0.04727316480075267	-2.1528398355550364
-0.0472717227581825	-2.152847354865303
-0.047270185657881825	-2.1528550502457007
-0.04726869833820046	-2.1528627349248897
-0.04726721126762933	-2.1528703404166323
-0.04726571707537895	-2.1528779130211038
-0.04726411508139697	-2.15288544505793
-0.04726255690984618	-2.15289344360833
-0.0472610887873836	-2.1529012124855633
-0.04725958986262463	-2.1529087198193637
-0.047258003891285094	-2.152916420333735
-0.04725644656949055	-2.152924414290322
-0.0472549826179642	-2.1529322304065848
-0.047253485582915214	-2.152939745661343
-0.04725189788217364	-2.152947455711762
-0.047250315886263716	-2.152955592163882
-0.04724859399503517	-2.1529640922762883
-0.047246963324411514	-2.15297191766343
-0.04724541591494938	-2.1529799051876655
-0.04724389915934175	-2.1529878166596474
-0.04724237891699508	-2.1529957132666935
-0.04724088675418758	-2.153003568024229
-0.04723938411646304	-2.1530114229958235
-0.04723787944658899	-2.1530192781189497
-0.047236386264561295	-2.1530271004717547
-0.047235002648866264	-2.1530347900655795
-0.04723374295728254	-2.153041505176392
-0.047232056329453306	-2.153049631958497
-0.0472305138927248	-2.1530578014569093
-0.047229042685839454	-2.153065405864138
-0.047227502579089836	-2.1530730660783726
-0.047225952402582136	-2.1530809539210045
-0.04722442393087402	-2.153088751191626
-0.047222894287308685	-2.153096516369518
-0.04722136373059421	-2.1531043199735813
-0.04721983488209122	-2.1531121037995695
-0.047218311250081496	-2.153119888504401
-0.047216786313777764	-2.153127649422374
-0.047215259570196864	-2.15313542146284
-0.04721373422649309	-2.1531431961234704
-0.047212210560272146	-2.1531509622412215
-0.0472106872285156	-2.153158725359935
-0.04720916444494802	-2.1531664885001436
-0.04720764266574547	-2.1531742485106165
-0.04720612174271541	-2.153182004652691
-0.04720460245396082	-2.1531897535824656
-0.047203076751829755	-2.153197492941174
-0.04720155289160881	-2.153205268255002
-0.04720003406427902	-2.1532130228758097
-0.04719851571439279	-2.1532207624347297
-0.04719699582457176	-2.1532285103540376
-0.047195481734857075	-2.1532362614613296
-0.04719396857575245	-2.1532439805497763
-0.04719245340946578	-2.153251705669611
-0.047190939666745445	-2.1532594331400743
-0.04718939939646035	-2.153267267447085
-0.04718787642242383	-2.153275515725493
-0.0471864246116938	-2.1532828964521817
-0.047185045689148025	-2.153290416289698
-0.047183633003201546	-2.1532977152369672
-0.04718211049481148	-2.1533053884556805
-0.04718065443837338	-2.1533131267012693
-0.04717920713851177	-2.1533206250103647
-0.04717772948291172	-2.153328161476319
-0.047176252229523825	-2.153335782244718
-0.0471748139680392	-2.1533432246860627
-0.047173146815274514	-2.1533504350561987
-0.047171552725705265	-2.1533590167463776
-0.047170100530737606	-2.1533666687005355
-0.04716860626158675	-2.153374090129774
-0.047167083364451225	-2.153381952135146
-0.047165591708085194	-2.1533896406295767
-0.047164100080634076	-2.1533972281241534
-0.04716259253398737	-2.1534048899947438
-0.04716109033123643	-2.1534125774896395
-0.04715948682882241	-2.15342051771582
-0.04715678378005366	-2.153430923348159
-0.047154260252242064	-2.1534408355411547
-0.04715191160912064	-2.1534506787950156
-0.04714974441400275	-2.1534605095108583
-0.04714773890737978	-2.1534697504368325
-0.04714578946946046	-2.153478797991163
-0.047143900245110275	-2.1534878339861927
-0.047141990039486305	-2.1534969821254974
-0.04714007140895297	-2.1535061048356248
-0.047138400890584894	-2.153514931506491
-0.047138273932216035	-2.153520916306694
-0.04713786553686953	-2.153527118395456
-0.04713694367807075	-2.153533587295785
-0.047135269322893754	-2.1535412667386526
-0.04713374057156487	-2.1535493454472836
-0.04713233779869007	-2.1535567840222996
-0.04713088655339111	-2.1535640018796696
-0.047129380195250814	-2.1535715568304044
-0.047127897624840265	-2.15357917240475
-0.04712643805691937	-2.1535866197559055
-0.047124938842249504	-2.1535940363252006
-0.04712343236578766	-2.153601690582126
-0.04712194852033944	-2.1536092888273357
-0.04712048153020335	-2.153616808395544
-0.04711900484734367	-2.1536242876667435
-0.047117509432598605	-2.1536318096424436
-0.04711601599395829	-2.1536394180250538
-0.04711454536807584	-2.1536469922871415
-0.04711307707262838	-2.1536544553152046
-0.04711156951916584	-2.1536620232097228
-0.04711019861747702	-2.1536698894865274
-0.04710882321152418	-2.1536770093280935
-0.04710737728760081	-2.15368431032618
-0.04710592126204694	-2.1536917871663377
-0.047104446839015865	-2.1536991247972996
-0.047102990468415866	-2.1537066168817014
-0.04710154242401246	-2.1537140949920706
-0.047100136644593386	-2.153721566854712
-0.04709870579857055	-2.1537288789459605
-0.04709727812661805	-2.1537361643429382
-0.04709570138601094	-2.153743232868813
-0.047094121159333764	-2.153751321932663
-0.047092683630730034	-2.153759222882029
-0.047091298686819626	-2.1537662807240427
-0.04708977745172487	-2.153773486984971
-0.04708822103702477	-2.153781412811071
-0.04708678030925842	-2.153789211512718
-0.04708537358157109	-2.1537963823365263
-0.047083906062535666	-2.153803687719747
-0.04708235070572994	-2.1538113059428827
-0.047080941041130246	-2.153819599038679
-0.04707936878938616	-2.153826918452439
-0.04707794451857895	-2.1538344267611733
-0.047076700659357894	-2.153841528889776
-0.04707537082359228	-2.1538485920654913
-0.04707389624890721	-2.1538558890810524
-0.047072462089610606	-2.153863348385083
-0.04707105372087769	-2.1538706856991423
-0.0470696389174963	-2.1538779558134964
-0.04706821475263124	-2.1538852491858522
-0.04706675726928271	-2.1538924319644432
-0.047065238498517514	-2.1538996699863024
-0.047063720868149	-2.1539074498261392
-0.04706232866599469	-2.1539151779429555
-0.047060985238144136	-2.1539222743010367
-0.04705955310002506	-2.1539293662778736
-0.04705806142510266	-2.153936708855332
-0.0470566049970056	-2.1539442520102
-0.04705518437116535	-2.1539516094181907
-0.04705377813473031	-2.1539587705331686
-0.04705224176450871	-2.1539657504868135
-0.047050660903237576	-2.1539737720248247
-0.047049196410049794	-2.153981694387093
-0.04704783193207442	-2.1539887575347305
-0.04704635304827156	-2.153995747379446
-0.047044806790386105	-2.1540035280122267
-0.04704333269496561	-2.1540112976817194
-0.047041920153261516	-2.1540185112481844
-0.04704046478733849	-2.1540257387685706
-0.04703897789794504	-2.1540332408199294
-0.04703750806015894	-2.1540407300662836
-0.047036055835377386	-2.15404810979331
-0.0470345991837013	-2.154055469097879
-0.04703313767271054	-2.154062874572922
-0.047031679957809464	-2.154070270688328
-0.04703022617470647	-2.154077640848171
-0.047028772347191786	-2.1540850039380115
-0.04702731838052074	-2.1540923702474157
-0.04702586577898286	-2.1540997329950686
-0.04702438258150929	-2.15410724731603
-0.047022864168424924	-2.154115514238426
-0.04702122998588421	-2.154123063762704
-0.047019729889728065	-2.1541307379207266
-0.047018412268771216	-2.154138003348337
-0.04701704779473254	-2.154145219499729
-0.04701568784316148	-2.154152493630451
-0.047014306983270734	-2.1541597571196434
-0.04701291727475963	-2.1541670202426686
-0.04701151483868352	-2.154174307860147
-0.04701018942553082	-2.154181491602816
-0.047008976401212973	-2.1541877038993076
-0.04700748057663366	-2.154194826773035
-0.0470059913619942	-2.154202515473148
-0.04700461307244045	-2.1542098565005605
-0.04700325378979307	-2.154216763024173
-0.0470018408288387	-2.154223801386959
-0.04700039721568505	-2.154231026570913
-0.04699897222180249	-2.1542383264829645
-0.04699756769489881	-2.154245509649874
-0.04699617343091273	-2.154252638338039
-0.046994749537866955	-2.1542596887917673
-0.04699331150973237	-2.154266966130492
-0.04699190014652955	-2.1542742870217
-0.04699051140934697	-2.1542813817211073
-0.04698911295278235	-2.1542884404166163
-0.046987685158599225	-2.1542955523953937
-0.046986253293406825	-2.1543028269276134
-0.04698485052871777	-2.1543101043715196
-0.04698347986402675	-2.1543171832645562
-0.04698207900380661	-2.1543240578080423
-0.046980611540130016	-2.1543311648521564
-0.046979165331191855	-2.154338805167279
-0.04697779278070022	-2.1543459281185915
-0.04697642523628506	-2.1543528354280412
-0.0469750146198781	-2.154359890805207
-0.04697358992897922	-2.1543670764033527
-0.046972180255735074	-2.1543742705264455
-0.046970790225725895	-2.1543813930844578
-0.04696940075476765	-2.1543884328886147
-0.0469679767441816	-2.154395635900222
-0.04696639691918376	-2.1544037759335906
-0.04696475161650132	-2.1544114794906704
-0.04696312567329318	-2.154419348468006
-0.04696154650991089	-2.154427257577844
-0.04695998053996671	-2.154435115214831
-0.04695847246196609	-2.154442873621601
-0.04695696494675695	-2.1544506290983314
-0.04695546386107318	-2.1544583942515616
-0.04695396423769577	-2.154466152431664
-0.04695248271424625	-2.154473889674202
-0.04695110596632099	-2.154481354114202
-0.04694975467329259	-2.1544886669394048
-0.046948388554576864	-2.1544960079953954
-0.04694700871166298	-2.1545033576073536
-0.046945615311769405	-2.154510701911405
-0.04694422873182695	-2.1545180304652805
-0.0469429120467322	-2.1545251468475164
-0.046941559786652244	-2.154532263609758
-0.046940149515408224	-2.1545395623515886
-0.04693877599091805	-2.154546821152409
-0.046937671231221945	-2.154553428048917
-0.046936735838802285	-2.154558764994694
-0.046935239330710976	-2.1545654799801457
-0.046933726391108696	-2.154573376065275
-0.04693238047724869	-2.154580531002856
-0.0469311270779781	-2.154587072782144
-0.04692978813077964	-2.154593582214647
-0.046928375993002105	-2.154600425855602
-0.046926964624465814	-2.154607577351456
-0.046925605307572005	-2.1546145289071887
-0.046924221936588795	-2.1546211861023905
-0.04692284343524132	-2.154628473517441
-0.04692150631236217	-2.154635346381629
-0.04692018172156291	-2.1546420017990755
-0.046918807398384804	-2.154648725423106
-0.04691741360329298	-2.1546557282039607
-0.04691603346596641	-2.154662748756776
-0.046914690915309774	-2.15466968820826
-0.046913353699646346	-2.154676440929434
-0.0469119855226813	-2.1546833013364872
-0.04691064372253545	-2.1546906875088796
-0.046909208868395606	-2.1546976552220123
-0.046907828577122154	-2.154704659640285
-0.04690652796065816	-2.154711517126533
-0.04690520209019681	-2.1547183349889525
-0.046903881931918336	-2.154725179002612
-0.04690255600541117	-2.1547320180377745
-0.046901227782874304	-2.1547388520574606
-0.04689990352200145	-2.1547456716409217
-0.04689857660505454	-2.1547524869523156
-0.046897302713245353	-2.1547591094626273
-0.04689593646072707	-2.154764740197767
-0.046894411658577106	-2.1547720889358795
-0.04689285493023637	-2.1547800166687026
-0.046891460365440236	-2.1547874780420364
-0.046890183417295825	-2.1547938881465254
-0.04688883834163023	-2.1548002424871635
-0.04688738749329182	-2.1548073580654408
-0.0468859331381151	-2.1548147117645176
-0.046884511906911175	-2.1548218851838215
-0.04688327078294664	-2.1548294559539136
-0.04688195521558117	-2.1548358244988597
-0.046880758614089364	-2.1548417681748906
-0.04687936102687451	-2.1548483959401263
-0.046877970758872525	-2.1548555753522125
-0.04687665186087848	-2.154862480196343
-0.04687540513673007	-2.1548691245012734
-0.046874110760082306	-2.1548755858069915
-0.04687278484462052	-2.1548821693845834
-0.046871423372684386	-2.154888784231703
-0.04687007664742254	-2.1548956069569782
-0.046868755391225765	-2.154902423523978
-0.04686745464802907	-2.154909054628748
-0.04686614619392093	-2.154915631067345
-0.04686482147431507	-2.1549222756560362
-0.04686349485842032	-2.1549289764933843
-0.04686217784718978	-2.154935653683774
-0.046860857190361704	-2.1549422502525664
-0.04685953451089471	-2.1549489020752635
-0.04685820399666029	-2.1549556167533983
-0.0468569416620201	-2.154962479289871
-0.04685562691399456	-2.1549688234669175
-0.046854315950206664	-2.1549753280064503
-0.046852975577295446	-2.1549820358481657
-0.046851652225972214	-2.1549887603989166
-0.046850351576117666	-2.1549953702915463
-0.046849035745213645	-2.155001841878685
-0.04684770926179064	-2.155008463911386
-0.04684637842870503	-2.155015162260102
-0.04684506300444937	-2.1550218304891593
-0.04684376393193401	-2.1550284448596533
-0.046842463246490836	-2.1550349812590186
-0.046841155478507146	-2.1550415321762233
-0.04683984226183128	-2.155048122407751
-0.04683853175669407	-2.1550547193839664
-0.046837226367609626	-2.155061293402168
-0.04683592304717158	-2.1550678460099673
-0.046834618802475574	-2.155074394346516
-0.046833314019118916	-2.1550809462971956
-0.04683208364039158	-2.1550871790389166
-0.04683073185219183	-2.155092093237616
-0.046829062601603536	-2.1551002580063168
-0.046827415910729156	-2.1551089958810135
-0.04682608622234509	-2.1551159282303454
-0.04682487841436679	-2.1551217854752442
-0.046823569318399844	-2.1551279171201494
-0.04682213539720352	-2.1551345958265973
-0.04682064516809515	-2.1551419010618287
-0.0468191884767091	-2.15514915824496
-0.046817809611011015	-2.1551561683704357
-0.04681647105657538	-2.1551627266146762
-0.046815149832105114	-2.155169835722734
-0.04681392475978508	-2.1551760572817265
-0.04681269577946037	-2.15518202460705
-0.04681139224605661	-2.1551883120386544
-0.04681005339918183	-2.1551947667344353
-0.04680871692885623	-2.155201380320607
-0.04680740351053464	-2.1552079124854635
-0.04680610918831378	-2.1552143323845145
-0.04680478594975665	-2.155220842212853
-0.04680343752240853	-2.155228284134876
-0.04680186936197187	-2.1552353975027145
-0.046800437423945324	-2.1552425718954025
-0.04679924478685114	-2.155249057483902
-0.04679800058865747	-2.155255338190356
-0.046796763938076705	-2.155261794562386
-0.046795555373436146	-2.155268132563009
-0.04679431979258362	-2.155274424144319
-0.04679308920638308	-2.155280742350561
-0.046791781645604186	-2.155287142631222
-0.04679006407620691	-2.1552948347986844
-0.046788299954188074	-2.1553033083100797
-0.046786548773561185	-2.1553116445908067
-0.046784842446370364	-2.1553198554134294
-0.04678322351360295	-2.1553279467749045
-0.046781612667795576	-2.1553360248453495
-0.04678001981476708	-2.1553441205595583
-0.046778448272987286	-2.155352192465824
-0.04677696598920064	-2.155359988683779
-0.04677547935327137	-2.1553677433022544
-0.04677416121011057	-2.155375179060319
-0.04677321493011019	-2.155381225124904
-0.046772140557390735	-2.1553871660141555
-0.046771085410241574	-2.1553932963437155
-0.04676997271347704	-2.1553993793661066
-0.04676883921922827	-2.155405457836339
-0.04676770232619914	-2.1554115566444185
-0.04676655454732092	-2.155417665535362
-0.046765390659056244	-2.1554237674134478
-0.046764255415589935	-2.1554298045900238
-0.046763175707210364	-2.155435246573188
-0.046761962845038904	-2.1554411028328917
-0.0467606522100264	-2.1554476757458816
-0.04675934299766517	-2.155454374868507
-0.04675811107808907	-2.155460745192579
-0.0467569268700108	-2.155466761738215
-0.046755729496335455	-2.155472691806119
-0.0467544955832785	-2.1554787992274957
-0.04675323774664766	-2.155485078557806
-0.04675200751443165	-2.1554912012328784
-0.046750789046584695	-2.155496675888401
-0.046749457387201765	-2.155503102465351
-0.046748028424034464	-2.1555100769528743
-0.04674666423947317	-2.155517041468467
-0.04674544214572491	-2.155523228707772
-0.046744282459030194	-2.155528837013547
-0.04674309470390864	-2.155534508775098
-0.0467418310613021	-2.155540518369121
-0.04674048779290472	-2.1555470459846684
-0.046739112082328345	-2.1555538377896273
-0.04673785956685085	-2.1555610811723533
-0.04673649765319226	-2.155567254763379
-0.04673504597330781	-2.155573866330837
-0.04673375824517475	-2.1555806492233347
-0.04673271086408807	-2.155586401707349
-0.04673157799315958	-2.155592006565502
-0.04673048688004827	-2.1555977374937023
-0.04672937822838931	-2.155603454633286
-0.04672824888873217	-2.155609161598993
-0.046727040438544795	-2.155614992080898
-0.046725809383937944	-2.1556210794179873
-0.04672458177227247	-2.15562741211008
-0.04672335144957483	-2.155633648692609
-0.04672209490118896	-2.155639779146584
-0.046720863562827196	-2.155645921411254
-0.046719682652414024	-2.1556519019277953
-0.04671848296075362	-2.155657839097638
-0.04671729536043	-2.1556638020184735
-0.04671610695789519	-2.155669764757614
-0.0467149163651832	-2.1556757211894038
-0.046713758228320475	-2.1556815620291863
-0.04671260717993464	-2.155686654365494
-0.04671137219705466	-2.1556930382043245
-0.046710089182193756	-2.155699430695161
-0.04670888852917916	-2.155705564255151
-0.046707740389924576	-2.1557113754930133
-0.046706593274608466	-2.155717035632735
-0.04670542050041389	-2.1557227667060146
-0.04670421747096408	-2.1557286762117753
-0.04670299127719413	-2.1557347499782082
-0.04670179089983157	-2.1557410340575873
-0.046700535475524094	-2.1557471159903114
-0.04669930851603676	-2.1557531716341467
-0.04669818754820079	-2.15575892344199
-0.046697030036374515	-2.1557645941750083
-0.046695895610204874	-2.1557703180328427
-0.04669474304338021	-2.155776056063699
-0.04669356176413795	-2.1557818777376934
-0.04669236789970413	-2.1557878256269163
-0.04669119598313479	-2.155793680467604
-0.04669005528170646	-2.1557988938021957
