-2.3401430799217997	-1.8691787316607889
-2.3401431554962264	-1.8691782912437602
-2.3401432310756722	-1.869177850817129
-2.3401433066601363	-1.8691774103808951
-2.340143382249619	-1.8691769699350582
-2.340143457844121	-1.869176529479618
-2.3401435334436425	-1.8691760890145745
-2.3401436090481833	-1.8691756485399273
-2.3401436846577446	-1.8691752080556758
-2.340143760272326	-1.8691747675618202
-2.340143835891928	-1.8691743270583605
-2.340143911516551	-1.8691738865452956
-2.3401439871461944	-1.8691734460226255
-2.340144062780859	-1.8691730054903501
-2.340144138420546	-1.8691725649484692
-2.340144214065255	-1.8691721243969823
-2.3401442897149862	-1.8691716838358896
-2.3401443653697402	-1.8691712432651901
-2.340144441029517	-1.8691708026848843
-2.3401445166943176	-1.8691703620949713
-2.340144592364141	-1.8691699214954518
-2.340144668038988	-1.8691694808863248
-2.3401447437188594	-1.86916904026759
-2.3401448194037546	-1.8691685996392475
-2.3401448950936747	-1.869168159001297
-2.3401449707886193	-1.8691677183537376
-2.3401450464885896	-1.8691672776965698
-2.340145122193585	-1.8691668370297931
-2.340145197903607	-1.8691663963534073
-2.340145273618654	-1.8691659556674118
-2.340145349338728	-1.869165514971807
-2.3401454250638287	-1.8691650742665922
-2.340145500793956	-1.8691646335517669
-2.340145576529111	-1.8691641928273308
-2.340145652269292	-1.8691637520932844
-2.3401457280145017	-1.8691633113496273
-2.3401458037647394	-1.8691628705963588
-2.340145879520005	-1.8691624298334788
-2.3401459552803	-1.869161989060987
-2.3401460310456232	-1.869161548278883
-2.3401461068159763	-1.8691611074871668
-2.3401461825913588	-1.869160666685838
-2.3401462583717714	-1.8691602258748967
-2.3401463341572137	-1.8691597850543418
-2.3401464099476867	-1.869159344224174
-2.34014648574319	-1.8691589033843927
-2.3401465615437247	-1.8691584625349975
-2.34014663734929	-1.869158021675988
-2.340146713159887	-1.8691575808073648
-2.3401467889755163	-1.8691571399291262
-2.340146864796177	-1.869156699041273
-2.3401469406218705	-1.8691562581438053
-2.3401470164525966	-1.8691558172367213
-2.340147092288356	-1.8691553763200217
-2.3401471681291484	-1.8691549353937065
-2.3401472439749744	-1.8691544944577752
-2.3401473198258347	-1.8691540535122277
-2.3401473956817287	-1.8691536125570627
-2.3401474715426573	-1.8691531715922813
-2.3401475474086206	-1.8691527306178832
-2.3401476232796146	-1.869152289633871
-2.3401476991555583	-1.86915184864052
-2.340147775036437	-1.8691514076378701
-2.34014785092228	-1.8691509666257424
-2.3401479268130996	-1.8691505256040613
-2.3401480027089017	-1.8691500845727929
-2.3401480786096887	-1.869149643531924
-2.340148154515464	-1.869149202481446
-2.3401482304262258	-1.8691487614213573
-2.3401483063419755	-1.8691483203516568
-2.3401483822627136	-1.8691478792723422
-2.3401484581884406	-1.8691474381834143
-2.3401485341191557	-1.8691469970848729
-2.3401486100548614	-1.8691465559767166
-2.340148685995554	-1.869146114858947
-2.3401487619412396	-1.8691456737315602
-2.340148837891914	-1.8691452325945606
-2.340148913847577	-1.869144791447944
-2.3401489898082324	-1.8691443502917133
-2.3401490657738813	-1.8691439091258668
-2.3401491417445355	-1.8691434679503096
-2.3401492177202297	-1.8691430267648368
-2.340149293700936	-1.8691425855696209
-2.340149369686647	-1.869142144364715
-2.340149445677359	-1.8691417031501418
-2.3401495216730672	-1.8691412619259116
-2.340149597673778	-1.869140820692028
-2.340149673679484	-1.869140379448493
-2.34014974969019	-1.8691399381953075
-2.3401498257058964	-1.8691394969324704
-2.3401499017266	-1.869139055659983
-2.3401499777523034	-1.8691386143778443
-2.3401500537830078	-1.8691381730860555
-2.3401501298187117	-1.8691377317846138
-2.3401502058594152	-1.8691372904735206
-2.3401502819051188	-1.8691368491527753
-2.3401503579558245	-1.8691364078223773
-2.3401504340115316	-1.869135966482328
-2.3401505100722395	-1.8691355251326254
-2.3401505861379497	-1.8691350837732692
-2.3401506622086616	-1.8691346424042599
-2.340150738284376	-1.8691342010255976
-2.340150814365092	-1.869133759637282
-2.340150890450812	-1.8691333182393108
-2.3401509665415343	-1.8691328768316855
-2.340151042637261	-1.869132435414406
-2.3401511187379915	-1.8691319939874713
-2.340151194843726	-1.869131552550881
-2.340151270954464	-1.8691311111046365
-2.3401513470702064	-1.8691306696487358
-2.3401514231909544	-1.8691302281831788
-2.3401514993167076	-1.8691297867079661
-2.3401515754474658	-1.8691293452230964
-2.34015165158323	-1.8691289037285703
-2.340151727724	-1.8691284622243873
-2.340151803869776	-1.8691280207105465
-2.340151880020559	-1.8691275791870494
-2.340151956176349	-1.8691271376538943
-2.340152032337146	-1.8691266961110817
-2.34015210850295	-1.8691262545586098
-2.3401521846737623	-1.8691258129964798
-2.3401522608495826	-1.8691253714246903
-2.340152337030411	-1.8691249298432424
-2.340152413216248	-1.8691244882521347
-2.3401524894070937	-1.8691240466513679
-2.3401525656029487	-1.869123605040941
-2.3401526418038125	-1.869123163420854
-2.340152718009687	-1.8691227217911066
-2.3401527942205713	-1.8691222801516987
-2.340152870436466	-1.8691218385026298
-2.340152946657371	-1.8691213968439004
-2.3401530228832863	-1.8691209551755088
-2.340153099114213	-1.8691205134974562
-2.340153175350151	-1.8691200718097414
-2.340153251591101	-1.8691196301123645
-2.340153327837063	-1.8691191884053258
-2.340153404088037	-1.8691187466886234
-2.340153480344024	-1.869118304962259
-2.3401535566050233	-1.8691178632262309
-2.3401536328710355	-1.8691174214805393
-2.3401537091420623	-1.8691169797251848
-2.340153785418102	-1.869116537960166
-2.340153861699156	-1.869116096185483
-2.340153937985223	-1.8691156544011351
-2.340154014276306	-1.8691152126071222
-2.3401540905724034	-1.869114770803445
-2.3401541668735155	-1.8691143289901029
-2.340154243179643	-1.869113887167095
-2.340154319490787	-1.8691134453344214
-2.340154395806946	-1.869113003492082
-2.340154472128121	-1.8691125616400754
-2.340154548454313	-1.8691121197784022
-2.3401546247855216	-1.869111677907063
-2.340154701121748	-1.8691112360260564
-2.3401547774629914	-1.8691107941353833
-2.3401548538092523	-1.8691103522350418
-2.3401549301605318	-1.8691099103250326
-2.340155006516829	-1.8691094684053553
-2.3401550828781446	-1.86910902647601
-2.3401551592444787	-1.8691085845369957
-2.3401552356158324	-1.869108142588313
-2.340155311992205	-1.8691077006299606
-2.340155388373598	-1.8691072586619395
-2.3401554647600102	-1.8691068166842484
-2.3401555411514425	-1.869106374696887
-2.3401556175478957	-1.8691059326998558
-2.3401556939493697	-1.8691054906931541
-2.340155770355865	-1.8691050486767822
-2.3401558467673813	-1.869104606650739
-2.3401559231839197	-1.8691041646150246
-2.340155999605479	-1.8691037225696387
-2.3401560760320614	-1.8691032805145815
-2.3401561524636656	-1.8691028384498518
-2.3401562289002933	-1.86910239637545
-2.3401563053419436	-1.8691019542913763
-2.340156381788618	-1.8691015121976293
-2.3401564582403154	-1.8691010700942094
-2.340156534697036	-1.8691006279811162
-2.340156611158782	-1.8691001858583494
-2.340156687625552	-1.8690997437259087
-2.3401567640973466	-1.869099301583794
-2.3401568405741666	-1.8690988594320048
-2.3401569170560124	-1.8690984172705414
-2.340156993542883	-1.869097975099403
-2.34015707003478	-1.8690975329185895
-2.3401571465317024	-1.8690970907281006
-2.340157223033652	-1.8690966485279363
-2.340157299540628	-1.8690962063180963
-2.340157376052631	-1.86909576409858
-2.340157452569662	-1.8690953218693873
-2.3401575290917203	-1.869094879630518
-2.3401576056188063	-1.8690944373819722
-2.3401576821509207	-1.8690939951237484
-2.3401577586880635	-1.8690935528558477
-2.3401578352302352	-1.8690931105782695
-2.340157911777436	-1.869092668291013
-2.3401579883296657	-1.8690922259940788
-2.3401580648869253	-1.8690917836874659
-2.3401581414492156	-1.869091341371174
-2.340158218016536	-1.8690908990452033
-2.340158294588887	-1.8690904567095536
-2.3401583711662677	-1.8690900143642242
-2.3401584477486796	-1.8690895720092153
-2.340158524336123	-1.869089129644526
-2.340158600928598	-1.8690886872701564
-2.340158677526105	-1.8690882448861064
-2.340158754128644	-1.8690878024923752
-2.340158830736216	-1.8690873600889635
-2.3401589073488203	-1.8690869176758704
-2.340158983966458	-1.8690864752530953
-2.3401590605891287	-1.8690860328206387
-2.3401591372168333	-1.8690855903785
-2.340088260531258	-1.8690845866609542
-2.339721453261133	-1.86907904142741
-2.3390412739835624	-1.8690691075862134
-2.338047102309214	-1.8690546180231145
-2.3367388522411003	-1.8690353626769183
-2.33511743085939	-1.8690110919981429
-2.333185517098155	-1.868981503358109
-2.3309485091276487	-1.8689462638258856
-2.3284156536225717	-1.8689050295675904
-2.325601335017056	-1.868857482534351
-2.3225264814868845	-1.8688033858206814
-2.319220002233718	-1.8687426734817285
-2.315720112627919	-1.868675608705731
-2.312075279534331	-1.868603541385016
-2.3083442504739318	-1.8685323800712812
-2.304591515355347	-1.8684679170860272
-2.3008315636818195	-1.8683832904566495
-2.2969991243639845	-1.868270580017459
-2.2930220245545936	-1.8681599773625228
-2.2888430309195456	-1.8680375053936134
-2.2844150270712484	-1.8679001709733614
-2.279705210230393	-1.867744806610749
-2.274697488348443	-1.8675679570356134
-2.2693939728543375	-1.8673647535097981
-2.2638143358393594	-1.8671365452653648
-2.2579963085413715	-1.8668882696364606
-2.2519928686073176	-1.8666215081026574
-2.245840498911023	-1.866356104780269
-2.2395331727965657	-1.866104239774533
-2.2330949318632207	-1.8658652524978387
-2.226537467496216	-1.8656301274196225
-2.219853464060134	-1.8653798576506937
-2.2130270589206322	-1.8650967344121823
-2.206018868636763	-1.864762882205785
-2.198816426267083	-1.8643663551555898
-2.19147202888872	-1.8638974455655775
-2.1840499633658124	-1.863352838664372
-2.1765936965875547	-1.8627303201954417
-2.1691180556726537	-1.8620278778088672
-2.161573403810107	-1.861242668513615
-2.153922474031631	-1.860365207399479
-2.1461419764743748	-1.8593791791012475
-2.138349901080946	-1.8582910885719168
-2.130765769270778	-1.8571522744834121
-2.1233957857944126	-1.8559833304827396
-2.115950833627047	-1.854725543161836
-2.108392567043128	-1.853344823300534
-2.1007966994675114	-1.8518422970973953
-2.093206840070853	-1.8502364961371838
-2.0856168773976487	-1.848532152472491
-2.077985333004231	-1.8467128028675603
-2.070365141281194	-1.8447389281630546
-2.0628344076244716	-1.8426754069651294
-2.0555447758617746	-1.840584244401618
-2.0483077704247976	-1.8384229644278847
-2.0409498816032183	-1.8361474417122865
-2.033469305862046	-1.8337335303823836
-2.025992306412515	-1.8312096217483262
-2.0185453827851867	-1.8285847526544605
-2.0111300466079225	-1.8258619696806364
-2.0037488703465813	-1.8230485400528442
-1.9964012822491457	-1.8201860033729729
-1.9890917501122158	-1.8173148680501534
-1.98181506390014	-1.8143666342692937
-1.974625902820317	-1.811288599528593
-1.9675204711022884	-1.808090635753286
-1.960394218235601	-1.8048609778600255
-1.9531371808933373	-1.8015686065396226
-1.9458519936022263	-1.7982636478221072
-1.9385688848967604	-1.7949567719124206
-1.9312894686471573	-1.7916423298203514
-1.9240106849584657	-1.788317724732977
-1.9167323324013084	-1.7849845223217087
-1.9094538380807433	-1.7816440624395415
-1.9021859161421368	-1.7783097433878143
-1.894939451934172	-1.774989325320688
-1.8877053387714435	-1.7716835571686416
-1.880464204690691	-1.7684125106896997
-1.8731414766611447	-1.765166467405972
-1.8657328605439638	-1.7619581883317075
-1.8583005224188198	-1.7588153268566136
-1.8508465868608948	-1.7557297965594498
-1.8434147528322808	-1.7527155392631526
-1.836092396660794	-1.7498222845847249
-1.8286711355952068	-1.7469965491986925
-1.8211222117715442	-1.7442452597768165
-1.8135029725877454	-1.7415905445089752
-1.8058464072117388	-1.7390402316238658
-1.7981146083468484	-1.736596254037458
-1.790328906322925	-1.734264322894493
-1.7825294979040764	-1.7320590360641857
-1.7746916829946684	-1.729968020794344
-1.7668418288991012	-1.727993331703479
-1.7590656571931726	-1.7261382498102982
-1.7512805991596745	-1.7243832635646918
-1.743383791204383	-1.7227411010300855
-1.7353797155812256	-1.721222381613545
-1.727322455050868	-1.7198459280021898
-1.7192556394023348	-1.718627597648493
-1.7111679577965297	-1.7175556052321068
-1.703062317968555	-1.7166297070286491
-1.6949406600797579	-1.7158487356785197
-1.6868755311609713	-1.715215015084391
-1.6790804242725381	-1.7147317876676211
-1.6715451614655978	-1.7143695318536378
-1.6642331903048386	-1.7141011692856196
-1.6571112505434107	-1.713905208996766
-1.650176532657345	-1.7137578865236547
-1.643420178313043	-1.7136484658952644
-1.636829866143481	-1.7135737079132434
-1.6303908918786478	-1.7135353036327274
-1.6240899526827808	-1.7135404041073163
-1.6179420526873851	-1.7135969121967147
-1.611985509485309	-1.7137109298627793
-1.6062546044127344	-1.7138864290977214
-1.600777622996423	-1.7141231677065085
-1.5955774269942327	-1.7144180836746084
-1.5906718149509662	-1.7147658583374172
-1.586073911103859	-1.7151593034521382
-1.5817926698609983	-1.7155898847627782
-1.5778335094101728	-1.7160480360079722
-1.5741997142569446	-1.7165233833148048
-1.5708932798278832	-1.7170049524248137
-1.5679150819530165	-1.7174813893558398
-1.5652668435455552	-1.7179412930306883
-1.5629510124788502	-1.7183736045112583
-1.56096776232908	-1.718767979737888
-1.5593159127803788	-1.7191155089990766
-1.5579556209261143	-1.7194165485081305
-1.5568181829775303	-1.7196782322439856
-1.555911028170484	-1.7198925110369276
-1.5552275535528	-1.7200559259008725
-1.554752420974466	-1.7201705510803726
-1.5544389999003154	-1.7202469222776837
-1.5541349925628654	-1.7203198734870528
-1.5538164223195905	-1.7203958229959775
-1.5534765852652683	-1.7204795086502984
-1.5531965515337056	-1.720549858732254
-1.5529662599785592	-1.7206124264390443
-1.5527376838941285	-1.7206786580203475
-1.5525110875778854	-1.7207480622900087
-1.5522937141816868	-1.720818725245244
-1.5521106895586827	-1.7208785241095341
-1.5519657877338697	-1.7209293014339542
-1.5519033580403858	-1.7209511688500059
-1.5519036194842295	-1.720952750528022
-1.5518717585154498	-1.7209634431702787
-1.5518396377951436	-1.7209749211666485
-1.551804257874012	-1.7209881300665075
-1.551775681683477	-1.7209987499506816
-1.5517487997249892	-1.7210086808350753
-1.5517278872445872	-1.7210166533855344
-1.5517080128834198	-1.7210240598175734
-1.5516526507825614	-1.72104627811733
-1.5515531560602862	-1.7210840610481037
-1.5515471576919773	-1.7210868095002705
-1.5516319723813103	-1.721053959843657
-1.5517550493915397	-1.721009358081612
-1.5518466261998907	-1.7209768904620026
-1.5519359964771435	-1.7209466978330135
-1.5520180894478732	-1.720920283316308
-1.5520822289226595	-1.7209004150139042
-1.5520726295350376	-1.720904656596504
-1.5519048525272474	-1.7209617301587232
-1.5516959582169867	-1.7210300485311225
-1.5514419772876664	-1.7211121320449825
-1.5511410086720512	-1.7212106781732421
-1.550825834985644	-1.721315735033364
-1.550632501074072	-1.7213822421895284
-1.5504706836536393	-1.721440703387454
-1.5503171571353789	-1.721498858562501
-1.5501685780099133	-1.7215577037782925
-1.5500333957747359	-1.7216132095281036
-1.549901705207755	-1.7216703837874139
-1.54971925368276	-1.721754928805779
-1.5493262573490985	-1.7219460511615718
-1.5487149358170003	-1.722258045225748
-1.54788997048854	-1.7226983789052097
-1.546856980991553	-1.723275153159978
-1.5456229112964546	-1.7239963598502415
-1.5441966600859114	-1.7248692787853817
-1.5425889539630886	-1.7258992910342696
-1.5408254776361348	-1.7270779738155428
-1.538982333914034	-1.7283666195389438
-1.537029787217899	-1.729786656719631
-1.5349744219265806	-1.731339460982121
-1.5328308542902076	-1.7330148174838278
-1.5306176531213758	-1.7348003373437544
-1.528335995597068	-1.7366927196435888
-1.5259565734461222	-1.738707783414831
-1.523456795806171	-1.7408628862555766
-1.5208161277162855	-1.743173480626137
-1.5180252632031566	-1.7456439161675996
-1.5150936400406423	-1.748273534610659
-1.5120432735519138	-1.751053169033228
-1.5089001118845533	-1.7539775134400912
-1.5056606665378203	-1.7570761937636548
-1.5023110650498404	-1.7603831308853568
-1.4988584893994714	-1.7639124054711601
-1.4953206111187483	-1.76765596549037
-1.491717039431345	-1.771592875452943
-1.4880651197551886	-1.775699310202117
-1.4843656597647767	-1.7799586021976161
-1.4806328586047648	-1.7843375659243998
-1.4769189173293114	-1.788766797908708
-1.473316473717413	-1.793125968683946
-1.4698434377674672	-1.7973981972639779
-1.4665022983611207	-1.8015701773021093
-1.4632910914673183	-1.8056291701029934
-1.4602088985930528	-1.8095623829846883
-1.4572594912791736	-1.8133387013986788
-1.4544493657365833	-1.8169340428715661
-1.4517825285757244	-1.8203265520630278
-1.4492604311502157	-1.8235038106109287
-1.4468881926669013	-1.8264536321413842
-1.4446670832785728	-1.8291701093128352
-1.442601006043405	-1.831649013665368
-1.4406947108217063	-1.833888207145062
-1.4389539164488976	-1.8358870376265388
-1.4373850418213823	-1.8376462694972657
-1.4359947915374724	-1.8391679629136397
-1.4347898745306453	-1.8404553342505936
-1.4337347568306447	-1.8415558925718287
-1.4326129383897188	-1.8426980913962177
-1.4313317587030536	-1.843980454137616
-1.4298740333283722	-1.8454124425159835
-1.4282777169070273	-1.84694917268432
-1.426704619061666	-1.8484282339643345
-1.4252433165088092	-1.8497540321499726
-1.4237638232207865	-1.8510429959182284
-1.422119618308394	-1.852416790598906
-1.4203540685411746	-1.8538345317477498
-1.4184125040643127	-1.8553304025383113
-1.4163615539009726	-1.8568539223080103
-1.414073599993357	-1.8585033307011103
-1.4115437095027372	-1.86027292559968
-1.408778209603537	-1.862152943602226
-1.405789763379162	-1.8641324619624677
-1.4025988214365563	-1.866200061224126
-1.3992311169501457	-1.8683384281666353
-1.3957194629224117	-1.8705418622888617
-1.3920674495928687	-1.87282308853579
-1.3882706143652161	-1.8751939479513182
-1.384330042461482	-1.8776580996195755
-1.380248074996685	-1.8802109894339782
-1.3760364539427716	-1.8828455714825718
-1.371707434908081	-1.8855384801089288
-1.3672452783202433	-1.8882840376980257
-1.3626251186377165	-1.8910801611142427
-1.3578387371359004	-1.8939230670028209
-1.352889836631057	-1.8968026409603724
-1.3477972469969959	-1.899713366621146
-1.3425603447397132	-1.9026748155251427
-1.3371416572850379	-1.9057238407688342
-1.3315379034627857	-1.908875021468428
-1.3258177507489524	-1.9120863722923278
-1.3199639242194656	-1.9153524287344257
-1.3139580482441788	-1.9186658270791102
-1.3077927597952996	-1.9220114094148348
-1.301476079529645	-1.9253659245793773
-1.2950319259162335	-1.9287012698512669
-1.288500701149646	-1.9319953462421622
-1.2819477580206338	-1.9352461417601918
-1.2753922300778007	-1.9384257386191368
-1.2687910636858908	-1.9414769371216796
-1.2620250947889318	-1.9444819240921778
-1.2550870163776737	-1.9474756246048874
-1.2479653010863245	-1.950442070881267
-1.2406710808544823	-1.9533584018596541
-1.2333207651601799	-1.9561713652584476
-1.2259195319668164	-1.9588813006658776
-1.2184709219771852	-1.9614962468007726
-1.2109846035275882	-1.9640180815179538
-1.2034962171446675	-1.9664365208818655
-1.196003999507936	-1.9687546982478226
-1.1884612057658634	-1.9709988974584984
-1.180947045634309	-1.9731757419076499
-1.173537298410905	-1.9752800278694986
-1.1661608354565463	-1.977353661495563
-1.1586950093676802	-1.9794455677380407
-1.1510886758628438	-1.9815735183202945
-1.1433805066094447	-1.9837360819301795
-1.1356704583987212	-1.9859108555611018
-1.1280365474310237	-1.988070750346485
-1.120576411862909	-1.990187995647191
-1.1129790817921257	-1.9923688723500321
-1.1052791543155795	-1.9946240701978029
-1.097612645944924	-1.9969206326116304
-1.0899785168971525	-1.9992522142054934
-1.082361072519489	-2.0016215806958773
-1.0747180713526943	-2.004036259049606
-1.0670970718591384	-2.0064615673345347
-1.059477630096402	-2.00889915319075
-1.0519340759935472	-2.011322402928888
-1.0446713083280303	-2.0136684531032754
-1.0373980837248333	-2.01603663475152
-1.0299261568463978	-2.018498378658989
-1.0222928624861103	-2.0210602311595824
-1.0146749459677544	-2.0236717994495765
-1.0070717711705994	-2.0263211346959857
-0.9994878997287956	-2.028999053423603
-0.9919442969616029	-2.0317010284470407
-0.9844215760460019	-2.034427371632096
-0.9768985274914076	-2.037196679203436
-0.9694357647348286	-2.0399598034801207
-0.9620032136380015	-2.0427079424997445
-0.9545935806166423	-2.04540320274555
-0.9472030121351813	-2.0480021936236987
-0.9397951563589461	-2.0504706402516315
-0.9323192384486556	-2.052798848350365
-0.9247942337108801	-2.0549821158141293
-0.9172230937335568	-2.057022732233182
-0.9096223971086134	-2.0589191957862027
-0.901986329103604	-2.0606728324809134
-0.8942768900033051	-2.0623151354440563
-0.8865330019146045	-2.0638683926706776
-0.8787453979228489	-2.0653554667585885
-0.870932082004214	-2.0667713195890407
-0.8631565818014952	-2.0680973106682976
-0.8555157775690373	-2.069330045018556
-0.8477634048541202	-2.0705229685266806
-0.8399073031804014	-2.071674957261234
-0.8321049894241331	-2.0727664481939647
-0.8244753034357611	-2.073780450643321
-0.81679077509161	-2.074753348997284
-0.8089686905436672	-2.0757240719151335
-0.8010269247829259	-2.0767196938508445
-0.7930203290525563	-2.077771702348944
-0.785005873371768	-2.07890422175149
-0.7770205273060294	-2.0801110242843004
-0.7690467360027043	-2.081377214738249
-0.7610839650585778	-2.082714745046825
-0.7531671186669866	-2.08410138291242
-0.7452599361259155	-2.0855292561464225
-0.7374316353702075	-2.086961975385536
-0.7296838650301454	-2.0883619471131682
-0.7220455210071534	-2.08968386636435
-0.7144237865003695	-2.090914025221497
-0.7067588407409834	-2.0920540836549355
-0.699040919916449	-2.0931138484453014
-0.6912290263669474	-2.094103188070541
-0.6833743966740055	-2.0950080656269314
-0.6754984598453312	-2.0958354472954492
-0.6676220889554573	-2.0965890563442184
-0.6597192867586972	-2.097280810610225
-0.6518260615511016	-2.097908262770151
-0.6439207668970566	-2.0984806454171907
-0.6359987600495121	-2.099000382877033
-0.6280610890624482	-2.099475807547477
-0.6201260334079809	-2.099909805553997
-0.6121969731120789	-2.100299554555942
-0.6042575014781671	-2.1006562216652984
-0.5963042582047727	-2.1009810059978204
-0.5884251033182053	-2.1012702139553263
-0.5807518598538957	-2.1015197364000953
-0.5729293041259836	-2.1017538340462747
-0.5649642682290248	-2.1019860202444463
-0.5569509517051124	-2.1022230785347897
-0.548933094219279	-2.1024582474399462
-0.5409304615656947	-2.102694656803994
-0.5329461920431041	-2.1029266701145355
-0.5249595269066842	-2.1031526291194087
-0.5169757184235686	-2.103368775887991
-0.5090104310819019	-2.1035847652002633
-0.5010839085582895	-2.103796951675068
-0.49330294804789376	-2.1039853793848025
-0.48563641600774327	-2.1041130540467834
-0.47791449372169986	-2.1041480472213334
-0.470050180288317	-2.104074598044731
-0.4621650026561289	-2.10389056220491
-0.4542799743495958	-2.1035983815098227
-0.44641039624321144	-2.1031993117717245
-0.43854155357745184	-2.1026999434865603
-0.43069759641413485	-2.1021077536126698
-0.42287237025962565	-2.1014279739131503
-0.41501069457556167	-2.1006705005180737
-0.407108578041908	-2.0998303527070195
-0.39916264059940676	-2.098947384544586
-0.3911751449368442	-2.098053757914806
-0.3831530632439775	-2.097192481994858
-0.37512367027300986	-2.096395962455546
-0.3670994545160158	-2.09565413854398
-0.35907941466974785	-2.094955018364748
-0.3510532898891881	-2.0942858033926735
-0.3430282401973766	-2.0936302656319072
-0.3349493457949706	-2.0929622537409873
-0.32682893448481487	-2.0922549945082545
-0.31875267495809906	-2.0915009151319115
-0.3107922482453428	-2.090686607378085
-0.3029552345538458	-2.0897996811628086
-0.2951502167974292	-2.088809565126747
-0.2873462794396073	-2.0877165376266333
-0.27954144560937627	-2.0865293999045065
-0.2718182715011415	-2.0852660253101347
-0.26428973957649804	-2.0839417338195205
-0.2566568468303847	-2.0824749802350824
-0.24896246035305133	-2.0808575719054643
-0.24129111396346156	-2.0791090380489687
-0.2336363798487927	-2.077235797948941
-0.22598651249300566	-2.075280837796962
-0.21838327219333298	-2.0732733798000806
-0.21083105299559665	-2.071199989891191
-0.2033305202192773	-2.0689983574793898
-0.19589046473699487	-2.0666099893830467
-0.18854204361292287	-2.064099154950398
-0.18122441649086704	-2.0615362375553437
-0.1738341482769766	-2.0589135289853147
-0.16633643320662844	-2.056240108591233
-0.1588189710076417	-2.053545576938734
-0.15130682893266575	-2.0508303860501123
-0.14379728103185024	-2.048095909481923
-0.13629535860906722	-2.045344156638885
-0.12880784973910112	-2.042582140314961
-0.12131919957157292	-2.039805990437602
-0.1138702407350475	-2.0370280846179707
-0.10654702898993686	-2.034294573200749
-0.09922016301057211	-2.031581772192126
-0.09179584336776127	-2.028863902934465
-0.08426180369316287	-2.0261431925649127
-0.07669377082532979	-2.0234456076010234
-0.06911545486107107	-2.020776241583806
-0.06153475800059267	-2.0181323102181388
-0.05394765089492674	-2.015505139239837
-0.04633082592173309	-2.012887701072394
-0.03862344339516496	-2.0102708553018442
-0.03083812544373072	-2.0076897341682307
-0.023056004589978103	-2.0051745026027312
-0.015319264635599822	-2.0027586070945675
-0.007600273675500282	-2.0004307961816075
0.00013077428561642738	-1.9981671746058127
0.007872412162672772	-1.995957910969513
0.015626777288126156	-1.9937996812976433
0.023391432989379405	-1.9916840871337158
0.031180289984180688	-1.9896093762429865
0.03899125699034161	-1.987593060066326
0.04676760003193176	-1.9856359116309155
0.05448898266106534	-1.983699587093902
0.06214217895650566	-1.9817595727103205
0.06972141530811621	-1.9798044157543682
0.07726609930236747	-1.9778202662825544
0.08481962077334489	-1.9757587936118242
0.0923722305561516	-1.9736113007667004
0.09995911616901333	-1.971400304488721
0.10756745739810293	-1.9691302512863962
0.11516990675220641	-1.9668205157699579
0.12280269605703317	-1.9644849967118123
0.13047325323901604	-1.9621489627302149
0.13814644710701077	-1.9598252990458025
0.145818332165925	-1.9575075872467667
0.15348999978034944	-1.9551923428914173
0.1611571878948107	-1.952880276449545
0.16881002971637268	-1.9505726445796923
0.17646039101403915	-1.9482673332054934
0.1840790107821556	-1.945967610246879
0.19171542557412807	-1.9436683870585891
0.19937285447126493	-1.9413667407255468
0.20703342401764757	-1.939069730601252
0.2146966085941814	-1.936775446439084
0.2223622276761888	-1.9344813018591314
0.2300306829516933	-1.9321866376467585
0.237700878956009	-1.92989008108809
0.2453736805868925	-1.9275911011973756
0.25304725406987455	-1.9252907526332637
0.26069645643467193	-1.9229941083103697
0.26828535409785415	-1.9207084103122263
0.2758894693886049	-1.9184015271730805
0.28347931353787076	-1.9160754443369439
0.2910751097666653	-1.9137295819187787
0.2986889476417416	-1.9113603199639448
0.30630098499251207	-1.908976323689203
0.3139130001903326	-1.9065777414411236
0.32152464115849894	-1.9041642070679494
0.3291365074391767	-1.9017361358573608
0.3367266184834107	-1.8992983059628958
0.344275111917685	-1.8968377767160807
0.3517064702746964	-1.894352319356785
0.35907057701532313	-1.8918013856005156
0.36643087305762184	-1.88915527353335
0.3738279875494846	-1.8864066117689833
0.38117510527044407	-1.883588206980345
0.38843975679419884	-1.8807168534477938
0.3957119571613878	-1.8777669158542196
0.40301761972678296	-1.8747344244381086
0.41030696684106693	-1.8716420365144828
0.417587240710672	-1.8685119914325
0.4249323983841767	-1.8653503578123989
0.43229310045195174	-1.8621909203840337
0.43963960527654633	-1.8590385016209876
0.4469829559176602	-1.8558788537718882
0.45431192539862286	-1.8527178605576298
0.4616527730777492	-1.8495451547412716
0.46899031151740816	-1.8463709521014882
0.47632271344796046	-1.8431913084775784
0.4836423205171806	-1.8400088160985608
0.4909424666018936	-1.8368216313509396
0.4982483024997623	-1.8336137845513285
0.5055518182665574	-1.8303931664383966
0.5128532404610563	-1.8271596958047225
0.5201531832785077	-1.8239128275794174
0.5274506559660218	-1.8206536020408328
0.5347435116069393	-1.8173835395277362
0.5420273969978644	-1.814100533081511
0.5493014122899691	-1.8108144536502635
0.5565719849253999	-1.807516508930522
0.5638240621762677	-1.804204155538773
0.5710893351892642	-1.8008444631955387
0.5783753881658622	-1.7974036609823196
0.5855535465880666	-1.7939284141776923
0.5926362520511608	-1.790420344358954
0.5996965952516364	-1.786840252786305
0.60673300196779	-1.7831953360430057
0.6137427177298729	-1.779489911995312
0.6207446838878812	-1.7757170311709711
0.6276906568549023	-1.771910260361744
0.6345399042381482	-1.7680882320122946
0.6414040570706191	-1.7641794839547251
0.6482527869993768	-1.760196703971801
0.655071471365886	-1.75615285379241
0.6618559957284166	-1.752050300575764
0.6686047575974153	-1.7478914672369101
0.675301185928247	-1.7436824028198035
0.6819463784195406	-1.7394226981992233
0.6885749357259641	-1.7350925698861719
0.6951591351396219	-1.7307104745968487
0.7016639274482487	-1.726290840528894
0.7081582295316452	-1.7217683937290893
0.7145941440839938	-1.7171888386508
0.7209975407155732	-1.7125416072908946
0.7273627048235078	-1.7078346944759097
0.7336869543460922	-1.7030680100636029
0.7399706681881979	-1.698241441282384
0.7462141727220418	-1.6933544564510472
0.7524176055207508	-1.6884102834827621
0.758566060686391	-1.6834230098527814
0.7646490297576052	-1.6784101881422875
0.7706263670353899	-1.67341543774501
0.7765608735567263	-1.6684146438574587
0.7825165222826589	-1.6633728330284598
0.7885416131198438	-1.6582718237446648
0.7946539367393034	-1.653118373615874
0.80078885059155	-1.6479695387819724
0.8069318652535382	-1.6428290506228933
0.8130863688930603	-1.6376963471021513
0.8192564400939923	-1.6325971488002504
0.8254712247254296	-1.6275131365090743
0.8316969036544104	-1.622422611036515
0.8378750244000788	-1.6173430265913218
0.8439924228614137	-1.6122678620335187
0.850070650454263	-1.6071892103492829
0.8561604697681847	-1.602071110451612
0.8622487163051324	-1.5969258986696815
0.868311283239171	-1.591778389454063
0.8743741407735581	-1.586607216942268
0.8804202749711243	-1.581423692859461
0.8864501732239036	-1.5762184730530937
0.89246652738003	-1.5709887284893262
0.8984719005692012	-1.565735480594518
0.9044665872062825	-1.5604615523036292
0.9104493837627782	-1.555169902513576
0.916416776495285	-1.5498634187529503
0.9223663145813142	-1.5445432466019757
0.9282815416814231	-1.5392213660418486
0.9341874781130911	-1.5338759862280975
0.940076159448814	-1.5285225171421872
0.9458671289450592	-1.5232319709131323
0.9516637286175684	-1.5178851396974364
0.9574747851724104	-1.5124670307553432
0.9632699411432641	-1.5070120721714937
0.9690475722474537	-1.5015295494173369
0.9748048301510799	-1.4960209799165043
0.9805439444661089	-1.4904846857429892
0.9862685027043704	-1.484922122274991
0.9919780681308686	-1.4793397250328186
0.9976598671802949	-1.473751481851286
1.0032977574127384	-1.468177566762823
1.0089061416713208	-1.4626101853376579
1.0145365268851179	-1.4570221747875822
1.0202032873676088	-1.451422121387196
1.0259439972037907	-1.4458086100570138
1.0317254679497063	-1.4402274892135432
1.03753352109869	-1.4346739985793984
1.0433689340375993	-1.4291408696641106
1.0492335916640199	-1.4236308330794065
1.0551271671522573	-1.4181476271384357
1.061073900536289	-1.4126864274236037
1.0670523842029525	-1.4072717543910322
1.0730645842206556	-1.4018920814346465
1.079095044493418	-1.3965663879330512
1.0851486274231128	-1.3912771714950891
1.0912210403774012	-1.3860313506259263
1.0973140842367204	-1.3808295778030268
1.1034519000071772	-1.3756480917980596
1.1096232058746267	-1.3704936908428589
1.1158030506906809	-1.3653810444316465
1.1219766935816038	-1.3602979737708365
1.128115926274827	-1.3552256800982325
1.1342051760978944	-1.3501238621372114
1.1402170370670917	-1.344978608976033
1.1461564763684462	-1.3397832468373445
1.1519977466947056	-1.3345728810313158
1.1577971859604537	-1.3293110676493494
1.1635637699783004	-1.32398734235114
1.16932211761974	-1.3185926896448352
1.1750252881531593	-1.3131729979446671
1.1806203454337842	-1.3077645888263956
1.1861926315909603	-1.3022458625187425
1.1917211142397786	-1.2966245375690642
1.197191481910532	-1.29092860917173
1.2026001688053933	-1.2851660006897219
1.2079473167054935	-1.2793374417420746
1.2132345067790404	-1.2734458482574849
1.2184595941133542	-1.267494362434738
1.223623959729079	-1.2614890016455864
1.2287311719275653	-1.2554526347937232
1.2337930455563828	-1.2494149793891516
1.238755622965298	-1.2433312367244727
1.2436075165092295	-1.2371382767315398
1.248381725372172	-1.2308747407613805
1.253083268436249	-1.2245468336516518
1.2577129827411457	-1.2181580620658783
1.262271125836771	-1.2117095911378992
1.2667603238388572	-1.205203532137801
1.2711795771625758	-1.1986440031079015
1.275516899335723	-1.1920451198063264
1.2797790174710943	-1.1853860921069204
1.2839506805246954	-1.1786820486804048
1.2880362187555445	-1.171930205460899
1.292051103632784	-1.1651259706133263
1.295982831638623	-1.1582836992257413
1.2998200615242057	-1.1514170070306382
1.3035864751562072	-1.144493488190078
1.307284025762557	-1.1375157620882796
1.3109138143807821	-1.1304921610898024
1.3144402822542682	-1.12349643263258
1.3177718861887433	-1.1167022685883645
1.3208883697501792	-1.1101367241657352
1.3237944114828708	-1.103774795274589
1.3264951963960965	-1.0975855156648502
1.3289730567913265	-1.0915668461177277
1.3312183985315942	-1.0857444185791774
1.3332269320466055	-1.0801406031264364
1.3350043475868651	-1.0747757052329676
1.3365615528204557	-1.0696601270010473
1.3379431907423116	-1.0647046106430575
1.3392205724795714	-1.0597519580167134
1.3404501994825828	-1.0546684441348555
1.341628323064389	-1.0494719520143279
1.3427138600697892	-1.0442533423136438
1.3437264741566797	-1.038988950164754
1.344683881706818	-1.0336201963758
1.3455987246024579	-1.0281002986692167
1.346481129371309	-1.0223872462769659
1.3473460318625885	-1.016466752771993
1.3481908010797157	-1.0104444571043882
1.3489769190981478	-1.0045929968363811
1.349698106932017	-0.9988178050045246
1.3503834974603077	-0.9928516582378974
1.3510401647776091	-0.9866825555176875
1.3516599283882909	-0.9803494756367759
1.352221365342766	-0.9739671406418192
1.352733120718892	-0.9675565200063168
1.3531984619792372	-0.9610783822884952
1.3536318038694275	-0.9544779212395115
1.3540362820661949	-0.9478258353742862
1.3544008947768773	-0.9413426798491166
1.354749202243887	-0.9347061547332787
1.3551040251826703	-0.9278550306619547
1.3554858355344372	-0.9208042406583381
1.3559181964259606	-0.9136040510815325
1.3564099137964205	-0.9062784414588005
1.3569635928533181	-0.8988474368500681
1.3575798882020746	-0.8913468923377812
1.3582652841778589	-0.8838028317095893
1.3590197103995612	-0.8762120247622518
1.3598655030289934	-0.8685280942998362
1.3608300038579721	-0.8606720118266886
1.361932705724323	-0.8526444346702183
1.363162040707624	-0.8446006498200532
1.364508390319494	-0.8365766586316595
1.3659670501839012	-0.8285731581474717
1.3675364402531387	-0.8205912966260315
1.3692125124362247	-0.8126356895194046
1.3709551358825616	-0.8046988380446516
1.3727144570078795	-0.7967911525559922
1.3745136025298248	-0.7890008265546891
1.376405797138246	-0.7813423270642226
1.3784399803910667	-0.7738038695482702
1.3805566231855775	-0.766470504601101
1.3826502821121331	-0.7593939189156752
1.3847144622098209	-0.7525479001071592
1.3867211033202305	-0.7459559622912282
1.388653133258238	-0.7396219584793612
1.3904926571855478	-0.7335502308564765
1.3922299679089116	-0.727734792685061
1.3939001848533643	-0.7219901877017102
1.3955253437411739	-0.7161411309140164
1.3971358446407935	-0.7100702140118984
1.3987295361632912	-0.7038233144873309
1.400297025956464	-0.6974484785930394
1.4018590983307595	-0.6909573935076101
1.403408894512596	-0.6843567877347335
1.4049424965936026	-0.6776566334602696
1.4064544559539696	-0.6708213764786418
1.4079417896091357	-0.6637947808002534
1.4093863352719203	-0.656625065452746
1.4107777665531198	-0.6494441103540151
1.4121592359153627	-0.6422260911930866
1.4135688467621597	-0.6349672004624087
1.4150135788928528	-0.6277732746121023
1.416507033738296	-0.6205946268360459
1.4180461476670037	-0.6134179996310648
1.4196276422300824	-0.6062649865534319
1.4212542021357362	-0.5991377281490725
1.422919129028227	-0.5920484018013196
1.4246085963919735	-0.5850655606334689
1.4263635359792075	-0.5780548889429122
1.428194427140218	-0.5709330072838152
1.4301128061210473	-0.5636371062490931
1.4321251556127519	-0.5561255192328679
1.4342131660759618	-0.5484437278594149
1.4363356023041423	-0.5407077260270895
1.4384771877266738	-0.5329721033734908
1.4406384712127431	-0.5252386729138745
1.4428237676178675	-0.51748766180876
1.4450684450623894	-0.5096696683096
1.4474011897271557	-0.5018019094838951
1.4498113620742368	-0.4939328270593256
1.452264911893194	-0.48614192008383167
1.454815978725321	-0.4784504839655389
1.4575381632372182	-0.47078124743987704
1.460402148836165	-0.4631588745716199
1.4633922231532648	-0.4555828225316846
1.4665116915815157	-0.4480503114556171
1.4697627371950954	-0.4405766913849086
1.4730972862450027	-0.4332075917248496
1.4764812808763819	-0.42590522159021765
1.4799012009270323	-0.4186177413069016
1.4833458673159206	-0.4113537120879963
1.4868301503213763	-0.4040954776606132
1.4903411693578235	-0.39686543838791666
1.4938796565934405	-0.3896845316778831
1.4974538487185691	-0.3825291670690567
1.5010790481516694	-0.3753666025028176
1.5047027382823022	-0.36833190362212026
1.508285192373924	-0.3615118179912063
1.5119486682307175	-0.3546489035246858
1.5156937544550282	-0.3476990602730118
1.5195026732992025	-0.3406595611815407
1.523316550123142	-0.3336132424365432
1.5271416560265156	-0.32656349916020816
1.5309652549665305	-0.31952804544335806
1.534791919906551	-0.31248803423664967
1.5386156176752215	-0.3054747490026134
1.5424383360373854	-0.2984605439911294
1.546237893196555	-0.2915125596636111
1.5499539271388563	-0.28472299789289707
1.5535811063189067	-0.27806506141991344
1.5572050709782004	-0.27134409050047575
1.5608600410401972	-0.26446674615164456
1.5645314165424953	-0.2574389881528802
1.5681565511059767	-0.2503730553875716
1.571735336720446	-0.243273911519186
1.5752804534521407	-0.23614020606809616
1.578768773130047	-0.22902302790021303
1.5821600071913517	-0.22201541998930735
1.5854817361135716	-0.21507604012603054
1.5887515028607435	-0.2081972506595635
1.5919510077946535	-0.20140288540940968
1.5950476777685034	-0.19474767356408787
1.5980177631366432	-0.1882804086270894
1.600840450459495	-0.182041145725969
1.6035000925351	-0.1760626694781035
1.6059851255051936	-0.17037238898128107
1.6082875837850648	-0.16499239007905397
1.6104035109394614	-0.15994023898011225
1.6123330631540187	-0.15522809828755071
1.6140799785451767	-0.15086210009906492
1.6156506715373533	-0.14684379618029847
1.6170531707764226	-0.14317152238860606
1.6182962624883466	-0.1398416484117952
1.6193890595504117	-0.13684902565898618
1.620340019012607	-0.13418964586691984
1.6211951299684442	-0.13175427213195381
1.6220857642771822	-0.12918945333377346
1.6230609041335278	-0.12637183940442992
1.6241155176815845	-0.12330961558440444
1.6252417095947231	-0.120021605196505
1.626428630757414	-0.11653322230932849
1.6276626480430525	-0.1128776595304421
1.6289272180833594	-0.10909683281653161
1.6301958194025759	-0.1052383041208349
1.6314580981333582	-0.10133748149120367
1.63269639763738	-0.09739132438086923
1.6339405272561356	-0.09337488806315272
1.6352178782418196	-0.08923627010012367
1.636542641711399	-0.08492778088500282
1.6379350598899096	-0.08040647508581278
1.639411375257048	-0.0756360659423898
1.6409851954045918	-0.07059150815471045
1.6426648988097656	-0.06526354350715786
1.6444527291571278	-0.05966064911579222
1.6463441878257101	-0.05380961289603358
1.6483276816576728	-0.04775518821372095
1.65038279154034	-0.04156263836888722
1.6524807203151002	-0.03532112928900389
1.6545895418719732	-0.029078844002742285
1.6567256649096174	-0.022820370134707158
1.658927109007575	-0.016480863100365284
1.6611997888915275	-0.010024422979836928
1.663533003072615	-0.0034634851554739034
1.6659232499194265	0.0032268448836783184
1.6683614400249984	0.010063130803173406
1.6708330887664653	0.01705180513872433
1.6733014528556156	0.02414279979190208
1.6756766950082285	0.03115919358787634
1.6778933489558197	0.03795814963082842
1.6799631570751947	0.04457356364043368
1.6818985520145455	0.05105738353737853
1.6837027068300334	0.05744072204066919
1.685372858316903	0.06371370757222691
1.6869133157526601	0.06986713718276266
1.6883350979533323	0.07589352750277158
1.6896535616365784	0.08178290456156097
1.6908841132214107	0.08750878797078979
1.69203616937825	0.09303503022660518
1.6931312130507459	0.09839403183091043
1.6941986026141034	0.10373528882493838
1.6952325988469106	0.10913996366161798
1.696245562360409	0.11475884559760317
1.6972294786230284	0.12055637085487114
1.6981967665730076	0.12654325605946354
1.6991636795646599	0.13274456295180656
1.7001449056187374	0.13916481188523214
1.7011403710290003	0.14571201511967405
1.7021030427944113	0.15212955355373647
1.7030282240309318	0.1584659594988104
1.703945400347718	0.16491375261446362
1.7048512356058505	0.17146925045003622
1.7057455493220077	0.1781184942552262
1.7066204572142114	0.18489042251996285
1.7074706297229045	0.19176072884066567
1.7083122772827557	0.1987710869340399
1.7091603382567295	0.20595636349783142
1.7100238543777602	0.2132766198693501
1.7108700791200602	0.22056109467959892
1.7117168463506847	0.2280183756458947
1.712589020903158	0.23567191519183436
1.7135034605523034	0.24349036717279987
1.7144757559992072	0.2514016225705733
1.7154940564019534	0.25929275622459874
1.7165603776358973	0.26717968993554925
1.7176822710600679	0.2751111568212993
1.7188355970743756	0.2830504684717985
1.7200110457946212	0.29091709205787536
1.7211935634085231	0.2986017873159442
1.7224424516746262	0.30642929814231307
1.7237737494132939	0.31438688015712185
1.7251704422600556	0.32233968446686795
1.7266277501742773	0.33028308437195486
1.7281450471115112	0.33821650079450133
1.7297208004307438	0.34613761683887767
1.7313520385695975	0.3540379094536334
1.7330224111668293	0.36190700190650593
1.7347170568703638	0.3697364375611559
1.7364716181906545	0.3774711064319721
1.7383386682262074	0.38525322600991757
1.7403007761651768	0.3930867618198093
1.742338182117111	0.4009047023286208
1.7444496993042231	0.4087053867761677
1.7466335016123968	0.41648836338713147
1.7488889898994662	0.4242532904622918
1.7512134251757179	0.43199779410188704
1.75360355396856	0.43972300599890624
1.7560447527699319	0.4473873127044651
1.7584975898172497	0.4548653617139471
1.7609880043170043	0.4622447092112107
1.7635066825888932	0.4696159968943404
1.7660809375522264	0.4769906671999649
1.768799601607069	0.4844115977980893
1.7716928049724319	0.4918950053341423
1.7746953518914046	0.4993990836528654
1.777783598236847	0.5068811527687416
1.7809536636909937	0.5143297767207061
1.7842011734461833	0.5217457946555144
1.7875215211148774	0.5291265063735895
1.7908668847377731	0.5364111649514142
1.7942456046412352	0.5436856352836131
1.7976473970490783	0.5509550949369082
1.8010669036780274	0.5582070340476554
1.8045114797597557	0.5654356647130537
1.8079835711359376	0.5726641052798486
1.8114730335635567	0.5798516587608991
1.8149913892061922	0.5870316451304485
1.8185302442728326	0.5941960035998708
1.8220292922936583	0.6012772286777847
1.8255309799750405	0.6084254762868626
1.8290198209408421	0.6156020604342702
1.8324946526285812	0.6227923346449534
1.8359534686694314	0.6299921959932181
1.8393939383197444	0.6372023838820636
1.842818672587481	0.6444223105863203
1.8462190232796865	0.6516406346545852
1.8495949605010948	0.6588467908713184
1.8529474983536713	0.666051718292658
1.8562346027367616	0.6731660132992382
1.859438484736567	0.6801968404416652
1.8625413899245964	0.6871673143458503
1.8655726937384567	0.694219064539455
1.8685542501951184	0.7014495346358619
1.8714418099943024	0.7087692747442272
1.8742285076369272	0.7161398834602302
1.8769133167623178	0.7235530205380087
1.8794942416089249	0.7310063883145096
1.881956757406178	0.738453556615207
1.884282208652826	0.7458335997923058
1.8865167886513956	0.7532818097004218
1.8886575036794795	0.7607332686504341
1.8906957019982877	0.7681159772014773
1.8926588452971087	0.7754357313992334
1.8946076965350378	0.7828319908227079
1.8965651078911976	0.7903674445486315
1.898547624580601	0.7980627102316317
1.9005355758880602	0.8058032683923
1.9025171074549148	0.8135527919707939
1.9045020216734598	0.8213141825183006
1.906490468318983	0.8290761754339268
1.908480584760742	0.8368366850874074
1.9104692648424615	0.8445918290850339
1.912455948462771	0.8523234061463009
1.914445133607184	0.8600573411313672
1.9164363460444434	0.8677900152259255
1.918431904027482	0.8755268082515133
1.9204302899358396	0.8832652242787573
1.9224270271962647	0.8909963461732305
1.9243882915601676	0.8986865388572658
1.9262655567073588	0.906340419731574
1.9280381926382275	0.9140188137521973
1.9297083408778937	0.9217330755213555
1.9312832523175325	0.9294755378226133
1.9327673573602413	0.9372414821430594
1.9341565032586212	0.9450123340032596
1.9354565720593366	0.9528015206386194
1.936670231836185	0.9606094147011577
1.937793707442072	0.968398940773347
1.938821137679481	0.9760508925393897
1.9397860690664597	0.9835605899673204
1.9407371692317008	0.991041646123802
1.9417139351068198	0.998668833948364
1.9427286601625748	1.0064818667331075
1.943788537040673	1.0144310973295467
1.944876762424389	1.0223895190766465
1.9459879283616823	1.0303437834902138
1.9471180938132473	1.0382897897355843
1.9482649110743273	1.0461845493947295
1.9494096634758005	1.0539732408111917
1.9505464851213548	1.0617384677034518
1.9516727549035675	1.0695857329673857
1.9527765027586763	1.0774485661503381
1.9538575864579963	1.085329527512934
1.954919635759276	1.0932296039807499
1.9559619296516098	1.1011342290058819
1.9569849367882794	1.1090452492620473
1.957988943375742	1.1169626924482787
1.9589745838769153	1.124882964789127
1.959951201027013	1.1327804059030213
1.960955539304234	1.1407910148645986
1.9620314737401772	1.1489187008654782
1.9631928834888468	1.1571055231798013
1.9644534897223682	1.1652692608336446
1.9658125404897135	1.1733232323249654
1.9672957411957375	1.181299638466757
1.9689640292484971	1.189290782043764
1.97080216837977	1.1972506975581148
1.9727880812713627	1.2051558596407832
1.9748849772526302	1.2129462259607091
1.9771323826233937	1.2207853669723954
1.9795130831219094	1.2285879840897018
1.9820252205104671	1.236351471378343
1.9846668339905786	1.2440709602760547
1.9874279595180893	1.251741794454376
1.9902556853438274	1.2593814969822548
1.9931151491135608	1.2669845327821074
1.996042146748651	1.274527328107789
1.9991226214741136	1.2820221620063323
2.0024286521898724	1.289469568980129
2.0059571171776933	1.2968259306050265
2.009625830734994	1.3041146300325985
2.013426416496811	1.3113375194807828
2.017356926444296	1.3184926702923674
2.0214129899860556	1.3255784109638613
2.025590209550196	1.3325918083794763
2.029886768002841	1.3395237342534323
2.0343033764485385	1.3463730061123218
2.038834434054531	1.3531440312285328
2.043431404316662	1.3597914197182694
2.0480229421078033	1.366286415535725
2.052577947091584	1.3726397358238176
2.057170824114322	1.3789768931687805
2.0618334025260907	1.3853265590739652
2.0665642742118226	1.3916901115871942
2.0713704955245116	1.3980905799776586
2.0762152935150735	1.4044973402550538
2.0810788025123825	1.4108864422880323
2.085945984417193	1.4172347731989274
2.09079695870212	1.4234827306717937
2.0957399689155864	1.429767957828038
2.1007535753772375	1.4360653877518608
2.1058060358849495	1.442333702579286
2.110894813449741	1.4485734454403498
2.1159774214948968	1.4547418381234478
2.1209350451809397	1.4607036849010735
2.125755328428299	1.466480897462646
2.130411609979427	1.4720793328510382
2.1348951043739977	1.4775009830526047
2.139205104134732	1.4827497384014643
2.1433507485879653	1.4878294065277062
2.1473472447531656	1.4927445922247868
2.1512158398114183	1.4974987081110809
2.154976337390727	1.502095066670707
2.158638744152159	1.506516572427639
2.162192542506419	1.5107337037931157
2.1656288845623393	1.514719645303156
2.1689370507954333	1.5184549562489198
2.172106482603583	1.5219252508354775
2.1751277649377503	1.525122121300179
2.1779934998758295	1.5280459251964156
2.1807049463721753	1.5307020961603166
2.1832600843004633	1.5330980500203424
2.1856864626818853	1.535268939575367
2.188067593481735	1.537298473656595
2.1904051824247452	1.539203531334978
2.1927014101643265	1.540996031770001
2.1949577394627613	1.5426869648503112
2.197173731220451	1.5442842375200443
2.1993534132364942	1.5457977687695166
2.2014993591971144	1.54723541039789
2.203608153458739	1.5486003895795253
2.2056901578393435	1.5499033114919427
2.2077518147648894	1.5511517720219994
2.2097949375585	1.552349860367008
2.2118256361676565	1.55350310897107
2.2138527259440317	1.5546184614900371
2.2158943252735597	1.5557065349766224
2.2179218772877523	1.55675548907072
2.219864236786985	1.5577310094864565
2.221804875325326	1.5586710292196917
2.2237303404774766	1.5595773712010803
2.225649463223158	1.5604513427677726
2.2275510800307408	1.5612899745702247
2.229429999283949	1.5620931756567866
2.231279756256295	1.562859734992586
2.233090803253354	1.5635880866393619
2.2348572219754086	1.564278154655739
2.236553563012156	1.564921918942751
2.2381221299521883	1.565500019582261
2.2395661803005	1.5660143081634772
2.2408936539942457	1.5664676033273375
2.242179908575808	1.5668881347346275
2.243444668312842	1.5672818875752568
2.2446740919846424	1.5676474854806974
2.2458677761083474	1.5679871788859998
2.2470220255250237	1.5683001649692687
2.2481365941982787	1.5685897769351487
2.2492021322898688	1.5688530035438202
2.2502215217302224	1.5690953720412604
2.2511998810721745	1.5693162916961174
2.25213032494598	1.5695173824507058
2.2530154124937796	1.5697009496751817
2.253849329134083	1.569865535575302
2.2546308731801146	1.5700144990696379
2.2553606536762647	1.5701471956349855
2.2560379167645768	1.57026596244507
2.256662418347169	1.570371064366659
2.257266098439974	1.570468708864506
2.257945961692286	1.5705751675764914
2.2586222489804126	1.570678471130678
2.2592395480613776	1.5707714661865055
2.2597984841078036	1.5708561028682126
2.2603052400468715	1.5709313054525573
2.2607540880518595	1.570997391823594
2.2611433509294967	1.57105511101309
2.261475562762422	1.5711068491879614
2.261764559502362	1.5711505497679545
2.2619971270131627	1.5711852508857642
2.2621688884602804	1.5712129731214226
2.2622920563821314	1.5712311953147706
2.2623664287351968	1.5712421080322152
2.2623950626691327	1.5712452739638838
2.2623832305892577	1.5712415988283954
2.2623656326803054	1.5712376482586472
2.2623547962508717	1.571234765958849
2.2623443440166975	1.5712309293727198
2.2623295964799675	1.571226569631792
2.262312635223583	1.5712218497277681
2.262311440774252	1.5712215278607584
2.2623072271037334	1.571218951434322
2.2623036866665966	1.571216696157156
2.262298773083898	1.5712142836359904
2.2622892113501782	1.5712107485264162
2.2622791723250932	1.5712080220841884
2.2622703887832283	1.5712054226724332
2.262261352835919	1.5712026299830801
2.2622518861244107	1.5711997118976426
2.262267116141353	1.5712018276832556
2.262355410636383	1.5712182465385245
2.2624227568110094	1.5712277875466492
2.2624276198391278	1.5712282117868202
2.26243497233818	1.5712311739454392
2.2624475097093883	1.571235032278504
2.26245360307777	1.571237301059538
2.262461156129692	1.57123896623098
2.2624688554009436	1.57124016418055
2.262476081065982	1.5712416033747523
2.2624841887412903	1.5712436461120138
2.262492188806536	1.5712450478819449
2.262500009156859	1.5712464717413113
2.2625078739304105	1.5712480866815561
2.2625157949174923	1.5712496073560231
2.2625236380542852	1.5712510788427934
2.2625314890679338	1.5712526267411913
2.262539330141804	1.5712541539212799
2.262547180037706	1.5712557087460288
2.262555252533938	1.5712570509002732
2.2625624258513155	1.5712580974144859
2.2625701336393473	1.5712595512031506
2.262577687387046	1.5712609509223894
2.262585296307351	1.5712623885667032
2.2625927286381886	1.5712637309707898
2.2626002847835833	1.571265138845165
2.262607794119829	1.571266523115646
2.262615303439013	1.5712679148891548
2.2626228134541475	1.5712693044296244
2.262630318434679	1.571270695394219
2.262637194346047	1.5712708361532326
2.2626461381119074	1.5712711782245345
2.2626554230220832	1.5712729614606025
2.262663584428277	1.5712746157863733
2.262672363697244	1.5712763601054383
2.2626804132464513	1.571277824942968
2.2626887437272187	1.5712795226726488
2.262697122995235	1.57128110951393
2.2627054032513585	1.5712827169395354
2.2627137767612475	1.5712843347969352
2.2627227716050875	1.5712877105577028
2.2627305460908627	1.5712898937306288
2.262737456853774	1.5712912230072718
2.26274515008543	1.571292542170613
2.2627527976721655	1.5712940666304858
2.2627603377154584	1.571295416696909
2.2627679394032203	1.5712968747966876
2.2627755252773305	1.5712982723575195
2.262783055652577	1.5712996670845787
2.262790566711285	1.5713010621434427
2.2627979244917684	1.5713026267637018
2.262805831552971	1.5713045687765823
2.262813728947548	1.5713058663786454
2.262821410338742	1.571307555495201
2.2628293143689615	1.5713088555036578
2.262836941151756	1.5713101898804909
2.2628445683303275	1.5713117424379595
2.262852177811248	1.5713132304511415
2.2628598582688126	1.5713148137762338
2.2628675386107746	1.571316254418497
2.262874592570316	1.5713148254038891
2.2628877882515837	1.5713179528048908
2.2628992036799973	1.5713198487990678
2.2629097719167386	1.571322334390803
2.262921709618739	1.5713246981255933
2.26293149403198	1.5713265329593646
2.2629417016563242	1.571328710031603
2.26295278237435	1.5713309453177202
2.262963384166638	1.5713330476459497
2.262973644285595	1.5713350951237317
2.2629852484542403	1.5713389782194007
2.262991455943949	1.5713406178073688
2.262998363049242	1.5713422820899012
2.2630058526164274	1.571343414969501
2.2630136156597005	1.5713454585978315
2.263021716139964	1.5713466005791596
2.2630289943169015	1.571347815123675
2.2630365455532826	1.5713494114528062
2.2630442322811866	1.5713509039288276
2.2630517725606683	1.571352181393054
2.2630594217396083	1.5713536339155814
2.2630665242952634	1.5713547628150761
2.263074117809026	1.5713562841860078
2.263081475004615	1.5713575627874743
2.2630889434044628	1.5713590522321976
2.263096431322094	1.5713603777986636
2.263103769698325	1.5713617220061007
2.263111166400648	1.5713631110390975
2.263118585331132	1.5713644935075224
2.2631259557827796	1.5713658494403828
2.263133036200672	1.5713671295178464
2.2631407108659536	1.5713681010787452
2.2631486158983405	1.5713693015042463
2.2631563971248494	1.5713708706594673
2.263164258711052	1.5713726207630063
2.263172028426522	1.5713742843640455
2.2631798165652555	1.5713759013842397
2.2631875922176503	1.571377487426223
2.26319536101867	1.5713790540089476
2.2632031203557434	1.5713805964620289
2.26321234679965	1.57137914940598
2.2632330430575855	1.5713839268779388
2.263249605934104	1.5713867693862176
2.263267564573084	1.5713903885698783
2.263283315538724	1.571393900902671
2.263295606501729	1.5713964083564935
2.263309878464978	1.5713995144896253
2.2633244778865196	1.5714025066147597
2.2633381366519605	1.571405216538889
2.2633517557001515	1.5714080378925874
2.2633650474473663	1.5714131678835912
2.2633719285786045	1.5714153067822472
2.2633770585519084	1.5714156555749546
2.263387056192099	1.5714160810650601
2.263395567535978	1.5714176902083583
2.2634040723951485	1.5714202220670554
2.2634125897641617	1.5714235987757383
2.263420024849796	1.5714248380956626
2.2634275235776222	1.5714267210561652
2.263435485239012	1.5714278718838153
2.2634432161187683	1.5714292000927141
2.2634502663281504	1.571430254247898
2.263457662546294	1.5714316639867119
2.263465065232552	1.5714328977291852
2.2634723831470334	1.5714342339332958
2.26347976236472	1.571435523851726
2.2634870770271083	1.5714368255222046
2.2634944042333953	1.571438124067563
2.263501713301388	1.5714394191752736
2.2635090226971966	1.5714407199413225
2.263516023137728	1.5714420683201247
2.2635237276790154	1.5714439046866544
2.2635316233477067	1.5714450026808644
2.263538827305608	1.571446550499886
2.263546427757156	1.571447887932431
2.2635538606383445	1.5714491986932837
2.263561238374662	1.571450638516509
2.2635686968096675	1.5714520332156994
2.2635761239945964	1.5714533915068858
2.263583526830371	1.5714547698480918
2.2635912290000264	1.5714561159979734
2.2635975888350064	1.5714569084489758
2.2636045548253496	1.5714582360141338
2.2636118448506273	1.5714594761324174
2.263618740558472	1.5714606976000862
2.263625526997273	1.5714618478885056
2.2636324726608277	1.571463069377497
2.263639338369448	1.5714642380821309
2.263646199426202	1.5714654356856272
2.2636530425711006	1.5714666016422463
2.263659920723785	1.5714678816874326
2.263667472343313	1.5714697612417845
2.2636749585432163	1.5714707754398918
2.263682263166297	1.57147223701072
2.263689450955718	1.571473312325826
2.2636965904825908	1.5714747517595002
2.2637038696436074	1.5714760474381368
2.263711008870616	1.5714773426340758
2.2637181816861167	1.5714786798580629
2.263725352155102	1.571479987455545
2.2637324143828805	1.5714813887931611
2.263739749578183	1.5714830031797833
2.2637471039124573	1.57148418540541
2.2637543331139933	1.5714856362896468
2.263761614462082	1.571486923752876
2.263768842228191	1.5714883249007283
2.2637760975597176	1.5714896591736478
2.263783317667018	1.571491009793744
2.263790522154039	1.5714923878170033
2.2637977588847997	1.5714937804705515
2.2638049930548516	1.5714951198976035
2.263813026668967	1.571493300847601
2.263831884442398	1.5714976354856884
2.2638472867764503	1.571500444312477
2.2638634223498473	1.571503542629902
2.2638779671182303	1.5715068246452628
2.2638891024003	1.5715090238619294
2.2639021087933977	1.5715118753140436
2.263915306330281	1.5715145454980397
2.2639280523400904	1.571517132419043
2.2639410494939063	1.5715216098730074
2.2639436248263243	1.5715238150225987
2.263948024752451	1.571525304236084
2.263955703552989	1.571525425537201
2.263963389342285	1.5715275775601507
2.263971036022277	1.5715283727680822
2.263976327767196	1.5715291318587914
2.263983046649312	1.5715302454875295
2.2639902423657237	1.5715314010563153
2.263996584972106	1.571532353057952
2.2640028069385303	1.5715332968632194
2.2640106543951637	1.5715353349888572
2.2640182350260956	1.5715361314454717
2.2640252489093546	1.5715375949083994
2.2640324608487457	1.5715387447221085
2.2640395183402524	1.571540048806864
2.2640466696618167	1.5715413048554874
2.2640537943121677	1.5715426060095936
2.2640609175345197	1.5715438704405498
2.2640680023803936	1.5715451473680362
2.2640752711137324	1.5715465218552764
2.2640814990095444	1.5715473771337942
2.264088075238806	1.5715486061427846
2.264095153892984	1.5715497924617818
2.2641017033483695	1.5715508878040194
2.2641083100918755	1.571552039654955
2.264115037513141	1.5715531754458651
2.2641217866142984	1.5715543596889878
2.264128497991827	1.5715555075923624
2.2641352015203235	1.5715566836041868
2.2641431317015943	1.5715556391730776
2.2641644073577	1.5715599983133928
2.264180874329441	1.5715633378872786
2.2641920496285985	1.5715650390980567
2.264205856820203	1.5715683127478628
2.264219257880148	1.571570647642316
2.2642356641221504	1.5715739648326301
2.2642500645785923	1.571576836356333
2.2642628870250667	1.571579301401396
2.264276751665781	1.5715821296475623
2.2642908220187814	1.5715872258151828
2.264299490116359	1.571590260509417
2.2643034493482035	1.5715918632359793
2.2643119346870404	1.5715921644689084
2.2643186379409785	1.5715941219475562
2.26432641242225	1.5715949468054142
2.2643330819771874	1.5715962549597067
2.2643400503682756	1.5715973551308036
2.264346831253344	1.5715985138773203
2.264354013020727	1.5715997934972585
2.264360813609379	1.5716009318684099
2.264368002331141	1.5716028194660034
2.264375714541832	1.5716038391317675
2.26438269908431	1.57160515714246
2.2643898833727714	1.5716065394565146
2.2643971330448474	1.5716077918555411
2.264404252061655	1.5716091136687467
2.2644113735730427	1.571610428717786
2.264418524906251	1.571611809535354
2.264425733387268	1.571613038328537
2.264433097110131	1.5716142820553136
2.2644394673503294	1.5716151357487533
2.2644458701840087	1.5716163685961748
2.264453141280127	1.5716176161718514
2.2644599408794717	1.5716187756085451
2.264466407332964	1.5716198775243337
2.264473117688809	1.5716210600214084
2.264479814649815	1.5716221722936285
2.2644865476785574	1.5716233843890406
2.2644932899150403	1.571624519793974
2.264499070446499	1.5716246299842414
2.2645051994967575	1.5716239150839564
2.2645141528837525	1.5716257259102229
2.2645223794307783	1.5716271671683113
2.264528987682604	1.5716283554640211
2.264536217404412	1.571629808280906
2.264543917931253	1.5716311589043575
2.2645511711866138	1.5716324973882292
2.2645584634998808	1.5716338525077753
2.264565916247083	1.571635219718568
2.2645754655872583	1.5716396526938279
2.2645815975566657	1.5716407839186508
2.264585429934705	1.571642202097278
2.264593634577129	1.571643002030274
2.264599814872239	1.571644148920319
2.264606285751483	1.5716451960550215
2.264612543780983	1.571646178927879
2.264618881537907	1.5716472267539239
2.264625237379308	1.5716482321557372
2.264631609779168	1.5716492947242529
2.264637994698912	1.571650323511856
2.264643739369719	1.5716510645115949
2.264650704149587	1.571652034267222
2.2646589419768666	1.5716542088993966
2.264666099798391	1.5716555339444906
2.264672728593189	1.5716567754329558
2.2646797781969297	1.5716581799906788
2.2646868040730013	1.5716593976951352
2.264693692294779	1.5716607094995765
2.264700644151613	1.5716619875263993
2.2647079709717257	1.5716602244831244
2.2647277437585585	1.5716637770231707
2.2647459664074185	1.5716676265189888
2.2647614584481826	1.5716704458571857
2.2647735480046	1.5716730628309854
2.2647874167701443	1.5716758150962569
2.264802339155337	1.5716789463743552
2.2648157149742185	1.5716814855343542
2.2648292797865155	1.5716841978732063
2.2648428165779593	1.5716868809187534
2.2648576892937213	1.5716911817684633
2.264861921970008	1.571694062067209
2.2648641978360384	1.571695519600694
2.2648731301213845	1.5716962737470148
2.264879609405625	1.5716970142842195
2.264886608325538	1.5716981531869862
2.264893961575283	1.5716996170568873
2.264901531116198	1.5717013882944488
2.2649087770162835	1.571702918397385
2.2649159163683983	1.5717043084197693
2.2649237252776513	1.571705933753612
2.264930508060687	1.5717065650551716
2.2649360897539	1.5717077190189161
2.2649435499240416	1.5717089924612424
2.2649504305696824	1.5717100627379799
2.26495679412635	1.5717112057389002
2.264963623418952	1.5717123772811996
2.2649703027622885	1.5717134640160833
2.2649768122536496	1.5717145926170333
2.2649834790068835	1.5717157170572102
2.2649898725472055	1.5717167576167115
2.2649967743849415	1.5717185040128714
2.2650042079205397	1.5717193506183176
2.2650106573600364	1.5717204669957132
2.2650172993365367	1.5717218113732214
2.2650243236207515	1.5717231475093039
2.265031284565182	1.5717242387331685
2.2650379799711082	1.5717253901572825
2.265044725791803	1.5717266409355146
2.2650515314114203	1.5717278255763707
2.2650589688395044	1.5717295842943235
2.2650639145218894	1.571730280428616
2.2650687305598565	1.5717313494534977
2.265075494682607	1.571732111878896
2.2650814915223845	1.5717331442718117
2.265087498899814	1.5717340057347118
2.265093306673494	1.5717349270379697
2.265099360091546	1.5717358544765407
2.2651052593475467	1.5717367411832504
2.265111236104871	1.5717377019850591
2.2651161202096435	1.5717376929328077
2.265121783847713	1.5717366556057182
2.265130656403305	1.5717383863927967
2.265137926587554	1.5717396828737327
2.2651437957047906	1.5717408887337407
2.265150423468734	1.5717418214007917
2.265157242767081	1.5717431306213057
2.2651645035522066	1.571744405500235
2.2651711407547084	1.5717455337746689
2.265177648242883	1.5717467726940706
2.2651857058993863	1.5717477818334664
2.2652061820528013	1.5717521072781107
2.265224831442144	1.5717558848373656
2.2652417668055356	1.571758310917699
2.26525890079065	1.5717622920617595
2.265270621246357	1.5717643311809102
2.265284943208258	1.571767131481997
2.265300556624434	1.5717704264198857
2.26531516478712	1.5717730583563683
2.2653300528318483	1.5717759975826269
2.265345008276678	1.5717805104101747
2.265347981628035	1.5717830250384817
2.265347564465115	1.5717837295015964
2.2653568598749363	1.571784549497212
2.265364647664249	1.5717860969011686
2.265372496194983	1.571787345360967
2.265378945289038	1.5717884831733007
2.265385575064065	1.5717895797134738
2.265392377269115	1.571790738699469
2.2653991773390034	1.5717918448849157
2.2654062534956	1.5717931828364524
2.265412596408719	1.5717939320555974
2.265417998205275	1.5717949155911264
2.265424927651504	1.5717960826279636
2.265431720992622	1.5717970769042713
2.265437798822811	1.5717981022685854
2.2654441491690522	1.5717991317412525
2.265450584959902	1.5718001567504802
2.2654569532700872	1.5718011940018106
2.265463341192544	1.5718022394516082
2.2654694816719085	1.5718031728110227
2.265476193929355	1.5718045797589328
2.2654834225782325	1.5718056134974971
2.2654897129620033	1.5718067242168765
2.265496365532705	1.5718079240493046
2.2655029643530633	1.5718089633521415
2.265509237685764	1.5718100678767026
2.2655157915886237	1.5718111768371903
2.265522249335314	1.5718122496821332
2.265528724635722	1.5718133904097875
2.265535446939727	1.5718145659148377
2.2655414434691425	1.5718154873929837
2.2655472155452476	1.5718165424240975
2.265553825244061	1.5718176302487685
2.265560125125122	1.5718186362528115
2.2655662162515724	1.5718196894700287
2.2655725110903693	1.571820738152706
2.2655787834161525	1.5718217886530261
2.265585001906999	1.5718228411433013
2.265591029887634	1.5718238701652367
2.2655971448172965	1.5718249199730576
2.265603231072025	1.5718259395019833
2.2656095268783467	1.5718271151216938
2.265615977358478	1.5718282973805513
2.2656217907372858	1.5718293039878928
2.2656278940727415	1.5718303800943747
2.26563445725478	1.5718315257973603
2.265640664486606	1.5718326325331906
2.2656464621379557	1.571833647327058
2.2656528073557096	1.5718348033315916
2.2656590522591262	1.571833302098002
2.265676867009108	1.5718357460437622
2.2656977626438497	1.5718407582109215
2.265714487713662	1.5718431239019397
2.2657314221708322	1.5718469338360872
2.2657418529907796	1.5718489561698075
2.265754445412494	1.5718513447863132
2.26576857827297	1.5718544785634543
2.2657816523424175	1.5718567823351615
2.265795916491301	1.5718595436021132
2.2658112398029595	1.571863852669778
2.265816316582234	1.5718677820421838
2.26581386140218	1.5718677128184697
2.26582178145456	1.571868315170983
2.2658315665364146	1.57186981408002
2.2658391391474395	1.5718723224857947
2.265846022774751	1.5718731621666464
2.2658523531306636	1.5718743309700642
2.2658593316266553	1.5718756348558098
2.2658663341384995	1.5718768220796921
2.2658739077724577	1.5718782993262856
2.2658794711743555	1.5718787550615612
2.2658831636727776	1.5718796023220645
2.26588993417692	1.5718805025790754
2.2658965999713865	1.5718815530027193
2.2659029888043247	1.5718825344506155
2.26590851165531	1.5718832918214793
2.265914088260845	1.5718841934415735
2.2659203931531446	1.571885154009311
2.265926509692143	1.5718860475131209
2.2659317255159395	1.5718867005003885
2.2659382591976525	1.571888345737931
2.2659460811603593	1.5718891501887098
2.2659511693976633	1.5718900595775196
2.265957236262416	1.5718911249278107
2.2659637102936254	1.5718921112817907
2.265969803164669	1.5718930812147862
2.265975727506483	1.5718940561846844
2.265981857517615	1.5718950504464941
2.265987974160311	1.571896027489465
2.2659937087465436	1.5718968814447598
2.2660000397332225	1.571898397176587
2.266007305694147	1.5718994129529709
2.2660132052423383	1.5719003826465276
2.2660192682156604	1.5719015210865765
2.2660259271374783	1.571902635243563
2.2660320749511826	1.5719037108608291
2.266038013049368	1.571904807735193
2.266044227840989	1.5719059565242546
2.266050308600389	1.571907051923537
2.2660562750387903	1.5719054131514656
2.266074330114034	1.5719076250748345
2.2660985784157774	1.5719133875001536
2.2661157589017833	1.5719163291152185
2.2661279386399054	1.5719183684605826
2.2661428415440747	1.5719214848462215
2.2661579237489318	1.5719244490040838
2.2661746066345336	1.571927519874189
2.2661909692774906	1.571930730371385
2.266206845846463	1.5719336233597085
2.2662229422837687	1.5719384219630803
2.266230718221467	1.5719439376759017
2.2662265993221804	1.5719421796061062
2.266232584567275	1.5719433238897895
2.266240599494579	1.5719434484038142
2.266246046009748	1.571945149726036
2.2662552755026257	1.571946408846201
2.2662607226455544	1.5719467964105047
2.266264357679316	1.5719475158851957
2.2662711962343405	1.5719487065805842
2.266278952044482	1.5719497431339335
2.266284312156971	1.571950394199608
2.266289174104311	1.5719512378805074
2.2662957501775316	1.571952259131563
2.2663023446181922	1.5719531712805705
2.2663079446783225	1.5719539838759835
2.266313554748563	1.5719548634082172
2.266319643357048	1.571955750396669
2.2663256751661405	1.571956664894304
2.2663316334349175	1.5719575602729496
2.2663371892478055	1.571958310337542
2.2663432949720024	1.5719594987542256
2.266350477275696	1.5719605621635762
2.266356467505189	1.5719615319594356
2.266362307785029	1.5719624744778429
2.2663682409607357	1.5719634270318097
2.2663745579403565	1.571964477128041
2.26638079389579	1.5719654475125098
2.2663866416432943	1.5719663878224197
2.2663920402365663	1.5719671831474327
2.2663980447279446	1.5719686651577283
2.266406327659189	1.571970133959634
2.2664121106558293	1.571971036303603
2.2664177071158593	1.5719720721999069
2.266423991736426	1.5719731209327197
2.266430383365036	1.5719741457423835
2.2664364753807495	1.5719752148485988
2.2664428468676965	1.5719763430331772
2.2664488551976043	1.5719774257227541
2.2664545833819223	1.5719784781506736
2.2664600073769403	1.571976695524665
2.2664758070148707	1.57197858607152
2.266494735075462	1.571983747319406
2.266504934302994	1.5719849047218253
2.26651735803677	1.5719871535830123
2.266531794104655	1.571990436100276
2.2665445060334273	1.5719926989411328
2.2665572631087088	1.5719951902796596
2.2665689852525928	1.5719975025843134
2.266581249912215	1.5719997888767852
2.266595533557251	1.5720039007496927
2.266603206282215	1.5720086167566927
2.266599392441299	1.5720072227316315
2.266604009493188	1.5720080241203882
2.2666136859674815	1.5720095724287195
2.266623162183943	1.5720110651124197
2.26662851742905	1.5720118292970335
2.26663367048351	1.5720129493276485
2.2666407455563466	1.5720138963518033
2.2666466690691687	1.5720147724135993
2.26665264262714	1.5720157858752348
2.266658593280802	1.5720165723503696
2.266664418847778	1.572017612937356
2.266671177259391	1.5720186667636329
2.266677277499157	1.572019568486812
2.26668299652936	1.5720205012416573
2.266689032558482	1.57202147131742
2.2666952626825774	1.572022445410336
2.266701246514461	1.5720233698755253
2.266707080193744	1.5720243061223609
2.2667129058948423	1.5720251884333125
2.2667189281806883	1.572026279709219
2.266725278330048	1.5720274558629606
2.266730824839777	1.5720283792989787
2.2667367556987923	1.5720294746745507
2.2667426364391297	1.5720304958391658
2.2667481590062275	1.5720314183689867
2.266754310204966	1.5720324986394822
2.2667603682348254	1.5720335930793985
2.26676562945546	1.5720344947073377
2.266771180305655	1.572035451653477
2.2667777134683345	1.5720366500118368
2.2667841910721913	1.5720378874479397
2.266789666986193	1.5720388795396314
2.266795410853325	1.572039933513
2.2668014761004738	1.572041033512062
2.266807236840005	1.57204208858257
2.2668129341241237	1.5720431512720934
2.2668187822379458	1.5720442469207385
2.2668245593232808	1.5720452905031292
2.266829721427949	1.57204362667831
2.266844868511558	1.5720450149433678
2.2668673024931483	1.572050602106447
2.2668837866974902	1.5720535160298865
2.2668969071857417	1.5720555002349292
2.2669124544867363	1.5720586779049464
2.2669276125808313	1.5720617811841933
2.2669419526115173	1.572064330934961
2.2669565928556112	1.5720672248498417
2.2669702407582015	1.572069868752417
2.2669846407944516	1.5720739559353016
2.2669922107822846	1.5720795711606395
2.2669879456920907	1.572077300148738
2.2669921562332807	1.572078428057825
2.2670012053074218	1.5720789326099327
2.2670073940399793	1.5720805875564559
2.2670158647147507	1.572081807879559
2.267021750194247	1.5720823168072813
2.267025797683055	1.5720831136862725
2.2670319544126745	1.5720840540235377
2.267038762340313	1.5720850765969094
2.2670454527146107	1.5720861714835899
2.2670515583394173	1.5720870753569935
2.2670572179456605	1.572087994534115
2.267063380004877	1.5720889869931356
2.267069711891389	1.5720899636251868
2.2670757810245696	1.5720909047196934
2.2670816169733286	1.5720918200982628
2.2670875866287905	1.5720927960195987
2.267093449409912	1.5720937957908403
2.2670988129814833	1.5720947435478863
2.2671040914129392	1.5720956442502898
2.26710958303073	1.572096527791583
2.267115738505991	1.5720975098133476
2.2671212711832704	1.5720983814967286
2.2671263249117164	1.5720992209806604
2.2671319107092778	1.5721001212931052
2.267137579339315	1.5721010072382469
2.267143063007239	1.5721019276545531
2.267148623227776	1.5721029310723307
2.267153464965727	1.5721036238521267
2.2671587169868292	1.572104991886147
2.2671664184236127	1.5721067103679471
2.2671729306523263	1.5721075928599584
2.2671779138370782	1.5721085307345533
2.2671832891381887	1.5721095520893675
2.2671900964702423	1.5721107941006505
2.2671960627123817	1.5721118263058829
2.2672013340572614	1.5721128251099084
2.2672072403001344	1.5721140044525588
2.2672128483507406	1.5721123885076291
2.267226960288202	1.572114140798153
2.2672438100628005	1.5721186831378375
2.2672538266460074	1.5721198847509157
2.2672638675695413	1.5721215497135022
2.2672758446041574	1.572124315953994
2.267287112213038	1.5721264525308163
2.2672978976220985	1.5721284810238287
2.2673083955065962	1.5721305306124032
2.2673189263212326	1.5721325295444823
2.267332175722755	1.5721361618208776
2.267344206980188	1.5721419980286653
2.2673422245491386	1.5721400890005233
2.2673422975639714	1.5721404125799159
2.267350009587551	1.5721419502793323
2.2673621976512868	1.5721438227858864
2.2673690723873543	1.572144455456591
2.2673713843439063	1.5721449360621735
2.2673765258887353	1.5721460088276953
2.267384850498991	1.572147249325074
2.2673914590552653	1.5721479993364078
2.267395904559622	1.572149242303178
2.267403003873277	1.5721508960315074
2.267410174075189	1.5721521033854937
2.267415766872815	1.5721530216049242
2.267420888414748	1.572154003287952
2.2674274188607315	1.5721554903058579
2.2674340448478008	1.5721568803299393
2.2674398869091665	1.5721578716760622
2.267445365457016	1.5721588401839066
2.267451177138461	1.5721599943329252
2.267457710857687	1.572161582334958
2.267464200923682	1.5721628684694713
2.2674698740352146	1.5721637390575371
2.2674754952924636	1.5721649345634316
2.2674820395133333	1.57216652716644
2.2674884715080963	1.5721676517792111
2.2674940657086227	1.5721685487286412
2.2674997118438465	1.5721696925540005
2.2675061669443344	1.5721713014336736
2.2675127154163675	1.5721725727325404
2.2675183485236983	1.5721734831317271
2.26752342617049	1.5721743925472045
2.267529921850182	1.572175563861406
2.267536315985599	1.5721766788488718
2.267541473368592	1.5721776490604629
2.2675465544908664	1.5721786009752818
2.267552345405488	1.5721796320291725
2.2675582503061187	1.5721807311228704
2.2675638512340686	1.5721818479102823
2.267569006441492	1.572182760152675
2.267574468272629	1.5721840865654662
2.2675814929310207	1.57218567505535
2.26758777026697	1.5721868457935113
2.2675930454141953	1.5721878236797457
2.267598665449985	1.5721891135826283
2.267604669813232	1.5721904039916934
2.2676104780440003	1.5721915141072604
2.2676160992051386	1.5721927845447383
2.2676219612113804	1.5721941103002064
2.2676272061493417	1.5721920607393083
2.2676399241563385	1.5721934485750635
2.2676589497643125	1.5721981198281454
2.2676738793777615	1.5722012141473962
2.267682539335792	1.5722022378276517
2.267693487405538	1.5722040795319179
2.2677063575967735	1.57220694940855
2.267719681722775	1.5722093356323343
2.26773256019041	1.5722118928285826
2.267743874303179	1.5722139693646229
2.2677571703814614	1.572217515023202
2.267769870184052	1.5722239501590047
2.2677680851037865	1.5722213712711688
2.2677672518501057	1.5722223119990868
2.267778020553756	1.5722242193865088
2.2677897555239532	1.5722254734496564
2.267794445819479	1.5722261795454902
2.267796284813109	1.5722266648826189
2.2678012914070584	1.5722275464501312
2.2678094106090847	1.572228827339761
2.2678166417810113	1.5722299575058583
2.267821320507719	1.5722310644119029
2.267827697939438	1.5722324824782696
2.2678340953826104	1.5722334362385557
2.2678403560706646	1.5722346466954076
2.267846098177601	1.5722357421014959
2.267851402533551	1.572236731345259
2.2678570538033074	1.5722378519928508
2.267862935012427	1.5722389881281043
2.267868714386905	1.5722401204809275
2.267874616224367	1.5722414544997816
