-0.6701460954500618	-2.91916117360645
-0.67014617122469	-2.9191607328065636
-0.6701462470043479	-2.9191602919970636
-0.6701463227890356	-2.919159851177951
-0.6701463985787539	-2.919159410349225
-0.6701464743735028	-2.9191589695108853
-0.6701465501732825	-2.919158528662932
-0.6701466259780935	-2.9191580878053647
-0.6701467017879359	-2.9191576469381832
-0.6701467776028102	-2.9191572060613877
-0.6701468534227164	-2.9191567651749764
-0.6701469292476551	-2.9191563242789504
-0.6701470050776264	-2.9191558833733096
-0.6701470809126305	-2.9191554424580524
-0.6701471567526679	-2.9191550015331797
-0.670147232597739	-2.9191545605986904
-0.6701473084478436	-2.919154119654585
-0.6701473843029825	-2.9191536787008627
-0.670147460163156	-2.9191532377375236
-0.6701475360283639	-2.9191527967645676
-0.670147611898605	-2.919152355781993
-0.6701476877738114	-2.9191519147900213
-0.6701477636539477	-2.9191514737887805
-0.6701478395390446	-2.9191510327780805
-0.670147915429117	-2.919150591757835
-0.6701479913241719	-2.9191501507280058
-0.6701480672242118	-2.9191497096885763
-0.6701481431292383	-2.9191492686395395
-0.6701482190392523	-2.9191488275808926
-0.670148294954254	-2.9191483865126338
-0.6701483708742441	-2.9191479454347613
-0.6701484467992226	-2.919147504347276
-0.6701485227291902	-2.9191470632501764
-0.6701485986641467	-2.9191466221434617
-0.6701486746040928	-2.9191461810271324
-0.6701487505490284	-2.91914573990119
-0.6701488264989541	-2.9191452987656312
-0.67014890245387	-2.9191448576204593
-0.6701489784137767	-2.91914441646567
-0.6701490543786741	-2.919143975301264
-0.6701491303485714	-2.919143534127189
-0.6701492063235118	-2.9191430929431883
-0.6701492823034673	-2.919142651749429
-0.6701493582884275	-2.9191422105459752
-0.6701494342783884	-2.919141769332852
-0.6701495102733487	-2.91914132811007
-0.6701495862733078	-2.919140886877634
-0.6701496622782652	-2.9191404456355463
-0.6701497382882214	-2.919140004383808
-0.6701498143031764	-2.919139563122419
-0.6701498903231308	-2.9191391218513796
-0.6701499663480845	-2.919138680570689
-0.670150042378038	-2.919138239280347
-0.6701501184129915	-2.9191377979803534
-0.6701501944529452	-2.9191373566707077
-0.6701502704978995	-2.9191369153514106
-0.6701503465478548	-2.9191364740224612
-0.6701504226028111	-2.919136032683859
-0.6701504986627689	-2.9191355913356043
-0.6701505747277283	-2.9191351499776963
-0.6701506507976897	-2.919134708610135
-0.6701507268726534	-2.9191342672329204
-0.6701508029526196	-2.919133825846052
-0.6701508790375889	-2.9191333844495295
-0.6701509551275612	-2.9191329430433526
-0.6701510312225368	-2.919132501627521
-0.6701511073225164	-2.9191320602020348
-0.6701511834274998	-2.919131618766893
-0.6701512595374873	-2.9191311773220963
-0.6701513356524794	-2.9191307358676437
-0.6701514117724764	-2.9191302944035353
-0.6701514878974785	-2.9191298529297707
-0.6701515640274859	-2.9191294114463497
-0.6701516401624991	-2.919128969953273
-0.6701517163025184	-2.919128528450538
-0.6701517924475437	-2.9191280869381466
-0.6701518685975757	-2.9191276454160975
-0.6701519447526146	-2.91912720388439
-0.6701520209126605	-2.919126762343025
-0.6701520970777138	-2.919126320792001
-0.6701521732477748	-2.919125879231319
-0.6701522494228435	-2.919125437660979
-0.6701523256029204	-2.91912499608098
-0.670152401788006	-2.919124554491322
-0.6701524779781003	-2.919124112892004
-0.6701525541732037	-2.919123671283026
-0.6701526303733167	-2.919123229664388
-0.6701527065784392	-2.91912278803609
-0.6701527827885717	-2.9191223463981313
-0.6701528590037145	-2.919121904750512
-0.6701529352238677	-2.9191214630932314
-0.6701530114490316	-2.9191210214262897
-0.6701530876792068	-2.919120579749686
-0.6701531639143932	-2.91912013806342
-0.6701532401545912	-2.919119696367493
-0.6701533163998011	-2.919119254661904
-0.6701533926500235	-2.9191188129466514
-0.6701534689052582	-2.9191183712217366
-0.6701535451655057	-2.9191179294871574
-0.6701536214307663	-2.919117487742916
-0.6701536977010402	-2.9191170459890103
-0.6701537739763276	-2.9191166042254415
-0.670153850256629	-2.9191161624522084
-0.6701539265419447	-2.9191157206693106
-0.670154002832275	-2.9191152788767476
-0.6701540791276199	-2.9191148370745204
-0.6701541554279798	-2.919114395262628
-0.670154231733355	-2.91911395344107
-0.6701543080437462	-2.9191135116098463
-0.670154384359153	-2.9191130697689567
-0.6701544606795756	-2.9191126279184005
-0.6701545370050149	-2.9191121860581775
-0.6701546133354711	-2.9191117441882883
-0.6701546896709445	-2.919111302308732
-0.670154766011435	-2.919110860419509
-0.6701548423569432	-2.919110418520617
-0.6701549187074692	-2.9191099766120585
-0.6701549950630135	-2.919109534693831
-0.6701550714235762	-2.9191090927659364
-0.6701551477891577	-2.9191086508283726
-0.6701552241597583	-2.919108208881141
-0.6701553005353781	-2.9191077669242396
-0.6701553769160177	-2.9191073249576687
-0.670155453301677	-2.9191068829814277
-0.6701555296923566	-2.919106440995517
-0.6701556060880567	-2.919105998999937
-0.6701556824887773	-2.919105556994686
-0.670155758894519	-2.9191051149797653
-0.6701558353052821	-2.919104672955173
-0.6701559117210667	-2.919104230920909
-0.6701559881418733	-2.9191037888769737
-0.6701560645677022	-2.9191033468233676
-0.6701561409985534	-2.9191029047600887
-0.6701562174344274	-2.9191024626871376
-0.6701562938753244	-2.919102020604514
-0.6701563703212446	-2.9191015785122185
-0.6701564467721884	-2.91910113641025
-0.6701565232281564	-2.9191006942986077
-0.6701565996891483	-2.9191002521772926
-0.6701566761551649	-2.919099810046303
-0.670156752626206	-2.9190993679056403
-0.6701568291022723	-2.919098925755302
-0.6701569055833636	-2.91909848359529
-0.6701569820694807	-2.9190980414256034
-0.6701570585606236	-2.9190975992462413
-0.6701571350567926	-2.9190971570572035
-0.670157211557988	-2.9190967148584908
-0.6701572880642103	-2.919096272650102
-0.6701573645754595	-2.919095830432037
-0.6701574410917361	-2.919095388204296
-0.6701575176130402	-2.919094945966878
-0.6701575941393723	-2.9190945037197826
-0.6701576706707324	-2.9190940614630114
-0.6701577472071211	-2.9190936191965626
-0.6701578237485385	-2.919093176920436
-0.6701579002949848	-2.919092734634631
-0.6701579768464606	-2.919092292339148
-0.6701580534029661	-2.919091850033987
-0.6701581299645011	-2.9190914077191468
-0.6701582065310664	-2.919090965394628
-0.6701582831026621	-2.9190905230604303
-0.6701583596792886	-2.9190900807165523
-0.6701584362609461	-2.919089638362995
-0.6701585128476346	-2.9190891959997574
-0.670158589439355	-2.9190887536268404
-0.6701586660361071	-2.9190883112442427
-0.6701587426378913	-2.9190878688519644
-0.6701588192447081	-2.9190874264500044
-0.6701588958565576	-2.9190869840383638
-0.6701589724734403	-2.919086541617041
-0.670159049095356	-2.9190860991860363
-0.6701591257223053	-2.91908565674535
-0.6701592023542886	-2.9190852142949817
-0.6701592789913061	-2.9190847718349304
-0.6701593556333579	-2.9190843293651962
-0.6701594322804443	-2.9190838868857796
-0.6701595089325657	-2.9190834443966795
-0.6701595855897227	-2.9190830018978953
-0.6701596622519148	-2.9190825593894276
-0.6701597389191432	-2.9190821168712753
-0.6701598155914075	-2.9190816743434387
-0.6701598922687084	-2.919081231805918
-0.6701599689510462	-2.9190807892587114
-0.6701600456384208	-2.9190803467018203
-0.6701601223308329	-2.9190799041352435
-0.6701601990282823	-2.919079461558981
-0.6701602757307693	-2.9190790189730325
-0.6701603524382952	-2.9190785763773976
-0.6701604291508587	-2.9190781337720764
-0.6701605058684618	-2.919077691157069
-0.6701605825911041	-2.919077248532375
-0.6701606593187841	-2.919076805897993
-0.6701607360515037	-2.9190763632539234
-0.6701608127892639	-2.9190759206001666
-0.6701608895320649	-2.9190754779367216
-0.6701609662799056	-2.9190750352635875
-0.6701610430327876	-2.919074592580766
-0.6701611197907101	-2.9190741498882544
-0.6701611965536743	-2.9190737071860546
-0.6701612733216799	-2.9190732644741653
-0.6701613500947274	-2.919072821752586
-0.6701614268728169	-2.919072379021317
-0.6701615036559488	-2.919071936280358
-0.6701615804441237	-2.9190714935297093
-0.6701616572373413	-2.91907105076937
-0.6701617340356024	-2.919070607999339
-0.6701618108389072	-2.9190701652196167
-0.6701618876472557	-2.919069722430203
-0.6701619644606485	-2.9190692796310973
-0.6701620412790855	-2.9190688368223006
-0.6701621181025675	-2.919068394003811
-0.6701621949310944	-2.9190679511756294
-0.6701622717646665	-2.9190675083377546
-0.6701715711132595	-2.919065442544184
-0.6702293258955329	-2.919067367104804
-0.6703353319777032	-2.919072277342216
-0.6704883927916357	-2.919081815680761
-0.6706671319780234	-2.9190975501475505
-0.6708437899865746	-2.9191157556837273
-0.671020280904881	-2.9191376464103573
-0.6711963858026267	-2.9191630808426345
-0.6713719312528946	-2.919192057831638
-0.6715468908277329	-2.9192245665161347
-0.6717210958411239	-2.9192605903855378
-0.6718945223666376	-2.919300113728585
-0.6720304618567671	-2.919334544069405
-0.6719365710107442	-2.9193158713108454
-0.6715917433650477	-2.9192291303812032
-0.671005910650546	-2.9190671748107815
-0.6701902983647852	-2.9188243244080425
-0.669156960946427	-2.918496468752031
-0.6679276852513831	-2.9180844166981603
-0.6665265932503038	-2.917591673205169
-0.6649580495571432	-2.9170160806873695
-0.6632398696891277	-2.916366388293362
-0.6614383470551969	-2.9156568128275135
-0.6596808160678398	-2.914952111865386
-0.6580660557652833	-2.9142853709799263
-0.6565902874543612	-2.913654818285436
-0.6552637593326721	-2.9130633373643096
-0.6541973090396412	-2.912562545272487
-0.6534151622157054	-2.912177561318595
-0.6529191432693768	-2.9119224425793724
-0.6526898652275618	-2.911801007361777
-0.6525899537101465	-2.9117471621205806
-0.6524511076539918	-2.911666894670301
-0.6521208149520206	-2.9114607403912762
-0.6515723064841847	-2.9111006032065774
-0.6508042288642032	-2.91057443611866
-0.6498145463775429	-2.909869504576148
-0.6486157128962641	-2.9089862734228653
-0.647227409414059	-2.907921779156999
-0.6456488719125275	-2.906665758136458
-0.6438834375474993	-2.9052070691578566
-0.6419359643222692	-2.9035358040945356
-0.6398163129643131	-2.9016474133624124
-0.6375386993173684	-2.8995417209492644
-0.6351188428135133	-2.897223891731467
-0.6325746674235923	-2.8947061525468545
-0.6299255751559906	-2.89200875266532
-0.6271984795880373	-2.889151599756857
-0.6243803221361658	-2.8861457268461965
-0.6214505544657842	-2.8829785659341582
-0.6183943305786708	-2.8796419321690223
-0.6152076858792228	-2.8761310483594946
-0.6118976166199692	-2.872446874415891
-0.6084860366445936	-2.868598237380373
-0.6050042116654801	-2.8646066306877835
-0.6014889634685111	-2.860490649614704
-0.59795385296483	-2.856242407382132
-0.5944069869571807	-2.851859684061626
-0.5908607211244574	-2.847348566582523
-0.587309334774194	-2.8427032768529794
-0.5837025366205926	-2.837888817038797
-0.5800070936230721	-2.832865740423522
-0.576198464841635	-2.827602153379186
-0.5722614939163173	-2.822076721203678
-0.568203164023096	-2.8162956181646375
-0.5640904255210032	-2.8103385228577937
-0.5599560608403353	-2.8042204603245593
-0.555829519907396	-2.7979563854369274
-0.5517404019098961	-2.7915777888949536
-0.5477113009330044	-2.7851300752766766
-0.5437368150471729	-2.7786608554267525
-0.5398236501508484	-2.7721298836929065
-0.5360120613278965	-2.7654667406081694
-0.5323196457633306	-2.7586723332185117
-0.5286656655134023	-2.7517337599455036
-0.5250814354461244	-2.7447110662216203
-0.5215798057115133	-2.737639620409101
-0.5181619659992569	-2.730522343440007
-0.5148254620544365	-2.7233580151689654
-0.511571087682967	-2.7161531573927244
-0.5083973758802643	-2.708908778585701
-0.5053110470074806	-2.701638700713898
-0.5023073121484958	-2.6943374298114993
-0.4993722816106524	-2.6870135114565317
-0.49650343112304257	-2.679744679654413
-0.4936988987705013	-2.6725761213749273
-0.49089138860704407	-2.6653942427255783
-0.4880529693362235	-2.658133286721516
-0.4851597961594915	-2.6507516274022263
-0.4822196030028539	-2.6432926324992563
-0.4792634343899161	-2.6358387980724287
-0.47629304715661414	-2.628388416118138
-0.4733041403390748	-2.620928538423902
-0.4702534514276079	-2.61337934117616
-0.46712214999404605	-2.6057989218181525
-0.46395087533548574	-2.5983008887844217
-0.46073917704328554	-2.590886821704211
-0.457449976002463	-2.583483336332985
-0.45410717441396653	-2.5761145914251946
-0.4507345952311012	-2.5688124124139167
-0.4473122938554465	-2.561524649156983
-0.4438443894645304	-2.554259330088114
-0.44033574970213346	-2.5470203007566115
-0.4368086738293528	-2.5398206292646877
-0.4332899912772704	-2.5326501106668027
-0.4297761787863385	-2.5254631180335823
-0.4262664417922839	-2.5182666683793706
-0.42276658802815387	-2.5110768846593063
-0.41927199844448343	-2.5039061150710933
-0.4157731478428114	-2.496725410936906
-0.4122789959740263	-2.4895403850039886
-0.408791173833837	-2.4823663173457065
-0.4053026799405244	-2.4751862119811903
-0.40180165435216814	-2.4680180504313123
-0.3982319521690113	-2.46080727074385
-0.3946110266818144	-2.453612309591921
-0.3909488507082557	-2.4464391290702796
-0.38724657447932914	-2.4392851778990483
-0.38350849467019443	-2.432151500710503
-0.3797352719173102	-2.425035782968354
-0.37592955473889483	-2.4179411585823094
-0.3720986288812837	-2.4108845126332064
-0.36824344677958976	-2.403858841754199
-0.3643466346826309	-2.3968456694341556
-0.36043536303345725	-2.3898524771057104
-0.3565437629989863	-2.3828877424908277
-0.3526775801984736	-2.3759204484647163
-0.3488262497231693	-2.36893766011731
-0.3449843006507675	-2.3619383236494116
-0.34115273495993526	-2.354928918321336
-0.33733212325720147	-2.3479096134894535
-0.3335238212861089	-2.3408814634279627
-0.3297229401095587	-2.333835874992677
-0.32591539206298425	-2.3267636384972055
-0.3220817737452494	-2.3196656033593226
-0.31824265748714037	-2.3126012339495716
-0.314385454872774	-2.305582261293339
-0.3104962983366162	-2.2985721831457
-0.30657846905916136	-2.291569839557944
-0.30263212984674454	-2.284578848658039
-0.29865682719865155	-2.2776000913546213
-0.29465229695912626	-2.2706330801818866
-0.29061526250022046	-2.2636751953818828
-0.2865288439509161	-2.256721276697309
-0.2823942074008552	-2.2497913188224516
-0.27821366616359655	-2.242888518381208
-0.27399163020080475	-2.236018112475117
-0.269740485108142	-2.2291857936885147
-0.26548127769363816	-2.2223949851932336
-0.26115436401429515	-2.2156338364565227
-0.2567633346194361	-2.2088863637591793
-0.25232651107131393	-2.2021683767670837
-0.24784960297865177	-2.1954848879014577
-0.24334206219818022	-2.188830510139875
-0.2388008747385591	-2.1821908457570225
-0.2342256160194432	-2.1755694610245464
-0.22961571697209754	-2.168966341004392
-0.22496943896994476	-2.1623825745222183
-0.22028889433767573	-2.1558236078207536
-0.21557596267019793	-2.149292945090078
-0.2108422150717596	-2.1427962430963254
-0.20608839305739948	-2.136340540455129
-0.20130447209380906	-2.1299281153444896
-0.19655306306714274	-2.1236154706454067
-0.19186435226628673	-2.117393756269354
-0.18719653453324173	-2.1111496056586536
-0.18249086769058748	-2.1047731846154316
-0.17781506105104625	-2.098349953512935
-0.1731773044382627	-2.091893670109131
-0.1685776615418971	-2.0854047492352383
-0.16401721597057234	-2.0788848381675016
-0.15949824173183288	-2.0723350774973555
-0.15502264346944494	-2.065760135902368
-0.15058795650149703	-2.05917119618719
-0.14620241240521986	-2.0525836609279033
-0.14189743170118596	-2.045965806791726
-0.1376309013391472	-2.0392947933657046
-0.1334144241916797	-2.0325900167836806
-0.12924757293864758	-2.0258502506230354
-0.12513071307549836	-2.0190753733956965
-0.12106498148439059	-2.0122654914098264
-0.11705056139181785	-2.005420404369776
-0.11308398308717786	-1.9985354788379586
-0.10913271414283145	-1.9915883336209441
-0.10515734417916854	-1.9845890025128439
-0.1011368437364555	-1.9775564329262485
-0.09707431543316611	-1.9705307964914376
-0.09299540336896625	-1.9635575109493313
-0.08889081030067869	-1.9566422515482136
-0.08475292452973616	-1.9497556547582688
-0.08057946779928674	-1.9428882234261478
-0.0763677211141328	-1.936038069167158
-0.07212365509141695	-1.9292134492963569
-0.06786506173005037	-1.9224205084470147
-0.0636216576141239	-1.9156623345748458
-0.059419217001544705	-1.908921108588729
-0.05525260704084433	-1.9021397069615968
-0.051116913221800515	-1.8953252165383863
-0.047016137410753514	-1.8884990327116482
-0.04296105302035445	-1.8816752146579039
-0.038946013061705295	-1.8748392755219643
-0.03496661124995236	-1.8679819888922218
-0.031015178570328452	-1.8610952196948374
-0.027081920953662218	-1.8541945052088449
-0.023129226410359503	-1.8472497179821432
-0.019178143008672398	-1.8403020405978812
-0.015232133656323447	-1.833350380132046
-0.011290361347933396	-1.8263914795273186
-0.0073528057080976435	-1.8194258687877627
-0.0034187329034266667	-1.8124538221353788
0.0005125716619510494	-1.8054775113967478
0.004438847830294741	-1.7985025467762106
0.008350944978369863	-1.791543556073078
0.012244284246614362	-1.7846137523654784
0.016150398374139636	-1.777684390748914
0.020084893518272074	-1.7707238237678484
0.024032686255203044	-1.7637633406852444
0.02799247685838874	-1.7568042020164383
0.03196416623780446	-1.7498474855088675
0.03594784675844207	-1.7428929897034493
0.03994358936611703	-1.735940872243844
0.043951457215106154	-1.7289912432526695
0.04796534553645777	-1.7220538891391033
0.05194333802704731	-1.7151771485866079
0.055899154412074034	-1.7082942476201886
0.05983888283040388	-1.7013959460090309
0.06376249891463813	-1.69448222560298
0.06766910945168152	-1.687557001718679
0.07156315451122292	-1.6806068734506365
0.07544069972975159	-1.6736465937864407
0.07930341303348665	-1.6666723748701542
0.0831518533606435	-1.659685250830464
0.08698858289081651	-1.6526835700223206
0.09081663598588473	-1.6456683000116819
0.09463852007070642	-1.63864209227012
0.09845298003238771	-1.6316100193579737
0.10226011271294766	-1.6245725398313462
0.1060564161978047	-1.617535670542369
0.10983943615253554	-1.6105136874030712
0.11361588034664258	-1.6034814857715196
0.11737928420211949	-1.5964589850685378
0.12114426357123109	-1.5894184607129425
0.12490095264007313	-1.5823795716625892
0.12862417709488888	-1.575356222800581
0.1323168660116561	-1.5683041824028834
0.13598485583609923	-1.5612323714131544
0.13963203651357695	-1.5541384386625225
0.14326447504464068	-1.5470239234934653
0.14688479015622338	-1.5398970455510756
0.15049255286097155	-1.5327661377710853
0.15407969753767478	-1.5256408962150378
0.15765655913013354	-1.518517019584206
0.16122646672911556	-1.511367018870494
0.16479714943657672	-1.504173657189157
0.1683173794365637	-1.4970074364514647
0.17178211455578793	-1.4898672489112958
0.1752193967745202	-1.4826929884664832
0.17862845526605015	-1.4755006260288022
0.1820165951098466	-1.4682846288165985
0.18538413187857186	-1.46105330781323
0.1887331804620224	-1.453806768408718
0.1920623251310865	-1.4465523538395424
0.19537559162739174	-1.4392746255680935
0.19868598596367412	-1.4319721825966416
0.20198188205190573	-1.4246983035372738
0.20526736472712434	-1.417423098661561
0.20853202023675438	-1.4101414388011257
0.21177670849094152	-1.402871586882253
0.21501293408564467	-1.3955795190019835
0.21823940751825935	-1.3882796222705835
0.2214564218806156	-1.3809722217275853
0.22466655061157528	-1.3736549069050763
0.22786109635125612	-1.3663462161728455
0.23098575848795702	-1.359127316468255
0.2340543250833743	-1.351892605682656
0.23706505405595324	-1.344629005358709
0.24002927227195778	-1.3373249378131646
0.24296504711753042	-1.3299452119379531
0.24586458360454888	-1.322535734436873
0.24873135425092396	-1.3151135937033358
0.251557038932427	-1.3076983349780193
0.2543591490179286	-1.3002574599456769
0.25713629391535864	-1.2927959130145874
0.25988716098428855	-1.2853213578712572
0.2626116533399404	-1.2778344561010706
0.26531118107503626	-1.2703328451530982
0.2679872804774464	-1.2628199040094883
0.2706418511193882	-1.2552939176785816
0.27327655720764327	-1.2477748001331384
0.27590043200252656	-1.2402400317090825
0.27851484635626944	-1.2326921665783568
0.28111723455735466	-1.2251405311389256
0.28370854712557503	-1.2175718387730048
0.2863014826291222	-1.2099136504395063
0.28886459387691016	-1.2022002076305978
0.2913378974132179	-1.1945648136242923
0.29371577250033787	-1.1870130791163684
0.2960349032642154	-1.1794266769554975
0.29830404682249667	-1.1718098644728103
0.3005240053855133	-1.1641865022155193
0.3027001568686844	-1.156565175255655
0.30484595789149943	-1.148904303633101
0.3069582812644249	-1.1412285695283744
0.3090482035403859	-1.133530934259852
0.3111172180413054	-1.1258244988168882
0.3131664276445035	-1.1181090164667262
0.31519536926331265	-1.110389866672303
0.3171995501004205	-1.1026741858390805
0.3191850634937079	-1.094957641817674
0.3211527454368824	-1.087227944406148
0.3231037146428148	-1.0794902940898048
0.32504004508546835	-1.0717457329164495
0.32695114760030036	-1.0640281739045736
0.3287987746958069	-1.0564803625308208
0.3305953932639649	-1.0489423817377836
0.33236356482753704	-1.0412881981285576
0.3340886864450044	-1.0335468767692209
0.33575665787051	-1.0257833039328768
0.3373751975384112	-1.0179978654147182
0.3389441089183734	-1.010203165654931
0.3404575977959952	-1.0024153697421412
0.34191556678724866	-0.9946661102237673
0.3433360170563777	-0.9869029836447513
0.3447084655285766	-0.9791702814110832
0.34602202651793257	-0.9714191766557376
0.3472900288225347	-0.9636281706962537
0.3485172373491184	-0.9557966168914869
0.34970227618959815	-0.9479401036091718
0.3508454691917951	-0.9400716742060353
0.3519521626633828	-0.9321872827770189
0.35302444531705	-0.9242914660937119
0.3540696440402117	-0.9163794380299204
0.35508507386502147	-0.9084867451844821
0.3560583990865449	-0.9006939025662918
0.3569855130452775	-0.8930399412812188
0.35788966842962255	-0.8854904730068235
0.3587769341123175	-0.8780386100710823
0.359648885094244	-0.8706951494982236
0.3604895269312516	-0.8634973222089551
0.361288346094954	-0.8565005565143947
0.36203606653188813	-0.8497521893883742
0.3627260226199315	-0.8432909947899769
0.363354905728059	-0.837147626618984
0.36392170544827157	-0.8313455383019012
0.3644272162027151	-0.8259020076113732
0.36487353795283933	-0.8208292654117194
0.365263637038583	-0.8161356069840909
0.36560090115866356	-0.8118286113579515
0.3658898837294402	-0.8079038812769215
0.3661336357076085	-0.8043679559264179
0.36633584153052234	-0.8012188829284134
0.3665002711306226	-0.7984554012344353
0.36663052847954325	-0.7960759687965351
0.36673025241819035	-0.7940780797422596
0.36680744304787233	-0.792373954541724
0.3668710355810508	-0.7908626314975643
0.3669273546187059	-0.7895370977967401
0.36697823274315977	-0.7883819779421362
0.3670259942367358	-0.7873957609430227
0.36707117675551754	-0.7865743279199066
0.36711253356502893	-0.7859132336727227
0.3671487527960254	-0.7854119176027212
0.3671805946684988	-0.785033777784371
0.36720261009558797	-0.7847699610950248
0.3672178825949872	-0.7846227027260531
0.36723350614639383	-0.7844808671563677
0.3672515643865429	-0.7843421622407275
0.367270089223051	-0.7842119641273404
0.36729093105046123	-0.7840835734780698
0.3673134407815705	-0.7839550017335327
0.36733406324161	-0.7838393575213068
0.3673566881162445	-0.7837359060452269
0.3673746455035757	-0.783639630294428
0.3673804739227628	-0.783596177089137
0.3673693437219396	-0.7836230536356769
0.36734698645878855	-0.7836982977041093
0.36731347653406043	-0.7838168360737265
0.367270443701572	-0.7839817021756362
0.3672195400428322	-0.7841874873688981
0.3671861060460629	-0.7843362963984521
0.36716663796257654	-0.7844362103581716
0.3671480599940331	-0.7845275584033437
0.36713611853196654	-0.7845960622787012
0.36713530907011194	-0.78461221524023
0.36712511232133577	-0.784670484239225
0.36711606368068195	-0.7847236313152635
0.3671075109448566	-0.7847782829479969
0.3670999707660253	-0.7848320292266975
0.3670936587911322	-0.7848757817062219
0.36708782126002854	-0.7849136901669599
0.36708235177475895	-0.7849531237789616
0.36707774432771456	-0.7849916873168061
0.3670733603368953	-0.7850190668991485
0.3670781879514023	-0.7850049584768808
0.36708038105231144	-0.7849842767133123
0.3670810809797527	-0.7849826572510714
0.3670790891736385	-0.7849794185358958
0.3670787329838339	-0.7849796194057468
0.36707828654031616	-0.7849797974298673
0.367077856842743	-0.7849799526490155
0.3670774412182651	-0.7849801104078168
0.3670770410172949	-0.7849802748243335
0.36707522215530036	-0.784986077545106
0.36707395678251203	-0.7850113416240794
0.3670786343633941	-0.7849804549607581
0.3670824357738277	-0.784938815114182
0.36708612037628774	-0.7849034265483625
0.3670891708849907	-0.7848714957702152
0.36709229820111233	-0.7848447750396014
0.3670952957124591	-0.7848173665300459
0.367098033320576	-0.7847908761550181
0.3671007580188609	-0.784768428338957
0.36710484470740395	-0.7847412792876739
0.36710816402518576	-0.7846962854094618
0.3671061844675943	-0.7846991101758971
0.3671042640051545	-0.7847137469925024
0.3671017301826777	-0.7847284831161536
0.3670999227023889	-0.7847411013258203
0.3670981858745547	-0.7847495017066329
0.36709672985730263	-0.7847580869106142
0.36709530699037884	-0.7847663924968772
0.3670939395370376	-0.7847741705871202
0.36709224204705126	-0.7847833076146155
0.36709052474030385	-0.7847957418979022
0.36708873121470953	-0.7848075570798505
0.36708702535483523	-0.7848182349180822
0.3670855201231215	-0.7848279392377231
0.36708403231993364	-0.784836623397297
0.36708271444708324	-0.7848451555697478
0.3670813916164715	-0.7848528051955707
0.36708024413355966	-0.7848599517726087
0.3670791054305357	-0.7848659983952155
0.3670808106754848	-0.7848660691403089
0.36708380426379145	-0.7848353234208296
0.3670878325604534	-0.7847949617057538
0.36709173493080266	-0.7847595931781189
0.3670956663128796	-0.7847287703944242
0.3670992321919609	-0.7846983171647991
0.3671029362367153	-0.7846691570274748
0.36710643279406885	-0.784640751501987
0.36711000631767865	-0.7846140791852113
0.3671133500581968	-0.7845880233627089
0.3671141965282456	-0.7845727197709259
0.36710926579154934	-0.7845932476173447
0.36710341319117823	-0.7846381686286418
0.3670979556769843	-0.7846780834559313
0.3670926785723112	-0.784710589704329
0.3670884135257649	-0.7847421462325854
0.3670840656032722	-0.784771997660699
0.36708029453713886	-0.7848022045626832
0.36707650586375035	-0.7848294912987107
0.3670729868593831	-0.7848571635528173
0.367071626824007	-0.7848756066000931
0.3670729830345058	-0.7848708113853669
0.36707570810663165	-0.784837394799948
0.36707970357376934	-0.7847977982760811
0.36708379579880723	-0.7847623729466575
0.36708724818302535	-0.784730769695192
0.36709075304996786	-0.7847030553439447
0.36709380527892077	-0.7846761685893631
0.36709694658927156	-0.7846515113129849
0.3670997577677576	-0.7846277136214436
0.3671017432307994	-0.7846103223849673
0.3671034650459863	-0.7845980399149297
0.3671047969696321	-0.7845859135070498
0.3671063670326045	-0.7845736070579311
0.3671079512958541	-0.7845596748887113
0.3671095625544141	-0.7845463017712258
0.3671111591939028	-0.7845338895183018
0.36711257936367087	-0.784521903091504
0.3671139999777531	-0.7845109471625041
0.36711525639349374	-0.7845003212316289
0.3671139557686785	-0.7844947215753687
0.36711381927036607	-0.7844953033269783
0.3671133436167731	-0.7844960924377434
0.367112834360847	-0.7844964503650558
0.3671124622816342	-0.7844961857813383
0.3671120921369795	-0.7844959149894063
0.36711181775491014	-0.7844956326116918
0.36711145190109473	-0.784495350423657
0.36711111800994284	-0.7844950866463786
0.36711068043622397	-0.784494847285576
0.367112345623004	-0.7844944962486264
0.3671124009291369	-0.7844921469738904
0.3671125047782344	-0.7844896628476535
0.3671125069140041	-0.7844874433861606
0.36711249067530777	-0.7844857935350636
0.3671124289424131	-0.7844840825105084
0.36711236056765423	-0.7844824529392797
0.3671122902538165	-0.7844809583309973
0.3671122065247921	-0.7844793877336529
0.36711213159897077	-0.7844778597011328
0.3671124340299585	-0.7844746179976001
0.3671128905631805	-0.7844679365850787
0.36711359230219176	-0.7844615643105973
0.36711419647895344	-0.7844556046186659
0.36711475717442804	-0.7844502657600835
0.3671152853907423	-0.7844449998387547
0.36711581557570466	-0.7844396399430211
0.36711630731602424	-0.784434480912671
0.3671167872727987	-0.7844297344166311
0.3671171996047856	-0.7844251120395732
0.3671176072945664	-0.7844208154912521
0.36711966365053256	-0.7844115690307182
0.36712294131873663	-0.7843807841159065
0.3671287307191078	-0.7843459572745274
0.36713359927802197	-0.7843153414151279
0.3671381100505315	-0.7842885262121785
0.3671427320461453	-0.7842611186935625
0.3671473769863632	-0.7842333274455121
0.36715205002575835	-0.7842067641448932
0.36715659395556915	-0.7841809500453071
0.3671582507163818	-0.7841650632460674
0.36715338432733785	-0.7841816477558826
0.3671449663584044	-0.7842269053635397
0.36713602687985086	-0.784275622398878
0.3671273318646231	-0.78432427362998
0.3671195127405046	-0.7843701016238528
0.3671122538881479	-0.7844113974829727
0.36710563880034097	-0.784451505336284
0.36709950849050893	-0.7844897132198083
0.3670935532880962	-0.7845266559343749
0.36708885218671	-0.7845610563000616
0.3670856758356156	-0.784582814867759
0.367083474639479	-0.7845897926389299
0.36708173778650227	-0.78459905969037
0.36707988150021076	-0.7846118567711726
0.36707791227829306	-0.7846240527872786
0.36707601810225826	-0.7846354920856509
0.36707416258350123	-0.7846468487560203
0.3670723290863678	-0.7846584020335162
0.3670705129117288	-0.7846699069130935
0.36707147103513077	-0.7846740072495051
0.3670696822145619	-0.7846688662987336
0.36706406401569386	-0.7847018141886575
0.3670576851488787	-0.7847596623900734
0.36705073464069615	-0.7848151776743834
0.3670448245053548	-0.7848689100164751
0.3670391685401171	-0.7849187761197822
0.3670341267651559	-0.7849684196463287
0.3670292686557883	-0.7850174401108856
0.367024758792021	-0.785067216718285
0.3670223618781753	-0.7851070117874615
0.3670200643321034	-0.78512171124499
0.36701887009389106	-0.7851274099775756
0.367017944378797	-0.7851347927838401
0.3670170199258535	-0.7851431185792466
0.36701606680278415	-0.7851508355722934
0.367015138204708	-0.7851580375338758
0.36701423765606656	-0.7851651409435665
0.36701337515016225	-0.7851720894238982
0.367012505936376	-0.785178709137287
0.3670131932924361	-0.785182577440189
0.36701344421377585	-0.7851786765387553
0.3670135677568666	-0.7851639442616359
0.36701396294742783	-0.7851506133938447
0.3670144788881712	-0.7851402155558665
0.36701480756920946	-0.7851296157110202
0.3670150978598265	-0.7851194294529451
0.36701544147614246	-0.7851101274681782
0.36701568693267	-0.785101006180548
0.36701598555087717	-0.7850923557133408
0.36701345733779445	-0.7850903607934004
0.36700991746324	-0.7851275611057271
0.3670057713961184	-0.7851958036294233
0.3670012735908382	-0.7852609661787446
0.36699818756118524	-0.7853201824142338
0.36699502482630125	-0.7853696598079906
0.36699250275893636	-0.7854161228847656
0.3669903867622898	-0.7854628365687024
0.3669885773423787	-0.7855090497568342
0.3669869255456684	-0.7855542228966576
0.3669845795738107	-0.7856046964741205
0.3669852975789591	-0.7856781488999793
0.3669843984654695	-0.7857438191183782
0.3669834120878593	-0.7857983958778728
0.3669834651168315	-0.7858557228787861
0.36698414727998974	-0.7859160599914528
0.36698483193843023	-0.7859749597407788
0.3669861736121438	-0.7860301231697246
0.36698692403436695	-0.7860782420811933
0.3669882928203839	-0.7861268274264118
0.3669905104449469	-0.7861715496392171
0.3669913851684972	-0.7861942629876519
0.36699121403555157	-0.7861681461745846
0.36698767283299705	-0.7860910317124481
0.3669826868170336	-0.7859718290629384
0.3669791365818883	-0.7858529064227596
0.36697816293817603	-0.7857491840968935
0.3669784794406486	-0.7856496715207806
0.36697903575832536	-0.7855537388854414
0.36698140036873433	-0.7854638298917218
0.3669827207059426	-0.7853823411517727
0.36698448771192055	-0.7853273097100437
0.3669838202257949	-0.7853185830771257
0.3669813739992734	-0.7853433279482217
0.3669785246870878	-0.7854078080541136
0.3669767204199076	-0.7854963145661594
0.3669740078480827	-0.7855753173686376
0.36697243682411784	-0.7856523448351147
0.3669716743634825	-0.7857292103170523
0.36697171602395184	-0.7858027200043808
0.3669710316653454	-0.7858807463632863
0.3669739899889764	-0.7859797872433629
0.3669758358726369	-0.7860692190744462
0.3669791180358087	-0.7861581861802055
0.36698320169212173	-0.7862433729377499
0.3669873409726317	-0.7863221465048972
0.36699202347793036	-0.7863960476463049
0.3669966225722289	-0.7864653658362566
0.36700203868243275	-0.7865319410418706
0.36700670329485163	-0.786590977011956
0.3670093845020122	-0.7866221383284414
0.3670007397641504	-0.7864900808385504
0.36696601672752066	-0.7860668649322832
0.3668995585520099	-0.7853331437504217
0.36679758784218236	-0.7842880613843611
0.36665704386324494	-0.782931288465722
0.3664757400560646	-0.7812636666657036
0.36625463384317464	-0.7792883500912177
0.3659908272205451	-0.7770178853055424
0.3656845400080591	-0.77446407981783
0.3653371984022831	-0.7716425181140247
0.3649519169567334	-0.7685754937677606
0.3645351579451776	-0.7652927705662346
0.3640903888398276	-0.7618328744810384
0.36363407899691325	-0.7582404764934597
0.3631800188006541	-0.7545352931088076
0.362728361152419	-0.750738771199503
0.3622661028046611	-0.7468741498065288
0.3618042678396062	-0.7428945380265793
0.36132108805507673	-0.7387367056076991
0.3608076408269254	-0.734342431261393
0.3602545230154283	-0.7296777202427226
0.35965353904794783	-0.7247312190719543
0.3589976791289201	-0.7194900921620939
0.358284329732601	-0.7139508762483686
0.3575126219541691	-0.7081338785785403
0.3566863313187404	-0.7020854011948097
0.3558225652329022	-0.6959154659216089
0.35494256914729855	-0.6896951630582555
0.3540545641637744	-0.6834749101761659
0.3531329168504716	-0.6772414117410959
0.35218252045765835	-0.6709293627484896
0.3512117210397863	-0.6644822323508823
0.3502238817301476	-0.6578708848737802
0.349228748626741	-0.651068281374995
0.34824112949342473	-0.6440640422704362
0.34727973722854744	-0.6368670354948193
0.3463648863396496	-0.6295021138717241
0.3455155409216305	-0.622013557257832
0.3447453412182535	-0.614464627129337
0.34405946317305136	-0.6068961149076794
0.3434527594942662	-0.5992889905705638
0.3429039719929605	-0.5916248610621522
0.34242000261728445	-0.5838123491448318
0.3420054439904501	-0.5758409256166206
0.34168222588425623	-0.5677699116952466
0.3414665254911055	-0.5597173955916721
0.3413453618869295	-0.5516385753920791
0.34131412349211626	-0.543544825958758
0.34136701615534387	-0.5354555565800432
0.3414964822619341	-0.5273669848116347
0.34169544274387	-0.5193216611075431
0.34194474811072084	-0.5112147009517841
0.3422282355498977	-0.5030003879001598
0.3425172641119753	-0.49468636718409725
0.34278114104695157	-0.48632317727554947
0.3429928647929098	-0.4780020349969447
0.3431321724263498	-0.4698642843403664
0.3431899249391748	-0.46189767191261843
0.3431560645291661	-0.45397465102235723
0.34304811878011776	-0.4460917118854905
0.34285257044121265	-0.43833690326101893
0.3425400231464876	-0.4307427832882006
0.3420966948952257	-0.42300850625950215
0.34154112693810795	-0.4151400739928258
0.3408911242498936	-0.4072593592081397
0.3401549905028504	-0.3993749409349157
0.339334406486033	-0.39150700448429243
0.33844124129361075	-0.38366144146196574
0.33750342424847574	-0.37584610772220883
0.33651827668531015	-0.3680491171279586
0.33542396544077596	-0.36041296945854806
0.3342365072305205	-0.3528967643025106
0.3329923348962697	-0.34539872361067364
0.3317228989404711	-0.3378992062552645
0.33046966396873156	-0.3303867985121977
0.3292753611124331	-0.3228344664824867
0.3281564101413613	-0.3151009171520872
0.32712982072847885	-0.3071697276484515
0.3262172222957866	-0.2990922706795955
0.3254344637680532	-0.29096159859770204
0.32477085643236225	-0.2827700169427774
0.3242068983152341	-0.27453936133129436
0.3237315228401989	-0.26635656863007073
0.3233257623327053	-0.25830454047639795
0.3229661324255458	-0.2503728223072256
0.3226288822329443	-0.24239232582784517
0.3223092710719512	-0.23438262103675658
0.3220085302571993	-0.2263690744569827
0.3217260841151711	-0.21838034527896014
0.32145860277276295	-0.21044576652776392
0.3211897890695198	-0.2024372002186895
0.32092485909071783	-0.1944303615321761
0.32066450638946525	-0.1864206519651104
0.32040701745979583	-0.17842715586914024
0.3201552658761282	-0.17044539983419638
0.319906474174432	-0.1624453442903515
0.31966196716968487	-0.15444509969735026
0.3194264809899549	-0.14645127993095713
0.3191984144714184	-0.13845474051565332
0.3189771163182586	-0.1304708855882908
0.318749695987214	-0.12257743863112204
0.3185076866499338	-0.11468350339710144
0.31829415677982476	-0.10676938198890737
0.31814785130058226	-0.0988353930463057
0.3180911530532844	-0.09080570519126366
0.3181226623877226	-0.08272042605318228
0.31824475388101797	-0.07465416261051272
0.3184554042156279	-0.06658185755937625
0.3187483899582472	-0.05850458175959441
0.3191143597070295	-0.05044960075245723
0.3195509058545183	-0.04245018619517628
0.320049815167232	-0.03445737803794487
0.32060797996377216	-0.026463966271773973
0.32121944881603437	-0.018438375261412093
0.3218778603359422	-0.010411892010267914
0.3225812673872012	-0.002389703834035861
0.3233262436513091	0.005627833492566838
0.3241126469808619	0.013646397025667965
0.32494666964593505	0.021630843824106183
0.3258178289115731	0.029514955431881845
0.32675250379880655	0.037433875805396956
0.3277703887987449	0.04544337859633404
0.3288565791505253	0.05344045798694385
0.3300050347496623	0.06142845189242098
0.33121151371559154	0.06937524992240454
0.3324711730503634	0.0772720930632006
0.3337881384063992	0.08518017683732329
0.33515992185131854	0.09311642565152421
0.33657644594674585	0.10105205435141673
0.33803503265009505	0.10901264751778937
0.33952193454743557	0.11698466886321275
0.34101355857387844	0.12490109760877854
0.34250683981301117	0.13276145153165034
0.3440098763819452	0.14062657402114448
0.3455221037962236	0.1484922451566849
0.34704174206202415	0.15635696351902206
0.3485670197701665	0.16421865895723287
0.350094857665553	0.17207363696508585
0.3516313734828564	0.17990793127369592
0.35318061806083834	0.18775722647279572
0.35473759690602186	0.1956108411300613
0.35629014617141314	0.20346182732915874
0.3578199805355829	0.21134652190090025
0.35930869126504217	0.21922643043895523
0.3607465086630937	0.22705455007958467
0.36215251960878897	0.23488755312886248
0.36353397473130994	0.2427347034538081
0.3648905814975652	0.25059000736054504
0.3662232061077847	0.258452623887191
0.36753540265140283	0.26633484215830416
0.3688330168582297	0.2742366856631426
0.3701204353210341	0.2821193447212781
0.3713998143298738	0.29000783743997016
0.3726705596449314	0.29789902415732
0.37393394657771684	0.30579368812424146
0.3751863682643092	0.31368861500745054
0.3764284647566128	0.3215808215125592
0.37766467054255554	0.3294618349952743
0.3788945770412092	0.3373560392508892
0.38011656870669697	0.3452460271541996
0.3813206883214948	0.35312773372358724
0.38250310047611996	0.3610197521067419
0.3836644021293506	0.36891173329543503
0.38481082555640916	0.3767825933777395
0.3859460746563198	0.3846588357815136
0.38707260385601056	0.3925640529562481
0.38818610581580826	0.40047458515445133
0.3892893818661121	0.4083900297029894
0.39037942968945283	0.41630588705752936
0.3914540373889683	0.4242065854991391
0.39251735716172986	0.4320472204909531
0.39358799955955925	0.4399197727850874
0.3946766616613356	0.4478547208871375
0.395773840766134	0.4557864717993478
0.39687684957813263	0.4637149570839223
0.39798127555064766	0.4716423818190236
0.3990920700368768	0.47954919585684924
0.4002120934272626	0.48745878705246165
0.40134222169820766	0.4953850738111828
0.4024769194203549	0.5033099507098744
0.4036019161194745	0.5112169822805229
0.40470770204468764	0.5191223324178047
0.40579467615195786	0.5270289098946627
0.4068709736307497	0.5349215504857827
0.40793792406058244	0.542836899882947
0.4089945156480442	0.5507498681534576
0.41003985506926643	0.5586686483937678
0.41107515501887515	0.5665884282309409
0.4120967790973845	0.5745087638547952
0.4131121388414145	0.5824083526453446
0.4141230094795386	0.5902624600344824
0.41516863826498024	0.5982099422519626
0.4162489699606077	0.6061739763537577
0.41735754844044226	0.614131212785575
0.41849021980187345	0.6220953779986675
0.41964668614429973	0.6300701313697807
0.42081528585482997	0.6380098995407119
0.4219944714446541	0.6459265791375561
0.42318547508265764	0.6538478886803275
0.4243861096498169	0.6617664400571894
0.42559497518003314	0.6696859250684175
0.42680951910518883	0.6775997957497556
0.42803548247702167	0.6854854113261439
0.42927460529822137	0.6933672116163125
0.4305297701017481	0.7012761759555571
0.4317938291405869	0.7091871623147726
0.4330644104848689	0.7170952115215479
0.43433648175543627	0.7250012199076665
0.43561322043982925	0.7329051558889269
0.4368910817508473	0.740796331316938
0.43816345957316005	0.7486752499590846
0.4394268946548294	0.7565640863842851
0.44068512285647654	0.7644585882677862
0.4419387794595287	0.7723543381507777
0.4431837964048395	0.7802488102417625
0.44442547964387846	0.788123920481859
0.4456677262751225	0.796006854438021
0.4469111352044238	0.8039083757468952
0.44815274382147374	0.8118110840384682
0.44939066863126836	0.8197199635475102
0.4506127839615307	0.8276146132093796
0.45181503929654915	0.8354943518310503
0.4530036264224127	0.8433789462785378
0.45418054673869307	0.8512761603755059
0.45534740173320154	0.8591770022746197
0.4565041754513094	0.8670806437856043
0.45765083977372056	0.8749865054531963
0.45878365835241114	0.8828890863114578
0.4599100767153879	0.8907758743192091
0.4610289141253985	0.8986602171388776
0.4621191321725275	0.9064671266264911
0.46317989917860514	0.9143376323033527
0.46420498937121074	0.9222360131539007
0.46519915781089743	0.9301430155635179
0.466158401351274	0.9380501340358792
0.4670899024138989	0.9459477667813107
0.46799261132422915	0.953862831051133
0.468867820644979	0.9617804643298783
0.4697161324534398	0.969705858286632
0.4705422663317488	0.9776492651636299
0.47135381907959245	0.9856255067033657
0.47215819096041967	0.9935725100384661
0.4729578992884286	1.0015253000877036
0.47375361343819916	1.009480364202489
0.47454346191396696	1.0174371449632402
0.4753282006871485	1.0253987807317162
0.47610637080322404	1.03336150634371
0.47687331159023044	1.0413261370512978
0.477636920062711	1.0492793507795646
0.4783934379260806	1.05722784243134
0.4791483807476094	1.0651916492656117
0.47990330324486075	1.0731520561124424
0.4806543617156764	1.0811111222597927
0.4814031465420442	1.0890556672067877
0.4821557237288241	1.096994941269258
0.48291225900310025	1.1049567775535307
0.48366907018594646	1.1129212416402823
0.4844260218063434	1.1208878214771012
0.48518260578666633	1.128856980471861
0.48593701474376405	1.1368376868646877
0.48668165727679685	1.1448380576091837
0.48740984567707923	1.1528227817209302
0.4881147897593021	1.160759460795536
0.48880280629056494	1.1687119407739825
0.4894766666679755	1.1766669781129742
0.49013579666467855	1.184619226234081
0.4907841816352656	1.1925540178141505
0.4914256551340732	1.2004923335721576
0.49205950978177176	1.2084524014188194
0.4926822532202146	1.2164163863462243
0.493293477213476	1.2243817578969816
0.49387795574292753	1.232331578403818
0.49442641705385093	1.2402850737344835
0.49494841422280456	1.2482502180893034
0.4954464986210611	1.2562157286279068
0.49591930361146996	1.2641589943594214
0.49636659753044093	1.2721195890556476
0.49679126909655563	1.2800827818072906
0.49719174098571856	1.2880405745049501
0.49757984724280563	1.2959805918591998
0.4979529265667809	1.3039384196642403
0.498309371495868	1.311909171766354
0.4986505738779493	1.3198851468243784
0.4989768362725695	1.3278657453110514
0.49928860931291424	1.3358513890310912
0.49958797264389043	1.3438415180979328
0.4998721840178069	1.351830420253629
0.5001399101715823	1.3598179029530677
0.5003965199259152	1.3677885559274792
0.5006405251266401	1.3757715591159678
0.5008731638578549	1.3837544337717067
0.5010968203497393	1.391726514228895
0.5013198279909868	1.399685280545413
0.5015389741205194	1.407667247500098
0.501752845536963	1.415655110924838
0.5019605426635202	1.4236454064384996
0.5021627698067409	1.431640654572458
0.5023606054892914	1.439640308564658
0.5025530073922575	1.4476419659669089
0.5027359048297854	1.4556435902996088
0.5029120487678944	1.4636464692399676
0.5030842493837117	1.4716313866416484
0.5032499394011375	1.4796196038812401
0.5034073548925383	1.487604271396381
0.503557906808307	1.495575376485341
0.5037093590807566	1.5035402151912742
0.503858495204934	1.511527978795823
0.5040028653160846	1.5195190279338955
0.5041440019282796	1.5275143363809838
0.5042826999393163	1.5355137158343037
0.5044182811330841	1.5435165705252585
0.5045503740703408	1.5515211054490292
0.5046752562683691	1.5595259055038886
0.5047950614977665	1.5675325741944475
0.5049132535213395	1.5755222326076146
0.505026731963478	1.5835123150790482
0.5051327069447601	1.5914988699019699
0.5052351695829704	1.5994691641585113
0.5053392345253703	1.607437573076804
0.5054425194149013	1.6154273199172025
0.5055421959700753	1.6234205775517385
0.5056400676315694	1.6314180016676134
0.5057361303801599	1.6394191829178453
0.5058299554641518	1.6474237815302217
0.5059213052448187	1.6554300641609958
0.5060071937444957	1.6634364828349062
0.5060881477641315	1.6714444350397257
0.5061686959059973	1.6794363192398916
0.5062454950961736	1.6874273818798702
0.5063150142788029	1.6954149577278144
0.5063839237258139	1.703384093314357
0.5064547363527615	1.7113554845260686
0.5065255104144711	1.7193471443622361
0.5065934749682905	1.7273413976007201
0.5066598073502193	1.7353392313923444
0.5067242373060244	1.7433410450358156
0.5067867866050273	1.751346790374681
0.5068476298279906	1.7593541662316496
0.5069040639692726	1.7673615824681344
0.5069560442868947	1.7753706640011875
0.5070084949659229	1.7833638486628154
0.5070576986523564	1.7913552146433038
0.5070996797978423	1.7993431889598255
0.5071427018024829	1.8073119531660398
0.5071873821183928	1.8152863298458821
0.5072320311817102	1.8232796706249108
0.5072748030966068	1.831274970885258
0.5073163859807542	1.8392738168338818
0.5073564769811506	1.8472765893361545
0.5073951649163749	1.8552831494955588
0.5074325943647826	1.863291226277196
0.5074665854607533	1.8712990884914014
0.5074959495390982	1.8793085771596432
0.5075261825022449	1.887302107620795
0.5075534719665897	1.8952940991890057
0.5075736895283416	1.9032821790416004
0.5075970010997796	1.9112495490430994
0.5076219709379779	1.9192238805429218
0.5076465519156999	1.9272170394706913
0.5076692943801975	1.9352128380900473
0.5076911806575924	1.943212397940381
0.5077120209099604	1.9512161100603973
0.5077319858451381	1.9592231238067572
0.5077509149688353	1.967231551591844
0.5077667766434767	1.9752396063764182
0.5077781977341784	1.9832492740660217
0.5077907514024474	1.9912427385185587
0.5078003814462592	1.999234515732019
0.5078028632391084	2.007221874833907
0.5078097458507014	2.0151927053577245
0.5078161124769256	2.023179735023918
0.5078222969459305	2.0311730762094347
0.5078274423514325	2.0391691196102837
0.5078317860484681	2.047169047671227
0.5078352200670257	2.0551731397302317
0.5078379415199736	2.063180463984578
0.5078397900635613	2.0711891434679854
0.5078389577779138	2.079197481782332
0.5078336358065856	2.087207192938267
0.5078296884984036	2.0952007362129588
0.5078227137554162	2.103192740613433
0.5078106564980054	2.111180727211908
0.5078014771980888	2.119159149865869
0.5077900352735748	2.1271509851724932
0.5077781968120096	2.1351437612077735
0.5077653119153199	2.1431404853270473
0.5077520030380758	2.151141102083275
0.5077379057819874	2.1591456216607177
0.5077231238705161	2.1671533966488985
0.5077077785017318	2.1751618236493284
0.5076916329986315	2.183167840338063
0.5076693123520424	2.191164569213931
0.5076458280878502	2.1991505356861394
0.5076225874329424	2.2071480732712883
0.5075913146610841	2.2151424513107503
0.5075596276869462	2.2231325810233478
0.5075284771657397	2.2311232969614094
0.5074964882227146	2.239116730113298
0.5074638729058599	2.247113762598342
0.5074307270719757	2.2551148375155896
0.5073969034130668	2.2631197640820324
0.5073626537099379	2.271127879825427
0.5073278370528297	2.279136283599416
0.5072928637387755	2.287141707382817
0.5072537298695818	2.2951340617127642
0.5072116399431729	2.303110861479007
0.5071646249555342	2.3111083641894585
0.5071134765187584	2.3191027029932734
0.5070631193117213	2.3270917957327497
0.5070121324106187	2.335082904116719
0.5069607140707517	2.3430765353856553
0.506908765678998	2.3510737768601597
0.5068563856029014	2.359075053043692
0.5068034587007311	2.3670801202801868
0.506750125895136	2.3750881865747937
0.5066961682566185	2.383096468798776
0.5066421330855605	2.3911019470491413
0.5065838173380357	2.3990937306765248
0.5065224783252145	2.4070705526199037
0.506456644449035	2.4150682937132144
0.5063863171329612	2.4230625621151125
0.506316953948175	2.431051522772942
0.5062468986380314	2.4390425858515052
0.506176467243775	2.447036282102773
0.5061056258120885	2.455033589564123
0.5060343156361289	2.4630348327769873
0.5059610929306099	2.471019631604542
0.5058806730838199	2.478841409606709
0.5057898276185768	2.4863960788324904
0.5056994301883031	2.4937121989194355
0.5056177669078744	2.5008390402140797
0.5055579909000202	2.507827023887121
0.5055270667733418	2.514708178345738
0.5055281557114953	2.521476354047344
0.5055599261525106	2.5281271439140127
0.5056124786457612	2.5346559881333905
0.5056711216770641	2.5410349811331114
0.5057299543882354	2.5472273348047065
0.5057816202136269	2.553200908187922
0.5058217018714202	2.5589298184319786
0.5058470087452037	2.5643933145016478
0.5058558710923857	2.5695753852983616
0.5058477621158517	2.5744642814273972
0.5058232401448373	2.5790522899766506
0.5057833115700815	2.5833360307039315
0.5057291469236704	2.587315458517502
0.5056623685314982	2.590990428040468
0.5055848098012102	2.5943609455346897
0.5054985229297587	2.5974270210109665
0.5054057946228779	2.6001886882741108
0.5053091553261412	2.602646012494654
0.50521139167914	2.6047990958821536
0.5051155702615594	2.606648082337811
0.5050250615291721	2.608193172530124
0.5049435596188074	2.6094346381714364
0.5048750018433041	2.6103738208509952
0.5048164965267514	2.61110653657018
0.5047642750715884	2.611702441129026
0.5047237723423442	2.612143013089828
0.5046973745836342	2.612427131339923
0.5046836543924503	2.6125665039762573
0.5046817831757462	2.612584204219869
0.5046801337624984	2.6125915691440116
0.5046794700679039	2.6125947476286733
0.5046784677122983	2.6125980640388096
0.5046775141158774	2.612601850063411
0.5046763327526467	2.6126063953602814
0.5046752546221083	2.6126108243764223
0.5046742194459894	2.6126151151175283
0.5046731789381959	2.6126194239027423
0.5046721437946251	2.6126235236383706
0.5046712178714003	2.6126272868030247
0.5046702702304731	2.6126310846738154
0.5046693358470872	2.6126347960541825
0.5046684439106999	2.612638311439115
0.504667565216215	2.612641755961636
0.5046666967302275	2.6126451552776504
0.5046658500956169	2.6126484072514775
0.504665007648024	2.612651690037585
0.5046641857056042	2.6126549246654043
0.5046633658333591	2.612658107571104
0.5046625665409763	2.6126612370684703
0.5046617675116295	2.6126643160176024
0.5046609859479496	2.6126673630471586
0.5046602040047513	2.6126703850589164
0.5046594421547648	2.6126733463453293
0.5046586785924193	2.6126762586337486
0.5046579452572851	2.6126790485981024
0.5046572068414192	2.612681743038771
0.504656497639971	2.6126843482446795
0.5046557821942427	2.612686897993785
0.5046550946475115	2.612689346370776
0.504654399663705	2.612691734002923
0.504653716352989	2.6126941517415427
0.5046530308310674	2.612696611520123
0.5046523700599435	2.612698918555123
0.5046517066643026	2.612701124161001
0.5046510530102798	2.612703360801506
0.5046503962463851	2.612705647773583
0.5046497432702917	2.6127079455549502
0.5046491076019862	2.6127100892242496
0.5046484822527749	2.6127121560014896
0.5046478722900156	2.612714079841933
0.5046472785046123	2.6127158892573115
0.5046466817224997	2.6127177127276986
0.5046460860151455	2.6127195225270263
0.5046454946347606	2.612721343265939
0.5046449033385638	2.6127232004578254
0.5046443227156363	2.6127249542409623
0.5046437606639163	2.61272668693143
0.5046432009122073	2.6127283272937802
0.504642651643463	2.612729962814567
0.5046421030610742	2.612731541006326
0.5046415585409681	2.612733154323281
0.5046410176831033	2.6127346773573725
0.5046404878354291	2.6127362410905732
0.5046399509398154	2.6127377984603584
0.5046394120369827	2.612739405232505
0.5046388711837233	2.6127410552870303
0.5046383382100207	2.6127425982107124
0.5046378405307133	2.612743814617597
0.5046373938503569	2.612744976624502
0.5046369181737399	2.612745952843122
0.5046364552049555	2.6127470264241963
0.5046359673408877	2.6127481403175468
0.5046354775504225	2.6127492286225547
0.50463500650283	2.612750253720872
0.5046345389200604	2.6127512916530553
0.5046340602530143	2.612752355040773
0.5046335841227552	2.612753342763221
0.5046331244453014	2.6127543476962494
0.504632654196456	2.612755365469035
0.5046321824722119	2.612756359906991
0.5046317204132177	2.6127573838942566
0.5046312599254396	2.612758194577727
0.5046308396318824	2.6127590385215433
0.5046303954811261	2.612759765892225
0.5046299653583357	2.6127604367002357
0.5046295377433563	2.612761174912129
0.504629094176481	2.6127618629249993
0.5046286611600251	2.6127626050541193
0.5046282248762979	2.612763272533998
0.5046278017653052	2.612763972365661
0.5046273685954668	2.612764683799267
0.5046269348240743	2.6127652815783735
0.5046265287915367	2.6127659186179804
0.5046261051738001	2.6127664896578726
0.5046256885265057	2.6127670559915908
0.5046252733309012	2.6127676451226
0.5046248505090329	2.612768249202489
0.504624429962854	2.612768641881173
0.5046240577008145	2.61276909393291
0.5046236490649857	2.6127694737459013
0.504623243955765	2.6127698464951004
0.5046228441893141	2.6127702500702488
0.504622435110408	2.6127706713651744
0.5046220245001565	2.6127710815543366
0.5046216238217909	2.6127714061387
0.5046212386226576	2.612771797219859
0.504620829915365	2.612772177367457
0.5046204240039749	2.612772389020083
0.5046200628041687	2.6127726715131185
0.5046196655896398	2.61277285200058
0.5046192793592116	2.6127730485934593
0.5046188917068711	2.612773259757856
0.5046184970643534	2.6127734918655907
0.5046181016045437	2.6127736601597986
0.5046177241366055	2.6127738800735454
0.504617330997628	2.6127740947598808
0.504616937413699	2.6127742116971167
0.5046165694403141	2.6127743362808826
0.5046161889711789	2.6127744733412865
0.5046157966201066	2.612774577370428
0.5046154153895996	2.6127747366093166
0.5046150268860528	2.6127746658969966
0.5046146850079581	2.612774701076179
0.5046142978995054	2.6127744783019407
0.5046139541626952	2.6127745046750945
0.5046135540193972	2.612774224803983
0.5046132129148425	2.6127741165573455
0.5046128316362548	2.612773808212794
0.5046124798614172	2.612773581730537
0.504612103417733	2.6127734436042687
0.5046117086486935	2.612773222728655
0.5046113474955534	2.6127731388536475
0.504610960537343	2.6127729238895716
0.5046106007752322	2.6127726692588142
0.5046102448001296	2.61277243914656
0.5046098659175701	2.6127721973488716
0.5046110549386735	2.6127990864829083
0.5046122972240422	2.6129631240947715
0.5046149811863834	2.613089712607659
0.5046149158419891	2.6131420971493924
0.5046154120851922	2.613170149923888
0.5046153222536511	2.613197326894841
0.504615520997007	2.6132228295468387
0.5046157277580033	2.6132473899131945
0.5046160635886348	2.6132707595029374
0.5046164787301722	2.61329370087901
0.5046168936318398	2.6133174149767293
0.5046192899650552	2.613368361209394
0.5046272968892878	2.6135587253360586
0.5046406488713884	2.6137750921367306
0.5046520040142831	2.6139405335308967
0.5046590855641508	2.6140544522240226
0.5046623028546029	2.6141133712574414
0.5046653240646415	2.6141546471679304
0.5046690822460137	2.6142068198412005
0.5046715698484937	2.6142531120865122
0.5046754258350008	2.6143007677116032
0.5046790542463417	2.614350916991291
0.5046827139153638	2.614397382064069
0.5046862014515516	2.614442266648204
0.5046904037428476	2.6144873624375315
0.5046944071467997	2.6145320723747427
0.5046986692167645	2.614573723278586
0.5047031086743744	2.6146165603880633
0.5047070723100504	2.614656341020999
0.5047104298110437	2.6146887031708665
0.5047085500733611	2.6146995238655864
0.5047025694730084	2.6146752363554087
0.5046970392323504	2.6146445870876027
0.50469842929236	2.6146513757079406
0.5047017447095805	2.6146780673252357
0.5047057448424469	2.6147043720285796
0.5047093673565994	2.6147310998797666
0.5047129870426972	2.6147558830570534
0.5047168409774674	2.614781951830134
0.5047212213240414	2.614810771046747
0.5047326790626725	2.614865213209934
0.5047693533083315	2.6150598756897447
0.504813552495187	2.6152875980828068
0.5048572759621035	2.61550201835151
0.5048989390396557	2.6156984865727555
0.5049391387644901	2.615887464544256
0.5049774846838082	2.616063144503573
0.505013718890133	2.6162252360867444
0.5050473322222166	2.6163734250730735
0.5050770189636311	2.616501926549107
0.505100732818517	2.6166034783784644
0.5051188706912041	2.616678510404507
0.5051320235218811	2.6167358948714745
0.5051463697290286	2.61679702963034
0.5051624010467964	2.6168595464475017
0.5051770823135946	2.616918585612921
0.505193302412222	2.616979718087402
0.5052092728075127	2.6170394372212216
0.505225336530911	2.6170987254329794
0.505242356040784	2.617158492599888
0.5052562562832349	2.6172113755187256
0.5052740716427357	2.6172669727478617
0.5052885982082884	2.6173180427850387
0.5053050116454473	2.6173703702784286
0.5053209061074115	2.6174223246457764
0.5053375030925109	2.617474669183972
0.5053538681292855	2.617526420068358
0.5053709502723556	2.6175779969816104
0.5053876545411826	2.6176288823622076
0.505405044393486	2.6176796670790154
0.5054224033976429	2.6177305112113913
0.505451603157805	2.6178106078110357
0.5055377961810541	2.618043805173904
0.5056116731308249	2.6182418937762133
0.5056571289327003	2.618360242937831
0.5056865852587361	2.6184387555492834
0.5057169965509616	2.618515772590849
0.5057468453652871	2.618591727539638
0.5057771417264604	2.618666052411438
0.5058077667158396	2.618739897839767
0.5058419863799463	2.6188199066051165
0.5058779944443748	2.6189041745889337
0.5059150845154993	2.618987843714944
0.5059521140496246	2.6190700759731147
0.5059891351603165	2.6191494460146663
0.5060263674089948	2.619228313553302
0.5060640097808534	2.6193059347277092
0.5061022772066174	2.619383673725065
0.5061408037842011	2.619460185233495
0.506179333705211	2.6195353169605813
0.5062186140170806	2.619610432664588
0.5062662978005392	2.6197006222562957
0.50631940583006	2.619797755096221
0.506372458218161	2.6198919454856058
0.5064227701869547	2.6199796272451734
0.5064746222602996	2.620067758250328
0.5065270912360723	2.6201549812083265
0.5065797681934917	2.620240659056098
0.5066333420878106	2.620325629532349
0.5066858299691465	2.6204073410167696
0.506745057767094	2.620498507454797
0.5068089835007911	2.6205921820324667
0.5068530090758017	2.6206540983407725
0.5068768968306959	2.6206895626489004
0.5069038322287671	2.620728614681841
0.5069391087181977	2.6207795133537743
0.5069710654708967	2.6208243309705694
0.5070026463052135	2.620868646263534
0.5070335032836153	2.620911376739064
0.5070649441404416	2.620954506528555
0.5070957735702619	2.620996309440676
0.5071338785428561	2.621047232014738
0.5071644096393121	2.621085963472315
0.5071783991334339	2.6211056617652955
0.5071969823688837	2.6211305538664074
0.507222094344136	2.6211636657610082
0.5072471505386551	2.6211955225384225
0.5072682491365783	2.6212228440766543
0.5072891439421662	2.6212496835037964
0.5073096083177818	2.6212757920113563
0.5073299159581034	2.6213016128217017
0.50735579539014	2.6213340474847473
0.5073832640523356	2.6213712356065613
0.5074327117513224	2.6214335209991355
0.5074616995737129	2.621469518724604
0.5074768174803151	2.6214883370581274
0.507481259633705	2.621494069263941
0.5074858605151736	2.6214994174942525
0.5074882251167973	2.621501966207371
0.5074897730300758	2.6215040471759394
0.5074901711685491	2.6215050241907143
0.5074949478464409	2.6215104953522377
0.5075023960403555	2.621521049009176
0.5075057888866699	2.6215256099645816
0.5075069770606152	2.621527190221578
0.5075112012625137	2.6215325670375886
0.5075153157846372	2.621538110546479
0.5075182237429786	2.6215420363367894
0.507521921631571	2.6215469165115994
0.507525711690158	2.621551982427913
0.5075290959011389	2.621556498241574
0.5075324801523136	2.6215609823440884
0.5075361187026765	2.62156583436679
0.5075397077307979	2.621570617078611
0.5075432573281398	2.621575354608807
0.5075469351140878	2.6215802527009786
0.5075504307509769	2.621584908649548
0.5075541832257218	2.6215899257333874
0.5075580855476723	2.621595134731582
0.5075616919571471	2.6215999504757366
0.507558380199632	2.621594342948098
0.50754420072623	2.6215765242333466
0.5075442164875203	2.6215775810522355
0.5075604314346067	2.621598398049825
0.5075775883445174	2.6216190585529517
0.5075843959498303	2.621627886928733
0.5075919655990052	2.6216380050521426
0.5076036840987742	2.6216526585212563
0.5076152026336394	2.621666827838883
0.5076251529550017	2.621679308486793
0.5076434391781274	2.6217051731616348
0.5076930169794996	2.621765209994214
0.5077230032541687	2.6218036797814026
0.5077444006682953	2.621828191325825
0.5077514035205563	2.6218362403809867
0.5077499301332253	2.6218338746406467
0.5077484060017436	2.621831891895481
0.5077505113074942	2.6218342153179175
0.5077510135563998	2.621834955339841
0.507751362741342	2.6218352517116914
0.5077525276422634	2.6218366622289895
0.5077460631851808	2.6218283215776528
0.5077317807098476	2.621808973565033
0.5077279631442599	2.6218056347104595
0.5077441172214973	2.621826518722359
0.5077589189278628	2.621844208221031
0.5077656361587459	2.621853172920851
0.5077753574722037	2.621865839436314
0.507788200353059	2.6218817270649097
0.5077993323212983	2.62189552107903
0.507815151862298	2.6219146690451267
0.5078212786353151	2.6219213168245323
0.5078176868714903	2.6219176515281744
0.5078215269342322	2.621922792287727
0.5078321982429519	2.6219365519076265
0.5078404875121372	2.6219461358290195
0.50784406701864	2.6219506867434155
0.5078483237023574	2.621956298824241
0.5078549202674107	2.6219644272510467
0.5078606621622112	2.6219713865189362
0.5078723717351379	2.621989116647999
0.5078976498885793	2.6220248690501236
0.5079179618589872	2.622048118171216
0.5079265474142037	2.62205806842134
0.5079265355922736	2.6220573684317374
0.5079243041856316	2.6220545830153856
0.5079261243289196	2.6220562516017507
0.5079278415445337	2.622058654581701
0.5079281007828057	2.6220589070153535
0.5079287111058541	2.622059547532285
0.5079225860751064	2.622051560598476
0.5079073364025389	2.6220310691028264
0.5078993303308563	2.6220226194013634
0.5079069815984629	2.622032858553149
0.5079300093538415	2.6220617922137346
0.5079431756314574	2.622077006211641
0.50794257999261	2.6220774624494223
0.5079505116552069	2.622087799268721
0.5079662445652713	2.622107795414436
0.5079796526618436	2.622123734670925
0.5079953818814343	2.622145585391939
0.5080149377956285	2.6221718563231606
0.5080236769125014	2.6221829679784276
0.5080270118107354	2.6221872555210592
0.508030993281124	2.6221924233559157
0.5080343674695794	2.6221968940699747
0.5080372141795724	2.6222006556740176
0.5080406006043325	2.6222050997118482
0.5080442930552163	2.6222099914967756
0.5080476754168639	2.6222144646730503
0.5080513360484177	2.622219327637093
0.5080545271876395	2.622223488086757
0.5080571781411786	2.6222270023693044
0.508060504352227	2.6222313541066318
0.5080641942447369	2.6222362647866393
0.5080676266392244	2.6222408066780045
0.5080708323297808	2.6222450432071747
0.5080743249992854	2.6222496501498407
0.5080777514131838	2.6222541789670877
0.5080812100546267	2.6222587613030752
0.5080946514009599	2.622278225283807
0.5081205189126717	2.622308139413999
0.5081263294669964	2.6223159461879857
0.5081339569036407	2.6223253044322106
0.5081379170781265	2.6223293809267743
0.5081388421402273	2.6223309661938243
0.5081437763897517	2.622336935325843
0.5081478340269068	2.622342474432424
0.5081502998266592	2.622345687991434
0.5081538225694475	2.622350239430154
0.5081503806696659	2.6223451568132203
0.5081254465982901	2.6223139904657193
0.5081070115860411	2.6222926578229635
0.5081035889831406	2.622289630182971
0.5081188707809097	2.6223094390853836
0.5081405031606115	2.6223358539976416
0.508152533145393	2.6223510628331312
0.5081637192552636	2.622365696951356
0.5081792332336398	2.622385156505815
0.5081964303086345	2.622406228643419
0.5082222172945223	2.6224397080223314
0.5082790544516083	2.6225095917737153
0.5083104020562611	2.622548085670546
0.5083305871628587	2.6225724476316663
0.5083400754949996	2.622583497500891
0.5083432739941584	2.6225873660222994
0.5083421196917772	2.622585731178525
0.5083431567920533	2.622587032696147
0.5083473930921771	2.6225925344980014
0.5083494277585114	2.622595351410391
0.5083477179682812	2.6225933146314233
0.5083525559369806	2.6225998047146546
0.5083604566867815	2.6226098019649635
0.5083636884851781	2.6226143061587988
0.5083652560572836	2.62261615012522
0.5083691683308503	2.6226212255922867
0.5083738351580739	2.6226274123167133
0.508376885531122	2.6226314675386715
0.5083798037314866	2.62263525926386
0.508383849280987	2.622640584912553
0.5083889034204496	2.6226474025368782
0.5083908553674317	2.6226498254532107
0.5083921535775333	2.6226515872799583
0.5083965359240885	2.6226571015537194
0.5083994552677025	2.622661050945996
0.5084020905839617	2.622664473446038
0.5084059779089697	2.622669577842804
0.5084092211226234	2.6226738835943904
0.5084119337483564	2.62267740694467
0.5084153068121515	2.622681823231324
0.50841165580977	2.6226761572448543
0.5083948044769442	2.622654721957901
0.5083921159143019	2.6226524953864043
0.5084038325972472	2.6226677109803482
0.508425669968014	2.622694863609196
0.508438610063115	2.6227101981594867
0.508441200389759	2.6227142881962155
0.5084495851754814	2.622725212985334
0.508463751730024	2.622742912502232
0.5084768889219021	2.6227587580591414
0.5084860398212496	2.6227701367514626
0.5085024171268968	2.6227929043833504
0.508526863967709	2.6228247751279574
0.5085422683490176	2.6228450440108597
0.5085505565836037	2.6228540909357925
0.5085520179684765	2.6228562760662766
0.5085562721331733	2.622861485089241
0.5085599612617615	2.6228664492027414
0.5085616530430926	2.622868621647591
0.5085646248495688	2.622872505359578
0.5085683303694117	2.622877354249068
0.5085714097364842	2.622881470296395
0.5085747583310847	2.6228858668315755
0.5085784026440946	2.6228906806815813
0.5085815563474781	2.6228948186981853
0.5085843178630158	2.6228984391744254
0.5085877420925529	2.622902936200301
0.508591558782396	2.62290798765142
0.5085947491324304	2.6229121897823147
0.5085978900195164	2.6229163202326085
0.5085938915594974	2.6229102490169236
0.5085769082401362	2.6228886484010707
0.5085720258049058	2.622883756735624
0.5085799170523578	2.622894154752524
0.508599819236066	2.6229191858632994
0.5086165353270933	2.6229388369968247
0.5086208531648561	2.622944540566377
0.5086255825143811	2.6229512531763755
0.5086363446265731	2.62296483339385
0.5086498020420074	2.6229812114596336
0.5086703702535981	2.6230094527976813
0.5087237841646689	2.6230740062328897
0.5087574607384678	2.6231147293745734
0.5087770702487917	2.6231380972617018
0.5087916646722969	2.6231556984738496
0.5088025720753796	2.623168390952276
0.508804738318714	2.6231699689694143
0.5088003524656065	2.6231641684648106
0.5088006637913965	2.6231640476910663
0.5088021321828686	2.623165883422695
0.5088003336363612	2.6231633318894736
0.5087924805910656	2.623152896072303
0.5087722503099728	2.6231263734004147
0.5087658387725613	2.62311975741215
0.5087796810497971	2.623137814979334
0.508797435316808	2.623159295358743
0.5088063052457934	2.6231703021814967
0.508813045982302	2.6231794634944543
0.5088250392011504	2.623194570651561
0.5088383276800013	2.623210732358817
0.5088561260679938	2.6232348238323686
0.5088749630276477	2.6232603971939494
0.5088837221175003	2.623271600293866
0.50888437916942	2.6232722542711624
0.5088819261945994	2.6232694754669477
0.5088883768274196	2.6232771872407232
0.5088960144240191	2.6232875772456796
0.5088987609853932	2.6232911346221925
0.5089004738675594	2.6232935462914746
0.5089062644700595	2.6233006919254955
0.5089038509893007	2.6232967839723567
0.5088929249375469	2.623282763775108
0.5088955963768521	2.623287016580743
0.5089127420211864	2.623308723563366
0.5089288988264858	2.6233277508927473
0.508935158585015	2.623335752490739
0.5089419829404014	2.623344733054923
0.5089514907895086	2.623356580559828
0.5089623072723887	2.6233699342489274
0.5089737247811563	2.6233838171162818
0.5089919890437253	2.6234083825262
0.5090155422621269	2.6234393476506335
0.5090289100888109	2.6234567370105166
0.509035345356926	2.623463935158507
0.5090363360658025	2.6234651159502573
0.5090386857921548	2.623467979517969
0.509043050437158	2.6234734724098656
0.5090460205823649	2.623477442690497
0.5090478034214064	2.6234796785028687
0.5090505625916012	2.6234832209846357
0.5090511055506353	2.623484251436191
0.509056512334743	2.623490741326652
0.5090640905449719	2.6235011028768542
0.5090678379290825	2.6235060381118314
0.5090696806577911	2.6235083302822244
0.509073979276221	2.6235137906943904
0.5090784599307825	2.6235196903295095
0.5090818606645467	2.6235241703144805
0.5090857779868944	2.6235292461192805
0.5090898001305172	2.6235345031404926
0.5090869186090295	2.6235296634934806
0.5090765354922403	2.623516273525278
0.5090789675574021	2.623520202907177
0.5090955607976172	2.623541200570888
0.5091121211923798	2.623560677394001
0.5091173192161245	2.6235672582423377
0.5091210324937135	2.6235726749425203
0.5091315362489544	2.623585953469883
0.509145723102601	2.623603072181084
0.5091567436218912	2.6236163646494877
0.5091724694604937	2.623637887200695
0.5091928503720128	2.623665476996057
0.5092080914726121	2.6236846018672977
0.5092164273045033	2.623694007815703
0.5092189587822513	2.6236973332401274
0.5092229282354498	2.6237021062131785
0.5092261033801977	2.6237063479897436
0.5092286137230441	2.6237095412675155
0.5092317590497548	2.623713636534056
0.5092353164290744	2.6237182719714007
0.5092384357290224	2.6237223348584924
0.5092413271122596	2.623726083209687
0.5092443554088052	2.6237299824598184
0.509247895327841	2.6237346134585384
0.5092517504559487	2.623739657764904
0.5092546210747806	2.623743367856669
0.5092576146918375	2.623747244063717
0.5092614415829556	2.6237522158930786
0.509264979146439	2.6237568570234915
0.5092681575268023	2.623760975302548
0.5092642481817451	2.6237550004843526
0.5092479090673406	2.6237340769479984
0.5092470028568585	2.623734016608428
0.5092611511169038	2.6237522380942773
0.509276919260184	2.6237711122556906
0.5092873296443061	2.62378401044806
0.509295667082459	2.6237946374084666
0.509305208436155	2.6238066901345776
0.5093167581907309	2.623820921285783
0.5093280829778905	2.623834724850869
0.5093443933965179	2.6238563102474584
0.5093623622853591	2.6238806426281207
0.5093814623175713	2.623905828425426
0.5093946903985419	2.6239210141924665
0.5093971402834768	2.62392407824144
0.509397823143185	2.623924785327021
0.5094007684034172	2.623928562391197
0.5094044461055043	2.6239333844211337
0.5094064555781194	2.623936014341197
0.5094088201578574	2.623939021718937
0.5094108332819414	2.6239416558455027
0.5094152084138324	2.6239473912850237
0.509421921072153	2.6239561635082023
0.5094254665195411	2.623960911091017
0.5094276335181862	2.6239635533248546
0.509431799730258	2.623968967759984
0.5094364899982181	2.6239751171859518
0.5094399369259126	2.623979657314582
0.5094435151996205	2.6239842966928113
0.5094475779755918	2.623989595393677
0.5094523217783423	2.623995884512734
0.5094485906378247	2.623990078354948
0.5094331015078751	2.6239700541819238
0.5094288948657316	2.6239659980511356
0.5094372004856749	2.6239768200048683
0.5094541165822906	2.623998288223152
0.5094741910721019	2.6240222600849354
0.509484134159047	2.624034054933685
0.5094852213527563	2.624036152994416
0.5094902565548173	2.6240429029216066
0.5095100137315163	2.624069333258534
0.509536660809664	2.6241028048295827
0.5095517809832864	2.624123101092022
0.5095612392353271	2.6241340059168428
0.5095650437805183	2.624138714306753
0.5095688738193338	2.6241436485664935
0.5095719613384138	2.6241476934825356
0.509574423024812	2.6241508049713445
0.5095781045543161	2.624155594879068
0.5095823901011021	2.624161213950277
0.5095852605934743	2.624164954092238
0.5095885967906459	2.6241693073018753
0.5095932457224533	2.6241753475904437
0.5095968247676301	2.624180071304976
0.5095999460467937	2.6241840918504757
0.5096038545590454	2.6241891972652374
0.5096079016497882	2.6241944966724358
0.5096115529527281	2.6241992756398513
0.5096150720584133	2.624203851360343
0.5096190084081538	2.624209001926624
0.5096156043317762	2.6242036520679117
0.50959879082699	2.624182235653226
0.5095957348447515	2.6241795281780735
0.5096073003122963	2.624194419845126
0.509624592519529	2.6242156350825985
0.5096374244234956	2.6242311391098574
0.5096449595225676	2.6242407582025393
0.5096531121822724	2.6242512579592687
0.5096642614786024	2.6242651206991314
0.5096764539884688	2.6242799425655368
0.5096959547361368	2.6243060581867437
0.5097252253692318	2.6243429089916517
0.5097441111593407	2.6243676854731017
0.5097576654757069	2.6243830918513744
0.5097613517703489	2.624387897474567
0.5097626932336378	2.6243894679936317
0.5097650037864314	2.624392390857547
0.5097685649373429	2.62439704518547
0.5097717587975225	2.624401266418347
0.5097741010990852	2.6244042835828023
0.5097757024174151	2.624406200062049
0.5097801291558443	2.624412106908366
0.5097872274291754	2.624421423022509
0.5097901669255918	2.624425270428901
0.5097915337927583	2.624426881385355
0.5097961987268367	2.624432890438547
0.5098015214564541	2.6244399385462986
0.50980475463261	2.624444185982494
0.5098080579304491	2.6244484353979285
0.5098125129854957	2.6244542348560045
0.5098131725360953	2.6244546846405292
0.509807729771475	2.624445688890243
0.5097962493473366	2.624432363072638
0.5097989015410428	2.624436313583202
0.5098129831317718	2.6244542081810214
0.5098272695022683	2.6244713171072616
0.5098368356240914	2.624483138886082
0.5098442864903823	2.6244926459101765
0.5098532318918474	2.6245039229530875
0.5098633883019879	2.6245164131250793
0.5098816416432185	2.6245406132682736
0.5099039378315917	2.624569376144975
0.5099146440606794	2.6245840827908644
0.5099178554732621	2.6245882984173203
0.5099193590647938	2.6245901764603556
0.5099232627971287	2.624595152231086
0.5099283582642105	2.6246018602372496
0.5099315715227009	2.624606094627771
0.5099338592587612	2.6246089753915562
0.509938049024958	2.624614389576058
0.509943877763562	2.624622178706657
0.5099469546197899	2.6246260376555406
0.5099476031961132	2.624626749138631
0.5099512021286656	2.6246313191580617
0.5099564407547578	2.6246382505839483
0.509959709158848	2.624642603723916
0.5099618708619988	2.6246452724354596
0.5099656681975552	2.624650204667282
0.5099698980738255	2.6246557623283633
0.5099728561086767	2.624659642946225
0.5099684751030852	2.624653092170198
0.5099495705173499	2.6246287196054965
0.5099433729383218	2.6246222453120858
0.5099519915154472	2.6246333765410967
0.5099674839564534	2.624652880685088
0.509981559561501	2.6246698470883234
0.5099909353332015	2.6246815351828325
0.5099991012410006	2.624691954039902
0.5100083250778903	2.624703564261743
0.5100191209392031	2.624716955593605
0.5100393404008277	2.624743533811583
0.5100648693756162	2.6247751425276133
0.5100784776714743	2.624794741587409
0.510088124767668	2.624805208567063
0.5100919188226222	2.6248108701454607
0.510096238761114	2.624816333923512
0.5100995746376344	2.624820708855583
0.5101024212577114	2.6248243813707557
0.5101062918356696	2.6248293983075976
0.5101108700030963	2.6248354091832025
0.51011546994002	2.6248415066414865
0.5101179676846387	2.624844663955202
0.510119374152047	2.6248463897035217
0.5101236621847108	2.6248518554046503
0.5101284456965713	2.624858242177989
0.5101315787164049	2.6248623880758037
0.5101342042935348	2.6248656947052695
0.5101379379524383	2.6248705211479497
0.5101420906206043	2.6248760122538
0.5101453800025139	2.624880328229724
0.5101410250817613	2.624873484368628
0.5101178326495676	2.6248439886070956
0.5101062228996649	2.6248310055297908
0.5101076685120901	2.624833498870324
0.5101211960424448	2.62485083691004
0.5101367171475039	2.6248694797829804
0.5101474942732088	2.624882701047385
0.5101552547543544	2.6248925794845515
0.5101635469933727	2.6249031217749095
0.5101736738387428	2.6249157556349694
0.5101941696984238	2.6249428518308706
0.5102260374209896	2.624982381691329
0.5102420437508454	2.6250036947924453
0.5102522069300883	2.625016057097227
0.510259511408031	2.625025008142979
0.5102630770817843	2.6250295687130576
0.5102637404436824	2.625030483878642
0.5102655752470282	2.6250327455828733
0.5102705107042902	2.6250391698934847
0.5102750011833882	2.625045067563808
0.5102764600625551	2.6250469782963024
0.5102788870328367	2.625050049443447
0.5102841879906954	2.625056945441061
0.5102885569870826	2.625062757030737
0.5102906136415379	2.625065411857242
0.5102931850142879	2.6250686355689523
0.5102978736827198	2.6250747676563875
0.5103020717720852	2.625080359078819
0.5103046434181837	2.625083690767628
0.5103076902034663	2.6250875552788924
0.5103043874239206	2.625082021235711
0.510281438611262	2.6250527806359796
