-3.0001438283297497	0.0008256288908923527
-3.0001439039538704	0.0008260694029967238
-3.000143979583012	0.0008265099247057429
-3.0001440552171745	0.0008269504560201405
-3.0001441308563592	0.0008273909969401846
-3.0001442065005657	0.000827831547465991
-3.0001442821497943	0.000828272107597914
-3.0001443578040465	0.0008287126773360338
-3.000144433463321	0.0008291532566810292
-3.000144509127619	0.0008295938456325639
-3.0001445847969395	0.0008300344441910616
-3.0001446604712845	0.0008304750523572239
-3.000144736150653	0.0008309156701309295
-3.0001448118350464	0.0008313562975124501
-3.000144887524464	0.0008317969345021437
-3.000144963218906	0.0008322375811001887
-3.0001450389183737	0.0008326782373068803
-3.000145114622867	0.000833118903122305
-3.0001451903323852	0.0008335595785470182
-3.00014526604693	0.0008340002635812346
-3.0001453417665016	0.0008344409582248479
-3.0001454174910993	0.0008348816624787111
-3.0001454932207237	0.0008353223763427071
-3.0001455689553755	0.0008357630998171487
-3.000145644695054	0.0008362038329022783
-3.0001457204397606	0.0008366445755983446
-3.0001457961894955	0.0008370853279055071
-3.0001458719442584	0.0008375260898240362
-3.00014594770405	0.0008379668613545878
-3.0001460234688713	0.0008384076424971298
-3.000146099238721	0.0008388484332520078
-3.0001461750136005	0.0008392892336191175
-3.0001462507935095	0.0008397300435992387
-3.0001463265784487	0.0008401708631923517
-3.0001464023684186	0.0008406116923987887
-3.0001464781634186	0.0008410525312182876
-3.00014655396345	0.0008414933796519657
-3.0001466297685124	0.0008419342376999351
-3.000146705578606	0.0008423751053616623
-3.000146781393732	0.0008428159826387169
-3.0001468572138896	0.000843256869529862
-3.0001469330390798	0.0008436977660359467
-3.0001470088693027	0.000844138672158286
-3.000147084704558	0.0008445795878962237
-3.0001471605448473	0.000845020513249488
-3.0001472363901702	0.0008454614482190372
-3.0001473122405264	0.0008459023928052024
-3.0001473880959173	0.0008463433470080541
-3.000147463956342	0.0008467843108278938
-3.0001475398218016	0.0008472252842640739
-3.0001476156922937	0.0008476662673176982
-3.0001476915677463	0.0008481072597500003
-3.00014776744813	0.0008485482614602155
-3.0001478433334756	0.000848989272635601
-3.000147919223797	0.0008494302933596315
-3.0001479951191006	0.0008498713236684365
-3.0001480710193893	0.0008503123635771946
-3.0001481469246665	0.0008507534130944426
-3.0001482228349285	0.0008511944722223964
-3.0001482987501804	0.0008516355409622472
-3.0001483746704194	0.0008520766193151647
-3.0001484505956477	0.0008525177072814997
-3.0001485265258636	0.0008529588048618757
-3.0001486024610715	0.0008533999120565384
-3.0001486784012648	0.000853841028865526
-3.000148754346451	0.0008542821552894944
-3.0001488302966264	0.0008547232913285102
-3.00014890625179	0.0008551644369828507
-3.0001489822119463	0.000855605592252702
-3.0001490581770955	0.0008560467571382378
-3.000149134147246	0.0008564879317062349
-3.0001492101224376	0.0008569291161981299
-3.0001492861026433	0.0008573703104428235
-3.0001493620878543	0.0008578115143813285
-3.0001494380780658	0.0008582527279882854
-3.000149514073275	0.0008586939512533059
-3.000149590073485	0.0008591351841719644
-3.0001496660786917	0.0008595764267414024
-3.0001497420888983	0.0008600176789618103
-3.000149818104104	0.000860458940833804
-3.0001498941243074	0.000860900212356292
-3.000149970149512	0.0008613414935297345
-3.0001500461797153	0.0008617827843536205
-3.0001501222149187	0.0008622240848297874
-3.0001501982551217	0.0008626653949579233
-3.0001502743003257	0.0008631067147382755
-3.000150350350532	0.0008635480441705739
-3.0001504264057384	0.0008639893832549109
-3.0001505024659463	0.0008644307319923073
-3.000150578531156	0.0008648720903832424
-3.000150654601368	0.0008653134584273414
-3.000150730676582	0.0008657548361245224
-3.0001508067567983	0.0008661962234755953
-3.000150882842018	0.0008666376204813039
-3.00015095893224	0.0008670790271411385
-3.0001510350274656	0.0008675204434549569
-3.000151111127696	0.0008679618694245568
-3.0001511872329303	0.0008684033050494287
-3.000151263343168	0.0008688447503285412
-3.00015133945841	0.0008692862052637856
-3.000151415578657	0.0008697276698553521
-3.00015149170391	0.0008701691441024941
-3.000151567834168	0.0008706106280068105
-3.000151643969431	0.0008710521215674106
-3.0001517201097005	0.00087149362478468
-3.0001517962549755	0.0008719351376595145
-3.0001518724052585	0.0008723766601914835
-3.000151948560547	0.0008728181923815352
-3.000152024720844	0.0008732597342289546
-3.000152100886147	0.0008737012857350248
-3.0001521770564588	0.0008741428468994666
-3.000152253231778	0.0008745844177225402
-3.000152329412105	0.0008750259982048725
-3.000152405597442	0.0008754675883462758
-3.000152481787787	0.0008759091881473621
-3.0001525579831405	0.000876350797608076
-3.0001526341835034	0.0008767924167289746
-3.000152710388877	0.0008772340455102184
-3.0001527865992603	0.0008776756839516907
-3.0001528628146534	0.0008781173320543278
-3.000152939035057	0.0008785589898176901
-3.0001530152604716	0.0008790006572429271
-3.000153091490897	0.00087944233432895
-3.0001531677263342	0.0008798840210773857
-3.000153243966783	0.0008803257174879022
-3.0001533202122435	0.000880767423560638
-3.000153396462716	0.0008812091392962725
-3.0001534727182015	0.0008816508646943448
-3.0001535489786995	0.000882092599755788
-3.0001536252442107	0.0008825343444808174
-3.0001537015147353	0.0008829760988689443
-3.000153777790274	0.0008834178629212677
-3.0001538540708266	0.0008838596366380504
-3.000153930356393	0.0008843014200190853
-3.0001540066469734	0.0008847432130646347
-3.0001540829425695	0.0008851850157753742
-3.00015415924318	0.0008856268281512276
-3.000154235548806	0.0008860686501926751
-3.000154311859448	0.0008865104818995994
-3.0001543881751047	0.0008869523232725864
-3.0001544644957785	0.0008873941743120747
-3.000154540821469	0.0008878360350180109
-3.0001546171521762	0.0008882779053903637
-3.0001546934879006	0.0008887197854297293
-3.000154769828642	0.0008891616751366227
-3.000154846174402	0.000889603574511182
-3.0001549225251787	0.0008900454835535042
-3.0001549988809737	0.0008904874022637408
-3.0001550752417874	0.0008909293306423848
-3.00015515160762	0.0008913712686892957
-3.0001552279784716	0.0008918132164053191
-3.0001553043543425	0.0008922551737904985
-3.000155380735233	0.0008926971408448976
-3.0001554571211435	0.0008931391175691893
-3.000155533512074	0.0008935811039629927
-3.000155609908025	0.0008940231000270853
-3.0001556863089966	0.000894465105761583
-3.0001557627149897	0.0008949071211666343
-3.000155839126004	0.0008953491462427023
-3.0001559155420403	0.000895791180990052
-3.000155991963098	0.0008962332254086798
-3.0001560683891775	0.0008966752794988898
-3.00015614482028	0.0008971173432611266
-3.000156221256405	0.0008975594166953405
-3.000156297697553	0.0008980014998023168
-3.000156374143725	0.0008984435925820155
-3.0001564505949205	0.0008988856950347002
-3.0001565270511383	0.0008993278071605315
-3.000156603512382	0.000899769928959878
-3.00015667997865	0.0009002120604328671
-3.000156756449942	0.0009006542015800487
-3.00015683292626	0.0009010963524016394
-3.000156909407602	0.0009015385128975022
-3.000156985893971	0.0009019806830681558
-3.0001570623853646	0.0009024228629140529
-3.0001571388817854	0.0009028650524353225
-3.000157215383232	0.0009033072516319144
-3.0001572918897055	0.0009037494605044279
-3.0001573684012057	0.0009041916790531155
-3.0001574449177335	0.0009046339072782952
-3.000157521439289	0.0009050761451799937
-3.0001575979658726	0.0009055183927583056
-3.0001576744974843	0.0009059606500139582
-3.000157751034124	0.0009064029169470218
-3.0001578275757925	0.0009068451935577084
-3.0001579041224904	0.0009072874798462386
-3.000157980674217	0.0009077297758129147
-3.000158057230974	0.0009081720814581029
-3.000158133792761	0.0009086143967820021
-3.0001582103595785	0.0009090567217847676
-3.000158286931426	0.0009094990564666983
-3.0001583635083042	0.0009099414008283505
-3.000158440090213	0.000910383754869664
-3.0001585166771534	0.0009108261185908154
-3.0001585932691253	0.0009112684919922053
-3.000158669866129	0.0009117108750740168
-3.000158746468165	0.0009121532678368647
-3.000158823075233	0.0009125956702806192
-3.0001588996873347	0.0009130380824057045
-3.0001589763044687	0.0009134805042124247
-3.000159052926636	0.0009139229357009106
-3.0001591295538375	0.0009143653768715148
-3.0001592061860722	0.0009148078277243784
-3.0001592828233408	0.0009152502882597926
-3.000159359465644	0.0009156927584779843
-3.000159436112982	0.0009161352383791928
-3.0001595127653555	0.0009165777279641687
-3.000159589422764	0.0009170202272326063
-3.0001596660852083	0.0009174627361848468
-3.0001597427526887	0.0009179052548214023
-3.000159819425205	0.0009183477831420266
-3.000159896102758	0.0009187903211476433
-3.000108547698333	0.000919565020892542
-2.9997730564112692	0.0009246308839791304
-2.9991242653625787	0.0009341808858648867
-2.99816151780079	0.0009482682148963344
-2.9968846723219684	0.0009671280383009426
-2.9952945020796635	0.000990998642901155
-2.993393469335849	0.0010201818349625943
-2.991186651930364	0.0010550094294071734
-2.9886828556683387	0.0010958275247131156
-2.9858958888471343	0.0011429606703631898
-2.982845959640547	0.0011966588973394698
-2.9795611155741035	0.0012570119023102516
-2.976078588512563	0.001323800854106295
-2.9724458029571648	0.001395908291180701
-2.9687205166832578	0.001467973247101523
-2.964967735275065	0.0015329491255854908
-2.9612109779568034	0.0016139683686634875
-2.9573901249588737	0.0017272598487077
-2.9534319764764474	0.001837460891582483
-2.9492782762540504	0.001959674505836849
-2.944880784633024	0.002096050006114343
-2.9402056422196496	0.002250242967440558
-2.9352354554258575	0.002425438859954869
-2.929971092737686	0.0026267778075085096
-2.9244307376956815	0.002853112359824954
-2.9186503581196437	0.0030994579857198607
-2.912680648930448	0.0033643906512197466
-2.9065558216477196	0.0036272307160998313
-2.900275260682164	0.0038756842147437036
-2.893884651719045	0.004108330775777335
-2.88736435424536	0.004341667768736153
-2.880704264564447	0.004590092055078952
-2.8739125757020867	0.004871862317547295
-2.866953971584698	0.005204452789220004
-2.859827902023646	0.005603319203035048
-2.8525898219474146	0.006079476982647299
-2.845285555424873	0.0066394738054277366
-2.8379666336063005	0.007287501871356137
-2.83064645486274	0.008019860144518037
-2.8232736892744974	0.008844172286662238
-2.8157961965383436	0.00977559273573721
-2.808180822670839	0.01083451914303434
-2.800441292684187	0.012038475089037364
-2.792698817811826	0.013374577153384401
-2.7850322969101384	0.014806896519546725
-2.7774138818554532	0.016303577316698917
-2.76971487682688	0.017879037667264397
-2.7620232796433055	0.019528715938135353
-2.7543634744413685	0.021244873793254727
-2.746686218925802	0.023033169529782953
-2.738984931820677	0.024892754997435415
-2.731283654355218	0.0268002820798476
-2.723588532168171	0.02875174590390457
-2.7159724516076564	0.030713077396287616
-2.7083855644061643	0.032667266334389405
-2.700673069191431	0.03464278442569699
-2.6929211626612677	0.036631752233959904
-2.685168886002494	0.03862547799102457
-2.677416130552424	0.04062480557915937
-2.6696696071934594	0.04262722593309625
-2.6619315436184112	0.04463245435378554
-2.65422070977373	0.04663685224198859
-2.6465007793458915	0.04865067704685107
-2.6387716432031696	0.05066677999343912
-2.6309964444670486	0.052678929559418844
-2.6232184643034997	0.05465758175446731
-2.615430751117724	0.05660677922905403
-2.607633636632463	0.05852937005839118
-2.599827222758788	0.060425394123808256
-2.592015524355843	0.06229710279716046
-2.5841963859496278	0.06414697136520843
-2.576372757216136	0.06597450871381229
-2.5685488333881037	0.06777842674652662
-2.5607542583633602	0.06955809919809487
-2.553068337655445	0.07128846863196321
-2.5454194354419015	0.0729896982181016
-2.537762660968293	0.07469356530479337
-2.5300783418692845	0.07639627706144045
-2.5223215428303227	0.07811038260550643
-2.514519315572465	0.07983728998160376
-2.5067138015968475	0.08156895558561171
-2.4989040116675127	0.08330390607256209
-2.4910899783043265	0.08504168214618216
-2.483271840174255	0.08677932364650885
-2.475435404160239	0.08851137734327799
-2.4675967798294143	0.09022850367095875
-2.45977113156055	0.09193367904160844
-2.4519502463326623	0.09362692967399469
-2.444122872151666	0.09531253300934714
-2.436297272038106	0.09698917879435448
-2.4284724082037563	0.0986513772387548
-2.4206411314666485	0.10030374019538986
-2.4128036971679427	0.10194590859964979
-2.4049644181492313	0.10357837445327517
-2.397123889373147	0.10520561030707849
-2.389278663622286	0.10682985463556875
-2.3814302177586346	0.10844996065656827
-2.3735828426051517	0.1100654240137189
-2.3657356232297286	0.11167550281129651
-2.3579095023339027	0.11327931529916146
-2.35007693670921	0.11488059589630507
-2.342235804246652	0.11647930862235456
-2.334398642960961	0.11807479465435229
-2.326607226286047	0.11965321589063613
-2.3189566343412125	0.12120012052841116
-2.3112188024749387	0.12277083317797109
-2.3034011767582876	0.1243705026164948
-2.2955771016553266	0.12598623226365618
-2.2877478785486844	0.12761341805094414
-2.279917965653142	0.12924932281829726
-2.2720886626585326	0.13089409999980225
-2.2642656110175388	0.13254794327760192
-2.256471160441702	0.1342098948550381
-2.2486879404988365	0.13588131287532726
-2.2408982685423444	0.13755415630250217
-2.233054805103863	0.13922430714483935
-2.225209818386351	0.14086767061225647
-2.2173592916524756	0.1424875777782582
-2.2095033717289496	0.14408778531458066
-2.201643237699295	0.1456708207312654
-2.1937770419442804	0.14723792497855953
-2.185905096662651	0.1487904404698497
-2.1780270510166586	0.15032723811156695
-2.1701394264275606	0.15185038168875353
-2.1622673178625385	0.1533667825930023
-2.1544155817778954	0.1548779656426315
-2.1465583682186797	0.15639160493641038
-2.1387008045534466	0.1579016670272745
-2.1308458180552017	0.15940821299025934
-2.1229968181494296	0.1609085205218052
-2.1151388567251885	0.16240550400451453
-2.1072785018145233	0.16389685689918457
-2.099413041273327	0.1653839015724041
-2.0915496056625633	0.16686639217335808
-2.0836964182017526	0.16835351869555498
-2.0758624208997243	0.169860195045839
-2.068027927332234	0.17139180637474163
-2.0602147617780084	0.17294353821470385
-2.052434293296005	0.17451477851004862
-2.0446451046903915	0.17611112042331065
-2.036832701784305	0.1777308401792736
-2.0290217472793683	0.17936935762098036
-2.021224777447521	0.18102091754673583
-2.01344354643192	0.18268547184061606
-2.00567110515662	0.18437339094230953
-1.9978960120883629	0.1860967747239085
-1.9901236936939257	0.18785107998008382
-1.9823513138955542	0.18963635745116855
-1.9745706608763172	0.1914462140036769
-1.9667968614723597	0.19327451318274488
-1.9590211226033978	0.19512126016382256
-1.9512649467392456	0.19698661601483586
-1.943530995571525	0.19887014418975454
-1.935781683930418	0.20077909683199854
-1.9280719711076246	0.20269824705376832
-1.9205533471889065	0.20459050843910911
-1.913165873792359	0.2064956828343598
-1.905704790209571	0.2084889992335582
-1.8981287296998257	0.2105917681428384
-1.8905279154099788	0.2127878194202512
-1.882939282804818	0.21506065860565576
-1.8753610815512742	0.21740447670557062
-1.8678004916206026	0.21981450746155048
-1.8602845595132957	0.22228294009457122
-1.8528800227174231	0.22477989761728323
-1.8455071682918012	0.22730998081217105
-1.838152803641788	0.22986961979700035
-1.8307982223077846	0.23251164052451143
-1.8233895265770392	0.23524737177748223
-1.815939496604941	0.23803410372297634
-1.8084935838296978	0.24084917190429642
-1.8010560158237894	0.24369376081267258
-1.7936196444918744	0.24656762040060096
-1.7861889041662153	0.24946722220886214
-1.7787613088101397	0.25239246198523513
-1.7713219233231714	0.2553345753948649
-1.7638820376026185	0.25826439793609146
-1.7564226688008941	0.2611591950727295
-1.7489214516868512	0.2640263782621269
-1.7414243350737004	0.2668538316770746
-1.7339087857202724	0.2696399853476814
-1.726371271420319	0.2723938233569233
-1.718821154968533	0.2751163961392195
-1.7112569255380807	0.2778103445776094
-1.703654743485986	0.28047213125643344
-1.6960304356317788	0.28308518000696786
-1.6883893070159999	0.2856506611574339
-1.6807348411984617	0.2881711345738923
-1.6730686451484762	0.2906506901222492
-1.6653912053858224	0.2930895029989504
-1.6577050584726307	0.2954908133539752
-1.650028210733783	0.2978481674560988
-1.642356962800822	0.30017069378723643
-1.6347196640000152	0.3024462141919127
-1.6271498847962451	0.30467673860370714
-1.6194743499372946	0.30692671308446084
-1.6117788120920509	0.30916434406497734
-1.6040754327034101	0.31138591765865536
-1.5963648687301868	0.31359256461303775
-1.5886463364395065	0.31578480247598134
-1.580920813441652	0.31796247680993656
-1.573190945078988	0.32012533064150395
-1.5654593930097687	0.3222726170172655
-1.557727224825383	0.3244107771075096
-1.5500184936025545	0.3265323196860485
-1.5423071965114763	0.32865202668187093
-1.5345990229074387	0.330767752612031
-1.5268862352850083	0.3328735976113647
-1.5191660109586356	0.3349725515892261
-1.5114392741846274	0.3370639187586378
-1.5037065168792316	0.3391480547704698
-1.495967322618939	0.34122477460354006
-1.4882220063746465	0.34329375036587884
-1.4804691983467535	0.3453563073124009
-1.4727088512997388	0.3474325502591211
-1.4650093274524878	0.3495289201239539
-1.4573611611960304	0.3516613627897645
-1.449768988465642	0.35381857202197875
-1.4421535709567892	0.35602009297436915
-1.4345155714632472	0.35825849355077244
-1.4268788548201918	0.36051871961676224
-1.4192436558195083	0.3627987938271353
-1.411611069733236	0.3650989702189639
-1.4039789127292288	0.36741949951532504
-1.3963384848019973	0.36975234832837783
-1.3886572920774893	0.3720866583635217
-1.3809639039324997	0.3743986262997822
-1.373269064387686	0.37669227185030535
-1.3655718979325835	0.37896822625408416
-1.3578814351255462	0.38122724762093735
-1.350206842551954	0.38346685257845353
-1.3425181635057624	0.3856998242297414
-1.33483292587338	0.38791374440382054
-1.3271259413792966	0.39011488557003254
-1.3193620164815367	0.3922982569887808
-1.3115407462995705	0.39442410903999886
-1.3036923799837676	0.39645378859171854
-1.2958215462878067	0.3983915447837886
-1.2879305250397532	0.4002394358570042
-1.280030412162425	0.40200373615041646
-1.2721214958075133	0.4036921988452733
-1.2641958827137043	0.40531316320100313
-1.256276785790981	0.4068585314413957
-1.2483477793734334	0.4083396811082362
-1.2404331842718632	0.40975946207455455
-1.2326504503325506	0.4111107781069594
-1.2250334136981411	0.41241654156748736
-1.2174079942942473	0.4137257421619145
-1.2096927854578154	0.4150561756732065
-1.201860213332469	0.4164212048914542
-1.1940015082828506	0.4178127878906243
-1.1861402198690603	0.41922263483714356
-1.1782804747159397	0.42064935055866165
-1.1704377069342327	0.42208641456140705
-1.1626827913231434	0.42351521701133416
-1.1549421896231833	0.42492888193619144
-1.147143718126521	0.42634067948986054
-1.1392614290565513	0.4277493150124108
-1.1313612601995213	0.4291451705742477
-1.12346908691242	0.4305128104208798
-1.1155692173689333	0.4318608938919009
-1.1076629946977294	0.433190818521034
-1.0997523362609107	0.4345042171543313
-1.091838103589583	0.4357993766518922
-1.083909985866291	0.4370599475718618
-1.075938493230524	0.43825993042961947
-1.0679184493250844	0.4393945232847011
-1.0598857382130207	0.440457692883986
-1.0518921408831574	0.44145395540478305
-1.0438914760229652	0.4423960183061243
-1.035894293136231	0.44328827353109196
-1.0278888046757606	0.4441411351336406
-1.0198805849329484	0.4449506706891394
-1.0118907023338997	0.44570954219519415
-1.0039225033808488	0.44642978640394665
-0.9959853622069628	0.4471272790353057
-0.9880119327825304	0.4478301012257829
-0.9800344744294831	0.4485300694824973
-0.9720570161132501	0.44922488963952917
-0.9640950613542734	0.449919907919926
-0.9561452407970111	0.4506101819096382
-0.9481734836181284	0.4513022293946609
-0.9402013421121959	0.45198969971956926
-0.9322132525954091	0.4526739570680468
-0.9241471203879851	0.4533463558526354
-0.9160655506482314	0.45398249929333423
-0.908010039658403	0.45456854056052154
-0.8999902450293874	0.45510637773419005
-0.8919584836840735	0.45560146768165327
-0.8839272824239972	0.4560555364490408
-0.8759009745628548	0.45647470404681834
-0.8678815820683277	0.4568655189337971
-0.8598812428885404	0.4572239051672664
-0.8518720292316405	0.45755487764215813
-0.8438694997320297	0.45786315502846875
-0.8358450920450311	0.45815116374862624
-0.8278167959845224	0.45841086133494036
-0.8197885759603075	0.458643866751248
-0.8117581951211682	0.4588531457609872
-0.8037342427095906	0.45903889259825115
-0.7957142970830351	0.45919830138495005
-0.7876879389650315	0.4593342410237993
-0.7796632384489323	0.45944824200366347
-0.7716602720112612	0.4595384404237033
-0.7637804813494158	0.45960039036970435
-0.7559125807623529	0.4596070738522031
-0.7479709589766191	0.4595610949965582
-0.7399280632838312	0.45945602321179974
-0.7318598816371035	0.4592879590177109
-0.7237965972166456	0.4590571826113179
-0.7157402336089869	0.4587721447156739
-0.7076909268357725	0.45844122985185876
-0.6996234847253707	0.4580672121546014
-0.6915513132051884	0.45764266029236766
-0.6835505257105651	0.45717628138943867
-0.6755296557179726	0.45667496735267826
-0.6675163220733825	0.45614693755773866
-0.6595067495113858	0.45558359402254395
-0.6515113395634765	0.45499586749119475
-0.643512276028425	0.45438267871704036
-0.6355136208118468	0.4537436075648277
-0.6275150648072653	0.4530808818900638
-0.6195156897343023	0.4523950854870101
-0.6115297081053412	0.45169014664452944
-0.6035713061688934	0.4509784459881576
-0.5956117776730242	0.45027066803027016
-0.5876462334957945	0.44957173840154796
-0.5796916645669242	0.4488725681668626
-0.5717233052446737	0.44817499097669883
-0.5637545466699476	0.4474822681163227
-0.5558014523527299	0.4467888079643195
-0.5478409739295775	0.44609678888919035
-0.5398789439957323	0.44540580685506054
-0.5319128931425646	0.4447141030104008
-0.5239234243617922	0.4440082800846397
-0.5159332987048298	0.4432830883783273
-0.5079434084411758	0.44254213196459
-0.4999540853126073	0.4417860702405076
-0.49196776445051466	0.44101686391554284
-0.4839998712353849	0.44023558041563027
-0.4760519082280404	0.4394373867752753
-0.4680847821518752	0.43862592004605516
-0.46011303928357516	0.43780014584077936
-0.4521592601859908	0.4369660278749286
-0.4442133131665348	0.4361269392344598
-0.43626144346195267	0.4352866558685444
-0.42830497752359	0.43444203259771036
-0.4203453754364203	0.43359336319540304
-0.4123823221888715	0.43274064447537003
-0.40441630345917684	0.4318838718477133
-0.3964488380338011	0.43102294663401025
-0.38848302215408637	0.4301582903803142
-0.3805444272057118	0.4292948872306022
-0.3726700131804897	0.4284336602802827
-0.3648325442366891	0.4275752415721911
-0.3570234035825935	0.42669593759963803
-0.34915544904213397	0.42578074075971506
-0.34120180860428323	0.42482228170923936
-0.33323170572484867	0.423827464898039
-0.32526664312189985	0.4228008087152928
-0.31730212110037553	0.4217437461267488
-0.3093419010820801	0.42065839401693417
-0.3013848795966815	0.4195490289403191
-0.2934284559467103	0.4184164034390814
-0.28546272314057985	0.41725908723326977
-0.27744767870079023	0.4160596179746775
-0.26941809297895186	0.4148027273928242
-0.26143512593909574	0.4135094129316765
-0.2534777641205665	0.4121464839369741
-0.24557279640274296	0.41071596509804037
-0.23767305874856784	0.40924546691582636
-0.22977986795636662	0.40773629082667456
-0.22189313855069787	0.40619277923748853
-0.21401404524771472	0.4046168532952554
-0.2061538760106287	0.40301948286362244
-0.19833447295227205	0.4014288896442686
-0.19051333365709147	0.3998695135723456
-0.18268280065081322	0.39834348155236454
-0.17484299220182542	0.39684649053848675
-0.16698478641105136	0.3953686421993819
-0.1591548561470557	0.39391776862803796
-0.15132584115750777	0.3924767576257031
-0.143480508281652	0.39104978127041146
-0.13563553856071756	0.3896326859647133
-0.1277726981017769	0.3882035744675147
-0.1198526463226561	0.3867201111169015
-0.11194873957532436	0.3851855558725054
-0.1040635510374188	0.3836149869141864
-0.09618299389076408	0.38201714861973907
-0.08830754075967057	0.3803904344513136
-0.0804440609101863	0.37874273335872827
-0.07259185021439422	0.3770765709298507
-0.06476387765257734	0.37539865111248927
-0.05696368691977038	0.37371412749051874
-0.04916305403401293	0.3720060169416997
-0.04134875592494251	0.37028216825803906
-0.03353617970045707	0.3685476418791331
-0.025723079924145603	0.3668024453692446
-0.01790965957963291	0.36504839277566137
-0.01009376136180172	0.3632852199889383
-0.0022765929165450326	0.3615127789328186
0.005540854979261918	0.35973291304374605
0.013358078595808755	0.357946346410802
0.02117652822550114	0.35615452893325367
0.029009033246426636	0.3543511647420343
0.03681212076895067	0.3525450727781524
0.04458691690026511	0.35074756011787883
0.05231546461222923	0.3489571894715749
0.060048967064164654	0.34718433453826847
0.06781946553125917	0.3454309457207993
0.07560201619796107	0.34369458129945074
0.08339338923927943	0.34197431391720123
0.0911930847239245	0.34026990603411655
0.0990012237351301	0.3385802021413718
0.10681931992093403	0.3369031762928982
0.11464899271312406	0.33522611230342514
0.12249496052947279	0.33353440949428165
0.13032978398124162	0.3318313420195718
0.1381452411552958	0.3301232083446817
0.14594115833154991	0.3284125052869266
0.15373306562156797	0.3266884058475208
0.161534504053052	0.32496120475878376
0.16933754044238308	0.32323131051800585
0.1771418523926193	0.3215010940509254
0.1849487109363617	0.3197723836805739
0.19275972761547078	0.31804562008979004
0.2005757762348744	0.31632045060598996
0.2083966614540351	0.31459594773909555
0.2162206023272385	0.31287178790351505
0.22404424930738553	0.3111483278216231
0.23186203067756225	0.30942666340434277
0.2396626652644806	0.30771084358073014
0.2474467466237417	0.3060038677382022
0.2552394422265957	0.30429541584984976
0.26302712699562875	0.302596828081841
0.27082272330684554	0.3009117560451632
0.2786265712255235	0.29923821975391074
0.28643938684322867	0.29757328801807414
0.2942588341796458	0.2959164449399036
0.3020851765807883	0.2942662103681255
0.3099169615049507	0.29262229459544353
0.3177535546575123	0.2909838777235564
0.3255927906697437	0.2893497968573369
0.3334346174927053	0.2877201055872802
0.3412758160022136	0.28609212519134075
0.34907494103119513	0.2844708981891823
0.3568378536890172	0.2828279106827881
0.3646707335530267	0.28112535856059007
0.37252318202146256	0.2793691635270597
0.3803597350532926	0.27756943780753573
0.3881823340508478	0.2757348581294968
0.39599851151557697	0.27387184024960004
0.40381381573587327	0.2719784624909997
0.4116204072231439	0.27005619594591235
0.4194112114324971	0.26811716637595273
0.42719406483780376	0.2661687677047769
0.43497580732782415	0.2642049286745873
0.4427393403799756	0.26223387944128534
0.4504537298387203	0.2602643070414925
0.45817853247638324	0.25827594648878416
0.46591921698269584	0.2562754086587994
0.47366118461613516	0.2542695264989498
0.4814058318762273	0.252257679010946
0.4891532581507412	0.2502393271015039
0.49690291231210304	0.248214601958506
0.5046543332237234	0.2461838519197252
0.5124067111980037	0.2441483280861957
0.5201597513712766	0.24210874853386968
0.5279099281493831	0.24006638586983675
0.5356549797258565	0.2380221195724063
0.543387312456499	0.2359818265902611
0.5510898324782024	0.23394697419922184
0.5588018951451601	0.23190326860446567
0.5665261464215572	0.22985355144623734
0.5742492504418334	0.22779185667333784
0.58193724656059	0.2257390876818866
0.5896502869611692	0.2237039045687547
0.597375293713974	0.2216840390401492
0.6051089013413424	0.21967925223570925
0.6128507534678972	0.21768877043665827
0.6205995289016355	0.215712307733627
0.6283537321793762	0.21374855951782212
0.6361106045423378	0.21179427663177497
0.6438614026315423	0.20985597513356097
0.6516010016159237	0.20793421130510267
0.6593327565670637	0.20600093002009193
0.6671070401170676	0.20402662040866715
0.6748730143839862	0.2020224775936918
0.682633032081096	0.19999556215251083
0.6903903332545009	0.1979474233699457
0.6981435636807979	0.1958811441075512
0.7058934030469945	0.1937979835109231
0.7136390662758701	0.19170207361513378
0.7213831639366176	0.1895963732131945
0.729108518907116	0.1874941731701075
0.7368225007906427	0.18540361005148256
0.7445060577419578	0.18333233876213703
0.7521918798424674	0.18126679641171997
0.759892610734193	0.17919625939979303
0.767605169825253	0.17712586886784557
0.7753207050273818	0.17505791975208007
0.7830414106822109	0.17299255247471063
0.7907673733106673	0.1709291667015675
0.7984911856300891	0.1688709200950774
0.8062079244045811	0.1668329785852747
0.8139075021954804	0.16484225773281622
0.821625179393045	0.1629035009924333
0.829363427978976	0.16100613512670728
0.8371072526331259	0.1591461546054175
0.8448387535310597	0.15732289883459824
0.8525624917156757	0.15555089830316862
0.8603224275452274	0.15380214149460478
0.8680760620462672	0.15208703717666897
0.8757936537906381	0.15042709840601
0.8835541267297499	0.14881848497025
0.8913521053863548	0.1472330237842614
0.8992152534443835	0.14562257943168586
0.9070843494769505	0.14397617597134577
0.9149428889866601	0.1423071227460189
0.9227932893083453	0.14062041457767713
0.9306257045868109	0.13892698516270463
0.9384498754023635	0.13723275013318925
0.9462591644251546	0.135542614164996
0.9540591511330432	0.13385233775176147
0.9618860060393504	0.13215356257405939
0.9696764069159206	0.1304687561110262
0.9774741669149587	0.12880267809785487
0.9852838010800917	0.1271473776244384
0.9931003103454341	0.1255018593930877
1.0009233160140698	0.12386604613450222
1.0087528198272655	0.1222393740894302
1.0165879009773762	0.12062176828644418
1.0244281524058723	0.11901234614276905
1.032264582221573	0.11741225129440765
1.0400675317533745	0.115833226839223
1.0478622494502328	0.11427839487422825
1.0556101849710595	0.1127448884463977
1.0634047721783275	0.11119436975504882
1.071248095036812	0.10962589300790865
1.0790893204026868	0.1080513367438006
1.0869333093962212	0.10647154064167569
1.0947796539496781	0.10488706188865551
1.10262897218639	0.10329789236948143
1.1104864968651877	0.10170190773262061
1.1183600387817765	0.10008451698397429
1.1262287214466484	0.09844272279834239
1.1340860386514238	0.09678041857206145
1.1419261756290802	0.09510282870226254
1.1497394314921943	0.09342372286163914
1.1575406970799327	0.0917264330978033
1.1653529665117652	0.09001017747620232
1.173167233185973	0.08828239075289826
1.1809803945238477	0.08654371788258526
1.1887821610226892	0.08479880324673353
1.1965422872449585	0.08307598632722688
1.204319575673446	0.08139528854540326
1.212116418832224	0.07974952097647021
1.2199237764615785	0.07813746748005311
1.2277449266629898	0.07655761567334418
1.2355732239261914	0.07500633367325696
1.243399899102488	0.07348093034426405
1.25121784839772	0.07198642428359546
1.2590317872373318	0.07051793065097467
1.2668644679433996	0.06906807607078445
1.2747233772793098	0.0676268745809264
1.282586471126298	0.06618703564020191
1.290449989307232	0.06474684357779797
1.2983170518789362	0.06330880576702987
1.306189016196701	0.061872295905755395
1.3140653734200682	0.060437064567279465
1.3219458332617247	0.05900266798795505
1.3298279793359826	0.057568562414315516
1.3377073572956903	0.056135370644063425
1.3455822307024654	0.05470552636274387
1.3534488335410764	0.05327876166821684
1.3613065584226034	0.05184408889156164
1.369148039731486	0.05041739034363068
1.3769657140781637	0.04902707267892625
1.3847542523402845	0.04770910910452136
1.3925462747156687	0.04648580832251559
1.4003724005590865	0.04534378475221337
1.4082170596712948	0.04427866749339245
1.4160808194593943	0.043285944807310434
1.4239569111537411	0.042364043373464486
1.4318418022169475	0.041512272567390644
1.4397379608954843	0.04072930912177989
1.4476276423129415	0.04001102209307776
1.455531231791308	0.03935265252065071
1.463430448957478	0.03875799535801025
1.471307138997896	0.03822657446673822
1.4792078867336864	0.03774797758592108
1.4871344814078382	0.03731778591849218
1.495067359354555	0.0369359594605958
1.5030100359947351	0.03659945632464824
1.5109591296734846	0.03630615861622776
1.5189139264090763	0.03605501540441102
1.526872426173466	0.03584485966662133
1.5348234245141623	0.03567690695981344
1.542765988575332	0.035544339678983856
1.5507292730670985	0.03544613297783204
1.5586917266156268	0.03538302595084593
1.5666641761108904	0.03534937391767045
1.5746376221251546	0.035350174954159264
1.5825886453506464	0.03537956374061866
1.5905532543523795	0.035439061239208224
1.5985194521692525	0.03552490954115011
1.606488069138376	0.03563693566536511
1.614459849915695	0.035774940373592516
1.6224331445593847	0.03593846777457635
1.6304101549781098	0.03612520381503835
1.638390754338538	0.036337620877135074
1.6463613814149076	0.03657069565947354
1.6543378816664494	0.03682362314490788
1.6623147771344213	0.03709556178824483
1.6702907655069097	0.03738501036286709
1.6782593722719952	0.03769367153240349
1.6862020466775396	0.038023894902520096
1.6941509930383434	0.03837535166570663
1.7021224632708722	0.038744861527306884
1.710094522686506	0.03912978295563955
1.7180690041796771	0.039530484309131426
1.7260469550411708	0.03994651462408735
1.7340269840821325	0.040378935441192663
1.74199956559543	0.04082425478833996
1.7499727180698958	0.04128032135091069
1.757948826972842	0.04174759827708791
1.7659263264588427	0.04222442832699661
1.7739018340471504	0.04271150438920378
1.781870668589848	0.04321036533246683
1.7898158231275187	0.04372293798858673
1.7977634802046394	0.04424795352866286
1.80573225580401	0.04478637817748843
1.8137005507335164	0.04533436648249403
1.8216708175221923	0.04589312012063478
1.829644164896216	0.04646182115282979
1.8376210241548707	0.04704451415974915
1.8455876546078638	0.04763266101635747
1.8535576905730684	0.0482276812126055
1.8615299417138889	0.04882893325855438
1.86950422636734	0.04943559951317993
1.8774784827349658	0.050047542834934254
1.8854497242489976	0.05066646404563213
1.8934011328702867	0.051294882544932204
1.9013462360755722	0.051929981655933315
1.909311428978299	0.05257595944918134
1.9172759366262615	0.05322770130432882
1.9252423591614716	0.053886504534193504
1.9332121829906173	0.05455215533835309
1.941182144464216	0.05522888838824807
1.949143466792004	0.0559070691281978
1.9571095692213727	0.056589939222092385
1.965077279622838	0.05727633990680083
1.9730470969390488	0.057966421093671235
1.981016744827877	0.058659904651830214
1.9889825259973648	0.05935757907441707
1.996929434862695	0.0600630275472835
2.0048693584174027	0.06077267171289719
2.0128301593997175	0.0614914896037889
2.0207908956557383	0.0622142918001217
2.028754056888186	0.06294197954770063
2.036718769360432	0.06367459953098506
2.044682896700669	0.0644154409169103
2.052638901178519	0.06515574421044205
2.060601109866527	0.06589996260096384
2.0685651080233094	0.06664623197358842
2.0765314419764582	0.06739468626405272
2.084497136553682	0.0681453166025935
2.0924591415410343	0.06889848314053595
2.1004029739521743	0.06965820080929415
2.108338910139932	0.07042061213680079
2.116296029772807	0.07119128940693267
2.124253401873274	0.07196474347350819
2.132212843816902	0.0727419284664145
2.1401729684198822	0.07352333270309602
2.1481317212284825	0.07431104045124574
2.1560841721182733	0.07509737156518866
2.1640430375817776	0.07588684003194067
2.172003828906875	0.0766772888145122
2.1799666650858005	0.07746925332857832
2.1879288373970183	0.07826284364387971
2.1958877636837437	0.0790580899734954
2.2038283528647673	0.0798587738335801
2.211761925659122	0.08066110373930656
2.2197174751879483	0.08147079239990053
2.2276728221232087	0.0822815270741495
2.23562901650078	0.08309480434565453
2.243586291963995	0.08391192201117113
2.2515411709577946	0.08473412662524711
2.259491539240878	0.08555492296551227
2.267447476114925	0.08637809551483129
2.2754056340120257	0.08720179004896506
2.2833658034316726	0.08802642152947258
2.2913252345670605	0.08885227205232013
2.2992808662895063	0.08967927306421958
2.307218222758288	0.09051127650064458
2.3151490058182596	0.091344786454301
2.3231018163039407	0.0921852602677859
2.3310546203289784	0.09302641928041494
2.339007905101801	0.09386964976645804
2.3469625166200894	0.09471659559493456
2.3549139062089295	0.09556751478006355
2.362862102961099	0.09641702110272272
2.3708150480788763	0.09726849269233785
2.3787703501141944	0.09812064360507707
2.3867280183796082	0.09897346270141155
2.394684879588415	0.0998271719096001
2.4026377798990524	0.10068181272824331
2.4105719630862574	0.10154118424767836
2.418500777349502	0.10240203475930115
2.4264500376502807	0.10326983286628796
2.4344002100432087	0.10413852428874733
2.442351053587551	0.10500886735553278
2.450301260787648	0.10588278259091972
2.4582460236379178	0.10675880939333288
2.4661923606794454	0.10763383421059913
2.4741425461590487	0.10851074684985541
2.482095548861727	0.10938807312921417
2.490050781590036	0.11026579701413278
2.498005091921399	0.1111442941778607
2.50595542141367	0.11202370083092918
2.513887168092402	0.11290760387696738
2.5218135470561283	0.113793171469564
2.5297602208435226	0.11468570505726851
2.5377067851485946	0.11557932221349192
2.5456291688357604	0.11647471528405845
2.5533857028890568	0.11737086827561741
2.560908784053743	0.11828953910477928
2.568151769013471	0.11924282554382254
2.575079872333677	0.12023497778690263
2.581669735724988	0.12126549099722161
2.58790969681565	0.12232784518926162
2.593798175680463	0.12341244918396012
2.5993417006135697	0.12450843266952095
2.6045527614904582	0.12560492928941092
2.6094477328395325	0.1266919038468459
2.6140450279885714	0.1277605757406168
2.6183636306701814	0.12880332149869178
2.6224216539523257	0.1298142455438231
2.626235633778421	0.13078805260794843
2.6298198698838218	0.13172015452395128
2.6331856890849314	0.13260885829847988
2.6363382926856986	0.13344908145231615
2.6392790852320553	0.13423723280857142
2.6420095667668053	0.13496946955020359
2.6445310330707223	0.13564306204858523
2.6468445886198957	0.1362557859883212
2.648951080776425	0.1368061302450426
2.6508510896364497	0.13729325992832045
2.6525449253227005	0.1377170729336034
2.654032655008761	0.13807821604873297
2.655314080638715	0.13837811876217548
2.6563891202916254	0.13861908199815098
2.6573152031502287	0.13881632801414218
2.6581471790603888	0.1389845038832235
2.658894997378877	0.13912867935418116
2.6595586401488425	0.13925119592125354
2.6601212691130525	0.1393514623111598
2.6605824632370703	0.1394312043682445
2.660936975022814	0.13949094746978896
2.6611834003269492	0.13953198734587557
2.661328281501455	0.13955592405873302
2.661375283720098	0.13956239641274845
2.661397118883279	0.139566338484314
2.661426144816515	0.13957106999158272
2.66145093913583	0.13957542389488567
2.661476363300728	0.13957969666978337
2.6615018153008556	0.13958391073004142
2.6615266629932908	0.13958803403247844
2.661551838298889	0.13959210030569333
2.661576453185286	0.13959609414011412
2.661601252924688	0.13960003488596337
2.661626068996302	0.13960391145977738
2.661650242430257	0.13960771469334884
2.6616746078856437	0.13961145709068593
2.6616982566780596	0.1396150466254735
2.66172201645961	0.13961864640574254
2.6617460087170057	0.1396222131038313
2.661769470455677	0.13962571801667578
2.6617923651032656	0.13962907320916015
2.661815340665928	0.1396324131290099
2.6618382454234246	0.13963574419356647
2.6618605800860085	0.13963892139253842
2.661882516290678	0.13964208005845555
2.661903625118694	0.13964508670144368
2.661924306957721	0.13964799334398015
2.6619451131806553	0.13965087372919102
2.6619657035654916	0.13965375380695041
2.6619855330069884	0.1396564705521997
2.6620050935010555	0.13965914005171418
2.662024577783878	0.13966177941519697
2.6620439585298126	0.13966437461484796
2.6620632508855984	0.13966693738620656
2.6620824530229097	0.1396694671306516
2.6621011791803477	0.1396719647208263
2.6621191594177787	0.13967430809140435
2.662137056956772	0.1396766280517969
2.662154873447195	0.13967896825113296
2.6621723355598377	0.1396811939596488
2.6621895984581445	0.1396834292945916
2.662206573648861	0.13968558015789154
2.6622235028465226	0.1396877324180859
2.6622401245394878	0.1396898564529595
2.6622563650669715	0.13969187577125147
2.662272322370557	0.1396939261370101
2.662287804669744	0.13969583913318914
2.662303305231726	0.13969778536731947
2.662318705774022	0.1396997087715198
2.6623339256182263	0.13970157733277086
2.662349089904527	0.13970344310661065
2.6623640861091222	0.1397052836533928
2.66237888842646	0.13970707101581822
2.662393415412124	0.13970886544996872
2.662407541608634	0.13971054712446032
2.6624214660610077	0.1397122681210667
2.6624350572078788	0.13971388567533308
2.6624487476802505	0.1397155258417378
2.6624622646482106	0.13971719452859574
2.662475185269727	0.13971870659614552
2.6624879877890617	0.13972024432951177
2.662500762150862	0.13972177173827227
2.6625135844628782	0.13972327731722878
2.6625264979261374	0.1397248038204836
2.662539089949957	0.13972630753570617
2.6625511570559497	0.13972767964474955
2.6625630771197852	0.1397291145676229
2.662574713606569	0.1397304637744088
2.6625862992260476	0.13973182628475156
2.662597828913631	0.13973317674474955
2.6626092842734383	0.13973450375901483
2.6626207053722832	0.13973582485232217
2.662631968169801	0.1397371396044825
2.6626430056224955	0.1397383895385556
2.662653881051284	0.13973966894868461
2.6626643588544296	0.13974086991667953
2.6626746411001188	0.13974204836047166
2.6626849139264035	0.13974324185206582
2.662695177941362	0.1397444189383171
2.662705443400167	0.13974559612593407
2.662715571249437	0.1397467685130476
2.662725404090667	0.1397478650678592
2.6627351611135976	0.13974899868562007
2.662744770617775	0.13975008224691657
2.662754258207313	0.13975118415501667
2.662763533521712	0.13975222203476595
2.662772868754739	0.13975327947696545
2.6627822815504745	0.13975435452609528
2.6627916835955308	0.13975542231798138
2.6628003700786937	0.13975639831251824
2.6628087075170366	0.1397573618194751
2.6628168861167296	0.13975829413919033
2.662825099037011	0.13975925769018852
2.662833353751148	0.13976019847462354
2.6628416886499022	0.13976116546921336
2.6628499757232595	0.13976212247729786
2.6628578866486246	0.13976300488506782
2.6628657925451575	0.13976391912661154
2.662873674796148	0.139764822319398
2.662881529403254	0.1397657185669883
2.6628892643793267	0.139766621048638
2.6628967512962847	0.13976746753487748
2.6629041517536898	0.1397683135587921
2.6629114775233242	0.1397691694936698
2.6629186845400397	0.13976998646694133
2.662925405480765	0.13977049171831232
2.6629386010740768	0.13977221554935543
2.6629521822300597	0.13977346241280184
2.662963413954271	0.13977441002727933
2.6629744576606567	0.13977537777876897
2.6629857086462545	0.13977646535986582
2.6629967359745614	0.13977744020739152
2.6630074816172424	0.13977845455406496
2.663017856577874	0.13977934665588143
2.663028194807859	0.13978030966687063
2.663021560074639	0.13977997247201346
2.662992337969066	0.13977883251968126
2.6629908499618007	0.13977982655202859
2.663015491802776	0.1397818960081643
2.6630496714547283	0.1397850414796783
2.6630827658509437	0.1397875834168465
2.6631137340214104	0.13978962165732786
2.6631442959833516	0.13979177839314866
2.6631741305856713	0.13979386397953122
2.66320298899232	0.13979571076081096
2.663231227488633	0.13979750246724226
2.663247838213634	0.1397988681754602
2.6632558236626664	0.13980011539155485
2.6632707530485185	0.1398016225447961
2.66329059749582	0.1398031767158784
2.6633116510647663	0.1398046954205771
2.663332521611202	0.13980613147431573
2.663351270185189	0.1398074385867107
2.663366223629935	0.13980862300687286
2.663376282077202	0.1398096133295515
2.663396301842782	0.1398104443775535
2.6634137068464914	0.13981079231507512
2.6634168053918894	0.13981149671565926
2.6634115937574907	0.13981180901540524
2.6633966206409503	0.13981226311386755
2.663381787526704	0.13981270430785137
2.663381794426714	0.13981333052567044
2.6633942653314633	0.13981376018563743
2.663407001489642	0.1398140286462012
2.663419048895234	0.13981423586657676
2.663429087658841	0.13981457004923667
2.6634373271792393	0.1398150216157944
2.663446154686641	0.1398154221364073
2.663455926844587	0.1398157842231849
2.6634651695997884	0.13981609882857682
2.6634733189502273	0.1398164538991104
2.6634801926186564	0.13981679261354024
2.663486150032724	0.13981718725272924
2.663493262156529	0.13981753875261427
2.663502144408719	0.13981781062629145
2.663511521078579	0.13981806566635263
2.6635179424456794	0.13981821596045288
2.663521519809121	0.1398186020875568
2.6635266303081497	0.13981896018405765
2.6635346702756393	0.13981915150711186
2.6635425737059037	0.13981929859216546
2.66354858836326	0.1398195006924181
2.6635532273598472	0.13981977887433508
2.6635590095849455	0.1398200399201772
2.663565649913872	0.13982018188771425
2.66358026613119	0.13982131638609488
2.663581617437424	0.13982368457318312
2.66357558904869	0.139824270522866
2.6635728000423873	0.13982448698202155
2.6635674528323503	0.13982488123062337
2.6635668000820396	0.1398255901859552
2.663566427037354	0.13982607454805898
2.6635656473043077	0.13982634207902536
2.663564952119019	0.13982666817063147
2.6635643479925326	0.13982707993656593
2.6635637031301345	0.13982746832378462
2.663562978557341	0.1398278594048645
2.663562215475927	0.13982825438666305
2.6635615000026633	0.1398286624676681
2.663560842861005	0.13982907235274286
2.663560195206647	0.13982947387420355
2.6635595462089947	0.13982987597594151
2.6635589006743072	0.13983027896122183
2.6635582601148338	0.13983068270972784
2.6635576186952417	0.1398310853255704
2.663557028053503	0.13983149432705297
2.6635565209704417	0.13983191336274486
2.6635560294372076	0.13983231627271403
2.663555530416665	0.13983271887926826
2.663555022748484	0.1398331211012691
2.663554470026975	0.13983351990566184
2.66355385590758	0.13983391249185814
2.6635532939137243	0.13983432653143435
2.663552809373716	0.1398347460688817
2.6635523321303487	0.13983514877539616
2.6635518063852603	0.13983554678070562
2.663551221990106	0.13983594038679922
2.6635506396491047	0.13983634948209522
2.6635500931821317	0.13983675844490173
2.66354959559904	0.13983717434144238
2.663549069022896	0.13983757268896532
2.6635485067009017	0.1398379719037597
2.663547984837869	0.13983838502748744
2.663547518934283	0.13983880239344337
2.6635470289132757	0.13983920176505016
2.6635464580730073	0.13983959575918958
2.663545905891173	0.13984000176072278
2.6635454756836903	0.13984043755531747
2.663545094203136	0.13984084602614053
2.6635447418756084	0.13984126388530618
2.663544353167877	0.13984165690304198
2.6635439503829352	0.1398420663384587
2.663543525961865	0.13984246739099312
2.6635431181703195	0.13984288000106693
2.663542740581447	0.13984329481175303
2.6635423566546192	0.13984370156069362
2.6635419482864955	0.13984410258577976
2.6635415414391685	0.13984451336195666
2.6635411349847615	0.13984492126722375
2.663540728279809	0.13984532985341772
2.6635403215449345	0.13984573843087184
2.6635399505988784	0.13984615451553087
2.663539628359043	0.13984657730961567
2.6635393030105052	0.1398469815620544
2.6635389498619615	0.139847386313032
2.6635385802531997	0.13984778947982365
2.663538241890196	0.13984821102975645
2.663537901635518	0.1398486167788136
2.663537609586793	0.13984904095370523
2.6635373842948877	0.13984947457117505
2.663537118555934	0.13984986490827547
2.663536804067888	0.13985026239671813
2.6635365264845605	0.13985068740328885
2.663536295825017	0.13985111442346992
2.663536027681291	0.13985150969549898
2.6635357310921095	0.1398519114862269
2.6635354939772635	0.13985234796750895
2.6635352988940455	0.13985277270951543
2.66353506758159	0.1398531661653761
2.663534791409673	0.13985356363468182
2.6635345181029026	0.13985398083408426
2.663534285836885	0.13985440688874431
2.663534111466832	0.1398548436876442
2.663533907179337	0.13985523458888202
2.6635336692470024	0.13985563711395635
2.663518406869087	0.13985409501908366
2.663500481945573	0.13985470673741915
2.6635074417835534	0.13985481141694872
2.663516072499684	0.13985496070385176
2.663524266778071	0.13985508093811014
2.663530801071758	0.13985513919529874
2.6635358207664845	0.13985510869917994
2.663540952994213	0.13985531884357352
2.6635461985909252	0.13985550070997568
2.663551430764676	0.13985567277369845
2.663560826824214	0.13985613671231079
2.6635553162839836	0.13985637850137858
2.663550637369467	0.13985582747596936
2.6635497277844875	0.13985668331904638
2.663551932811359	0.1398569588429889
2.6635539962205064	0.1398571261034062
2.663555147639055	0.13985720435216076
2.663555452880403	0.1398572862904813
2.663556670074504	0.13985748558616282
2.6635583767194024	0.13985761397318838
2.6635590297885035	0.13985775232381145
2.663559350756601	0.13985797807727704
2.6635604478315775	0.13985816093401562
2.663561746412276	0.13985829944169298
2.663562542508379	0.13985846486992187
2.663563119493856	0.1398586539946037
2.663563979234255	0.13985883543082098
2.6635649951533855	0.13985899253194156
2.6635657640608867	0.13985916016887323
2.6635664923702334	0.1398593394381548
2.6635673986075883	0.13985950178487386
2.6635682111926675	0.13985965411248116
2.663568771492662	0.13985982066772962
2.663569275710434	0.13985999869189292
2.6635697690092828	0.13986018456073662
2.6635706822300453	0.1398603560273094
2.66357148221436	0.13986049470645218
2.6635719651077636	0.13986067059649143
2.6635724992586045	0.13986084064359292
2.6635730955939745	0.13986100959813957
2.663573814241102	0.13986116495257217
2.6635742460367857	0.13986131718747152
2.6635746096670747	0.1398614985706857
2.6635751340210456	0.13986166040923864
2.6635756202766214	0.13986182244931664
2.663576098862136	0.13986198187326132
2.663576441969609	0.13986214164344052
2.6635767589670865	0.13986231683276024
2.6635772355414864	0.13986247674480567
2.6635776055364904	0.13986263139124352
2.66358075892859	0.13986547873683428
2.663577550198143	0.1398668818000853
2.663574814985753	0.13986723882336352
2.663572199361833	0.139867648864138
2.6635683442819067	0.13986803494244912
2.6635665505456814	0.13986834974167428
2.6635649549016427	0.1398687471311825
2.663563281985222	0.13986914202459852
2.6635614436961794	0.1398695202368423
2.663559636323359	0.13986990025632282
2.6635505306954124	0.13986837435049343
2.663547022106965	0.13986784194123483
2.6635493853959358	0.13986820445513284
2.663551591502702	0.13986837839499638
2.6635532357929295	0.1398685416869035
2.6635524185576243	0.13986855720938102
2.6635522508515144	0.13986859395511525
2.6635527970112354	0.1398687247493496
2.6635536492976537	0.13986879986316833
2.6635544253505135	0.13986894022071192
2.6635548933921345	0.13986909763645103
2.6635551339018004	0.13986924686449775
2.6635552608898165	0.13986943986995562
2.663555813083128	0.1398696117987702
2.6635563398785274	0.13986975449713182
2.663556586103649	0.13986992480420393
2.663556936958864	0.1398700952838238
2.663557338486376	0.1398702537754966
2.663557790225004	0.13987040502210266
2.663557976957235	0.13987055256521158
2.6635609278774415	0.13987340741272716
2.6635576346048895	0.1398748070193125
2.663554851700301	0.13987517669326777
2.663552215408539	0.13987559370693362
2.6635495835077974	0.1398760021792526
2.663545810546185	0.1398763934697086
2.6635439502145006	0.13987671526142206
2.663542162246185	0.13987712974919636
2.663540277728549	0.13987751255018258
2.6635384489699514	0.13987790054898458
2.6635294072594506	0.13987634523868606
2.66352588707567	0.13987584938820863
2.663527774278658	0.1398762568639226
2.663528952415781	0.13987638909544423
2.6635295104539716	0.1398765336163017
2.6635295465207762	0.13987659937957903
2.6635300276779885	0.13987668673060366
2.6635305875551105	0.13987678039262974
2.663530969388702	0.13987685919770415
2.6635314943939825	0.13987693477517074
2.6635318957722203	0.13987709150664984
2.663532184532274	0.13987726959514496
2.6635326179590675	0.13987743456403517
2.6635330361888205	0.13987759525472895
2.6635333777269414	0.1398777615802633
2.663533735440897	0.13987792931291768
2.6635341323858617	0.1398780917211775
2.6635344744371894	0.1398782544141696
2.663534900486562	0.13987841127059722
2.6635351482121155	0.13987856271047985
2.6635382019737595	0.13988140447532574
2.663534838579231	0.13988279797527262
2.6635320527881414	0.13988316856510408
2.663528275837763	0.13988357421692815
2.663526383177784	0.13988390512003518
2.663524562035585	0.13988432707887385
2.6635226331849466	0.13988472157895168
2.6635207128219816	0.1398851168415195
2.6635188397273404	0.13988550286396262
2.663517038137959	0.13988589181139807
2.6635079971687645	0.13988434040458725
2.663504571083216	0.13988384428688547
2.6635067851889405	0.13988421294189177
2.6635088698685165	0.13988439280271386
2.6635103764780315	0.13988455065155184
2.663509371865906	0.1398845674149742
2.6635088552668855	0.13988461441394187
2.6635099709628745	0.13988473758801578
2.663510715791666	0.13988484924474553
2.663510621957403	0.13988491278337611
2.6635126616568567	0.13988771621817173
2.663510431137971	0.13988920667387433
2.6635077837228467	0.139889587894032
2.6635052049953303	0.13988999409627464
2.6635014983278427	0.13989038478242724
2.6634996486870715	0.13989070668278838
2.6634978925760833	0.13989112036120407
2.6634960279601914	0.1398915037163273
2.663494236121162	0.13989188775928993
2.6634925107057312	0.1398922680357847
2.6634836409555547	0.13989076125320382
2.663480192567607	0.13989021526938222
2.6634824979362053	0.13989057911253314
2.663484291415109	0.1398907988522232
2.6634846417267752	0.1398908787551827
2.663484867778212	0.13989094140388766
2.6634851033100353	0.13989104037122066
2.6634847842811884	0.13989112219403194
2.6634856098087387	0.13989118944424359
2.6634866358870677	0.13989131345631
2.663486934433406	0.13989141882721323
2.6634870152869476	0.1398916032116224
2.663487356821072	0.1398917831494745
2.663487842122473	0.1398919374320768
2.6634881575408618	0.1398920994546924
2.6634884416711215	0.13989226895221893
2.6634887705288377	0.13989243365579268
2.6634890917955034	0.139892597796983
2.663489505584595	0.13989275179137034
2.663489679821956	0.1398928988241662
2.6634900843650073	0.13989306770068716
2.6634922208966905	0.13989603674404744
2.6634888787129176	0.13989740755308894
2.663485036110675	0.13989775758541276
2.6634832423168606	0.13989809674491968
2.663481498933714	0.13989852120176616
2.6634796136794945	0.13989891742264499
2.663477754959452	0.13989931122569765
2.663475940095432	0.13989970302643617
2.6634741211470154	0.1399000937167917
2.663464980282132	0.13989854860613138
2.6634615744300785	0.13989804314381152
2.663463848468204	0.13989841958180033
2.663465993875329	0.13989860222642694
2.6634675121134026	0.13989876344999205
2.6634663830919334	0.13989877681271884
2.6634662297565863	0.1398988140260522
2.6634664656401545	0.1398989678361191
2.6634671508953924	0.13989903125161732
2.663467867327893	0.1398991532459399
2.663471062625455	0.13990189052625884
2.6634676709039957	0.13990326844316844
2.6634648506341083	0.1399036355862934
2.6634621993709233	0.13990405439669493
2.6634582168745933	0.1399044471405918
2.6634563707170855	0.1399047620943331
2.6634546519389004	0.13990517910432682
2.663452841010567	0.1399055681460593
2.6634510674975527	0.13990595394998698
2.663449332210163	0.13990633936373745
2.6634403757758043	0.13990481782568837
2.663436994460315	0.13990428785771564
2.663438902644939	0.13990469788590476
2.6634401779506134	0.1399048360742467
2.6634409227361244	0.13990497779980582
2.663441142260321	0.13990504135343584
2.6634407461256506	0.13990513625482817
2.663441316339555	0.13990519184119551
2.663442457882968	0.13990532092421779
2.663442623895815	0.13990539778301683
2.6634430557037647	0.13990555299981167
2.663443496692836	0.13990569233579553
2.663443589389603	0.13990587346094296
2.663443932614723	0.13990605285399804
2.66344443092788	0.13990620258833214
2.6634446656978157	0.13990636170249054
2.6634448752868405	0.1399065379597756
2.6634452022726416	0.13990670061632954
2.663445481156676	0.13990686403838415
2.663445762884956	0.13990702763293802
2.6634459862212383	0.13990718818086417
2.6634489692696657	0.13991002815325357
2.663445582263175	0.1399114584261638
2.663441850315453	0.13991181146964132
2.6634399444400816	0.13991216825480393
2.66343806872182	0.13991258819958427
2.663436164043084	0.139912985327955
2.663434301865254	0.1399133836612223
2.6634324697731135	0.13991377382252168
2.663430681493	0.13991416595004427
2.6634217532188544	0.13991261251402956
2.6634183266496727	0.1399121230197901
2.6634204830745136	0.13991249558130678
2.6634220731899894	0.13991272413469988
2.663421771415383	0.13991278126486317
2.6634209404297047	0.13991285821091645
2.663421797174361	0.13991295488023164
2.6634226775186223	0.1399130899170871
2.663422591533903	0.13991315860566966
2.6634226758734387	0.1399132279014287
2.663423425574798	0.13991335404483105
2.6634257222063784	0.1399162363878054
2.6634224146708916	0.1399176070908375
2.6634184836561667	0.1399179586232415
2.6634167103013517	0.1399182896658632
2.663414990028536	0.13991871543427872
2.6634131102739027	0.13991911022804748
2.663411242579014	0.13991950460855793
2.663409413542527	0.13991989413307404
2.663407623093165	0.13992028226915845
2.6633986238055303	0.13991872777778144
2.663395196408432	0.1399182337311357
2.663397445010191	0.1399186031889547
2.663399133448184	0.13991883491140727
2.6633989993419562	0.13991889702829713
2.663398787670327	0.13991896090227512
2.6633987488608635	0.13991907711439017
2.6633993860495373	0.13991915670702787
2.6634002549941744	0.13991927226487663
2.6634003114364417	0.13991934928195474
2.663403421900751	0.1399221471768586
2.6634002783351534	0.1399235355481483
2.663397598096438	0.13992389936559063
2.6633938782115116	0.13992429506399978
2.663392122631595	0.13992461831827796
2.6633904361069436	0.1399250335010237
2.663388631067814	0.13992542243061665
2.6633868219545866	0.13992581162375595
2.663385062149263	0.1399261923329021
2.663383371991118	0.13992657625389804
2.6633743797312026	0.1399250977655739
2.66337104290952	0.1399245173470445
2.6633734273835934	0.13992488914175782
2.6633752246734703	0.1399251174576655
2.6633753456518674	0.1399251839646226
2.6633751844374576	0.13992525067462133
2.663375183232585	0.13992535362874564
2.663376155029213	0.13992543104246472
2.6633772543253857	0.1399255503448702
2.6633774094036884	0.13992561650522417
2.663377553060198	0.1399257848193838
2.6633781021515732	0.1399259548702767
2.663378506523127	0.13992610102851383
2.6633787118976295	0.13992627733956106
2.6633790151397303	0.13992644799901652
2.663379385041109	0.13992661239553958
2.663379682082863	0.13992677526694425
2.6633799974290975	0.13992694033408523
2.66338024376129	0.13992710046844786
2.6633804189600405	0.13992727560157778
2.663383525783234	0.13993011623679041
2.663380243394285	0.13993151294395342
2.663377501601124	0.13993188550071747
2.6633737211991937	0.13993229090601714
2.663371875599392	0.13993261977649546
2.663370125036295	0.1399330431834785
2.663368263507843	0.13993343935895156
2.663366396931447	0.1399338352168336
2.66336456813924	0.1399342233648997
2.6633627938213946	0.13993461344740846
2.6633536240308042	0.13993310201319553
2.663350332130011	0.13993255954476413
2.663352666154247	0.13993293915832353
2.6633544315732993	0.13993317008066214
2.6633545777568832	0.13993323734108346
2.663354229439772	0.13993330639881388
2.6633540787539625	0.13993340373270433
2.6633549154474094	0.13993349305686173
2.663355766604606	0.13993361299458468
2.6633557957035996	0.139933682263147
2.6633591301325614	0.1399364888741099
2.6633558521109797	0.13993789584054256
2.663351889493644	0.1399382369713554
2.663350167417783	0.13993856820752046
2.663348589678333	0.13993897938263875
2.6633468960222237	0.13993938085450422
2.663345059227789	0.13993976979592762
2.6633432722602186	0.13994015535357948
2.663341547663905	0.1399405426172224
2.6633398306752225	0.1399409249552155
2.6633381299039733	0.13994130770566002
2.6633293021654163	0.13993977764232762
2.6633257601366327	0.13993925212120772
2.6633276734416516	0.13993965886982684
2.663328992562734	0.13993980289042243
2.6633297156961273	0.13993994566352708
2.663329686102755	0.13994001347426638
2.6633299932375936	0.1399400938839263
2.663330517597121	0.13994019094947027
2.6633309213693774	0.13994027575519402
2.663331456323053	0.13994035313771955
2.663331874789204	0.1399404783180271
2.6633319752985884	0.1399406559768595
2.6633322949482383	0.1399408282025379
2.6633325922045468	0.13994097990752152
2.6633327315986604	0.13994115670336035
2.6633328590278564	0.1399413410513556
2.6633332709368505	0.1399415183004598
2.663333822442463	0.13994165583681548
2.6633338479471624	0.1399418027463537
2.663336480323719	0.13994468535538035
2.663333340502309	0.1399461089449317
2.663330627020755	0.1399464836356475
2.663326689045874	0.1399468831127916
2.663324891965847	0.13994719930100655
2.6633232983977537	0.13994761540035697
2.6633216804408866	0.13994800808236887
2.6633199700055514	0.13994840599618835
2.663318141025546	0.13994879352095485
2.6633163699918736	0.1399491764262809
2.663307511488753	0.13994768384788672
2.66330418100751	0.13994712717219274
2.663306477091681	0.13994750028452665
2.6633082347408297	0.13994772952389362
2.663308215038803	0.13994779907864305
2.66330803930538	0.13994786247787327
2.6633081590571104	0.13994797239528084
2.663308880530112	0.13994805662016366
2.6633097277431346	0.13994816582653197
2.663309875162104	0.13994824193377187
2.663310232672407	0.13994836455996362
2.6633105634403895	0.13994853290186773
2.663310807477064	0.13994871310483564
2.663311210124451	0.13994887855277408
2.663311576168176	0.1399490393768445
2.66331181916022	0.13994920750677273
2.6633121865483824	0.13994937022617396
2.6633124098747416	0.1399495229739417
2.663312507218107	0.13994970424256084
2.6633127787342556	0.13994987669908493
2.6633148710081476	0.13995268357980067
2.663312593257741	0.13995419400882586
2.6633087080217273	0.13995460625805528
2.6633066311422993	0.1399549385938286
2.6633047941006978	0.1399553641899655
2.6633029574475655	0.1399557683578521
2.6633011108321036	0.13995616880766146
2.6632992866828187	0.13995656358957054
2.6632974963292275	0.1399569587346103
2.6632956990252965	0.13995735122055877
2.6632939098980724	0.13995774122357574
2.6632901192333573	0.13995811798159627
2.663285417749845	0.13995654073610395
2.6632837922027837	0.13995629274150018
2.6632852636874507	0.13995657715303012
2.6632857486221897	0.13995671721073943
2.6632856964608003	0.13995679386859444
2.6632855880559343	0.1399568994702647
2.6632859036493945	0.13995698730783954
2.6632864341691294	0.13995709997917555
2.6632864510109457	0.13995718958210948
2.663287203673183	0.1399572602724589
2.663287629958707	0.1399573791509256
2.6632876881880603	0.13995743513313583
2.6632880637831833	0.13995759038024547
2.663288314111498	0.13995775530492288
2.663288505431104	0.1399579262471929
2.663288751641024	0.13995809458780517
2.6632889910713957	0.13995826016290894
2.6632892416537	0.1399584238740127
2.6632922253057667	0.13996124952904207
2.663288717034548	0.13996268131114087
2.6632847645275306	0.1399630368592269
2.663282922258903	0.13996338920795973
2.663281102540942	0.13996382006432267
2.6632791708798296	0.13996422511651482
2.6632772442217165	0.13996462783264543
2.6632753592131606	0.13996502276833547
2.66327358165526	0.13996541761116618
2.6632718047927244	0.13996581060901797
2.6632628626707024	0.1399642607397634
2.6632594722086664	0.1399637681830518
2.6632616233871254	0.1399641481520906
2.663263224005057	0.139964379144193
2.663262989182838	0.13996443650367912
2.663262394278265	0.1399645000913918
2.6632619765113428	0.1399646188752522
2.6632628155832223	0.13996471014971767
2.6632635234285305	0.13996484710577478
2.6632636274244588	0.1399649071705558
2.66326672521547	0.13996764720372942
2.6632633507543093	0.1399690316798017
2.663260558092689	0.13996940253784304
2.663256776527947	0.13996980801190556
2.663254877434349	0.13997014012942435
2.663253096036751	0.13997055932700614
2.663251249605755	0.13997095540820892
2.663249456016466	0.13997134356851942
2.66324775718572	0.13997173371922145
2.663246017419489	0.13997212391488464
2.6632367546578313	0.13997062251935646
2.66323344739617	0.13997006377391635
2.6632358183861653	0.13997044664980732
2.66323757448013	0.1399706823231439
2.663237422065556	0.1399707449517767
2.6632371800273904	0.13997080881891533
2.663237595286874	0.13997091762154887
2.663237412396814	0.13997102512622472
2.6632380494609236	0.13997108761353952
2.6632390330440505	0.13997121504454554
2.663239325470041	0.139971330391933
2.6632395109981783	0.13997151749465406
2.6632398560721695	0.13997168822828557
2.663240232633438	0.1399718534505669
2.6632405353126	0.13997202286411323
2.663240835722282	0.13997219414647122
2.6632411876647595	0.13997235931119736
2.663241460639922	0.1399725241155868
2.6632417505199957	0.13997269224055192
2.6632419952984194	0.1399728548784832
2.663242495359985	0.13997302759303934
2.6632443751721606	0.13997598524868948
2.6632409807551194	0.13997732118594464
2.6632382286013905	0.13997770159866083
2.663235704349584	0.13997812592991818
2.6632320872004778	0.13997852946565392
2.6632302279082727	0.13997886487312164
2.663228491664876	0.1399792883324527
2.663226661901539	0.139979687605039
2.66322481863847	0.1399800854951659
2.663215624894396	0.13997854961175896
2.663212325694177	0.13997803873231324
2.66321459883776	0.13997842874084349
2.663216289121155	0.13997866470778722
2.6632159773045965	0.13997873181606124
2.6632152986503645	0.13997880198448376
2.6632161972262764	0.13997890340353056
2.663217190841005	0.13997903952890373
2.6632167541242073	0.13997911145128547
2.66321654486328	0.13997917062125204
2.6632204848366254	0.13998197082551472
2.6632170760072458	0.13998337069892397
2.6632142039491153	0.1399837348784623
2.6632101657282967	0.13998414095070577
2.6632083438859464	0.13998445818096314
2.6632066409123896	0.13998488967866268
2.6632048027426016	0.13998528497811003
2.663203035926226	0.1399856775460122
2.6632013293191363	0.1399860700957497
2.6631995911678685	0.13998646113732985
2.6631903864398234	0.13998496374177197
2.6631870900065593	0.13998440326609318
2.6631894631051054	0.13998478980448045
2.663191705466569	0.13998497532132298
2.6631932620976757	0.1399851390756108
2.6631920582972293	0.13998515722601182
2.6631914107858936	0.13998519944473953
2.663192693314777	0.13998532972742914
2.663193691219681	0.1399854514622794
2.6631935029245972	0.13998551780331198
2.6631933452562824	0.13998564783423262
2.663194044151147	0.13998584330007077
2.663194535887064	0.13998596400548896
2.6631945828162156	0.1399861448241378
2.6631947650558434	0.13998631913802853
2.663195022750592	0.1399864885861458
2.663195268109987	0.13998665732449225
2.6631955849169064	0.13998681557249223
2.663195699560525	0.139986973277363
2.663195760557146	0.1399871549896667
2.6631959821309596	0.13998732202115402
2.663198895306794	0.13999014862974313
2.6631953763400498	0.13999157777119628
2.663191436135905	0.1399919389477648
2.6631897120650474	0.13999228453758406
2.663188043082189	0.13999272756220452
2.6631861343588854	0.13999313331926785
2.663184247690684	0.1399935366080883
2.6631824411375358	0.13999393843759445
2.663180625027664	0.13999433763654065
2.663171522327206	0.13999280455296195
2.6631682401103007	0.13999229706637298
2.6631704499387623	0.13999268949412827
2.663172544209344	0.1399928804830397
2.6631737532858777	0.13999300719534577
2.6631745169469605	0.1399930774259548
2.6631735606966918	0.13999312370038747
2.6631732313858887	0.1399931721958349
2.6631734039182113	0.13999332249328775
2.663173871778969	0.13999340547784225
2.663177362281219	0.13999614434640442
2.663173657549814	0.1399975341718968
2.6631695541104974	0.1399978820869156
2.6631678587926584	0.1399982232074191
2.663166354773145	0.1399986487962607
2.6631646850767323	0.13999906523865682
2.6631628109072163	0.13999946484892067
2.663160976473687	0.1399998624580329
2.6631592177970274	0.14000026002981944
2.663157454966402	0.14000065440049714
2.663153639099921	0.14000104152986617
2.663148875314856	0.13999950559207458
2.6631471913186395	0.13999923340708995
2.663148982356483	0.1399995666500659
2.6631494007394476	0.139999676744244
2.663148814060142	0.13999976973092912
2.663149145542364	0.13999985462605685
2.6631498568891656	0.1399999898119503
2.663149899231771	0.14000007710205542
2.663150034796706	0.14000015545740385
2.663150475674073	0.14000025485577583
2.6631537972260784	0.14000292674385525
2.663150476722664	0.14000427635696083
2.6631463409087135	0.1400046331563037
2.6631446147163955	0.1400049651829169
2.6631430161999776	0.1400053868377946
2.6631413019525434	0.14000579661331577
2.663139456190613	0.14000619175270188
2.663137667035275	0.1400065851663597
2.66313592548137	0.1400069786137621
2.663126930485938	0.14000545246050197
2.663123563723272	0.14000492992125085
2.6631258184908706	0.14000531539231442
2.6631275648611736	0.1400055435317697
2.663127519978798	0.1400056257404453
2.663127571312104	0.14000568202313743
2.6631277894827745	0.14000579996442233
2.6631273591841866	0.14000588736126998
2.6631279799758194	0.14000596497753484
2.663128945104574	0.14000609506660444
2.6631288476129304	0.14000617420863273
2.6631288295301334	0.14000635416598003
2.6631292191707048	0.1400065243931716
2.6631294555892087	0.14000668040594183
2.6631295595476425	0.14000685623120535
2.6631297313206734	0.14000702721168334
2.663129940426111	0.14000719302546746
2.663130069114342	0.14000735932679437
2.663130177622144	0.1400075332621847
2.6631303338559857	0.14000770226221712
2.6631331726698817	0.14001053896141552
2.663129706519472	0.14001196515324407
2.6631258421502095	0.1400123289185711
2.663124001905216	0.1400126877902228
2.663122209980041	0.14001311869033697
2.6631203489807813	0.14001352707015197
2.6631185187131865	0.14001392875601928
2.6631167496116896	0.14001432974785474
2.6631149665113063	0.1400147292659897
2.6631131815204117	0.1400151238847796
2.6631042387955683	0.1400135787457649
2.6631008470828346	0.14001308244004854
2.663103021006052	0.1400134730556603
2.6631047030602786	0.14001370178995412
2.663104505702399	0.140013785961173
2.6631041473428807	0.140013848260145
2.66310478929005	0.14001396066638325
2.663105129085386	0.1400140765710267
2.6631051761218183	0.14001415108331033
2.663105552124365	0.1400142436068868
2.6631088247260433	0.14001697173250238
2.6631054209285794	0.14001834260706453
2.663102644608661	0.14001871846704597
2.6630987175735594	0.14001912758182783
2.663096919609402	0.14001945104970348
2.6630952338176646	0.14001988364947524
2.663093405892179	0.1400202829183235
2.6630916254857393	0.14002067830195852
2.663089901334938	0.140021073913738
2.6630881711840546	0.14002146554479114
2.6630792023566423	0.14001994881298124
2.6630758154549268	0.14001941638855828
2.6630780791160413	0.14001980304250863
2.6630802085693484	0.14001999009886112
2.6630815387407663	0.14002011992771626
2.6630823590965003	0.14002019144694847
2.6630814753019942	0.14002023791155715
2.663081113952242	0.14002028268067765
2.6630813483130873	0.1400204253802101
2.663082014306491	0.14002050904875857
2.6630827301800566	0.14002064595785269
2.6630827145619764	0.14002081667095836
2.6630828551656007	0.14002101630084002
2.6630833258438558	0.1400211749700509
2.6630835988922126	0.1400213374379796
2.663083767641341	0.14002151566317608
2.663084036616206	0.14002168789600378
2.663084376056453	0.14002184801389908
2.6630846120939444	0.1400220025351791
2.663084616935037	0.14002217141405915
2.6630874990558637	0.14002501502850506
2.66308393826913	0.14002642451557668
2.663079837849999	0.14002679133953103
2.6630780554305797	0.1400271408679806
2.663076287101011	0.1400275850466896
2.6630743723780532	0.14002799349454703
2.66307248596472	0.14002840359568733
2.6630705750648054	0.1400288040041393
2.663068841686737	0.14002920210897993
2.6630670950480955	0.1400296009123571
2.6630552210632357	0.14002811232602078
2.6630542233451875	0.1400277021008361
2.6630563910649316	0.1400281043603057
2.6630579654347937	0.14002832260630216
2.663057041142222	0.14002836931587803
2.663056138209315	0.14002843366953815
2.663057141717526	0.14002856056671542
2.6630577791272403	0.1400286998887009
2.663057391328749	0.14002876688488478
2.6630574934945357	0.1400288465787788
2.663060846318394	0.14003157815311654
2.663057396959127	0.14003297182551033
2.6630545837124164	0.14003335033640515
2.6630507888862978	0.1400337655820678
2.663048960166457	0.14003409573401795
2.663047271793075	0.14003453295776183
2.6630454230456344	0.1400349339165589
2.6630435884252774	0.14003533731489756
2.6630417861187214	0.14003573235372288
2.6630400371400134	0.14003612894082687
2.6630362522132707	0.14003651344067206
2.6630313745925753	0.14003497319702551
2.6630298365507357	0.14003471046717514
2.663031367570109	0.14003501074586544
2.6630318121758694	0.14003514808839684
2.6630313983932896	0.14003523010462884
2.6630312957193323	0.14003532815253011
2.663031871473148	0.14003543783446848
2.6630323935630362	0.140035550713316
2.663032368777242	0.14003563572942482
2.6630325701912656	0.14003571517915475
2.663033054004486	0.1400358184247486
2.6630333258747165	0.14003591115535
2.663033584231669	0.14003606431082197
2.663033788631202	0.1400362373676711
2.663034045048995	0.140036404388491
2.663034190510342	0.1400365667750522
2.663034270189326	0.14003674762399523
2.6630345088132743	0.14003691498995055
2.663034665375049	0.14003707379424185
2.663037418231429	0.14003991548719882
2.6630339197636164	0.14004133802851956
2.66303108106015	0.14004172371878507
2.6630272543597044	0.1400421428443093
2.6630253570982787	0.14004247813957624
2.6630237193315196	0.1400429081149256
2.663022010556902	0.14004331875494347
2.663020231164668	0.14004372027009312
2.6630184617324084	0.14004412164318078
2.6630166859287034	0.14004452016585417
2.663007632474407	0.14004298211638758
2.663004263587675	0.14004247804659548
2.663006476643052	0.14004287210038163
2.6630081324094985	0.14004311072259992
2.6630077278726865	0.14004317564219607
2.663007148848717	0.14004323929130905
2.6630069941937173	0.14004336344544896
2.6630076135877463	0.14004346222260447
2.663008275412081	0.14004358666060482
2.663008107537413	0.14004366762781642
2.663011089432754	0.1400464041898847
2.6630079407800675	0.14004777099112206
2.6630036812545717	0.14004815128300357
2.6630018876357693	0.140048473344211
2.6630002027628956	0.14004891566210304
2.6629983286211125	0.14004931889145902
2.6629964947945575	0.14004971789506263
2.662994762736163	0.14005011634335207
2.662993020648816	0.1400505115741891
2.6629912742893525	0.1400509054150635
2.6629821219968823	0.14004941546010294
2.662978792030289	0.14004885281933618
2.6629811231173055	0.1400492474291214
2.6629829314088074	0.1400494811386974
2.662982833682255	0.14004956483928332
2.6629824884797606	0.14004962637651844
2.6629832627863235	0.14004973279193067
2.662983813857351	0.1400498525340223
2.6629840325593688	0.1400499228358536
2.662984380556899	0.14005001299377748
2.6629847149017247	0.14005011436224127
2.6629849570979687	0.14005029026458085
2.662985153110042	0.14005046032972743
2.662985274767829	0.14005063670089754
2.66298555511112	0.14005081165113012
2.6629857724055785	0.14005096997119224
2.6629859141087175	0.14005114351561687
2.66298601728156	0.1400513091000278
2.6629861252381257	0.14005148393953004
2.662986238429309	0.14005165167647182
2.662989093725994	0.1400544863779126
2.6629854470376646	0.14005591921385288
2.6629811893713504	0.1400562811994315
2.66297943348012	0.14005662593376877
2.662977709241636	0.14005707288594046
2.6629758235498717	0.14005748359740236
2.6629739797851046	0.14005789052218331
2.6629721933808286	0.14005829577653323
2.6629703950936827	0.14005869804821788
2.662968609121469	0.1400590964862594
2.662959625420128	0.14005755844985587
2.662956230197986	0.14005705679542207
2.6629580452916572	0.14005749721114893
2.6629591556222607	0.1400576503617257
2.6629590964010137	0.14005779234701804
2.6629589940935854	0.1400578564445748
2.6629594026581858	0.1400579769287984
2.6629595175105845	0.14005807674969836
2.662959643795265	0.14005816473358104
2.662959981495438	0.14005826340490782
2.662960536083239	0.14005835285217064
2.662962336935908	0.14006123448347443
2.662958923545778	0.14006259871213123
2.6629550606189225	0.14006295069975944
2.6629534399904644	0.1400632960102583
2.6629517793787594	0.1400637363855112
2.6629499005600077	0.14006413986339514
2.6629480657668907	0.14006454124429155
2.6629463315482114	0.14006494093488445
2.662944578855514	0.1400653389197801
2.662935411105532	0.14006383110886983
2.6629320767422437	0.1400632917145818
2.6629343644372914	0.14006369044224543
2.662936508981773	0.14006388339369905
2.66293788681373	0.1400640404827783
2.6629365490317984	0.14006406984449676
2.662935832784916	0.14006411484589268
2.6629370728342576	0.1400642555339766
2.662937789012148	0.1400643843721035
2.6629374086790816	0.14006445022531233
2.6629377853869545	0.14006453252347065
2.66293812538143	0.1400646680706074
2.6629378569692195	0.14006486230187545
2.662938026007491	0.14006505959166732
2.6629384761473136	0.1400652025611922
2.6629383877829915	0.14006535560998143
2.6629382488875235	0.14006555772992185
2.66293853955258	0.14006572163559453
2.6629385812217135	0.14006586876006424
2.6629384301534196	0.14006605740313482
2.6629388111526335	0.14006623044563107
2.6629405197653586	0.14006922498888488
2.6629370183693157	0.14007057270705836
2.662933221815944	0.14007094967965664
2.662931336640647	0.1400713182451322
2.6629296076719653	0.14007174698932043
2.6629278566868595	0.14007217027540467
2.662925972121992	0.14007257648243895
2.6629241757440036	0.14007298380156946
2.6629224025435687	0.14007338644068887
2.662913487261997	0.1400718520710744
2.6629101089720426	0.1400713505555998
2.6629123356520212	0.1400717567272432
2.66291399349216	0.1400719968266094
2.662913339551514	0.1400720685763312
2.662912618924476	0.14007213340529928
2.6629134437853725	0.14007225792356498
2.662914064476994	0.14007239289812257
2.662913482676138	0.14007247014426016
2.662913334710867	0.1400725458130412
2.6629167978839177	0.14007525275040283
2.6629132020015573	0.14007664447265827
2.6629103482866303	0.14007702141371628
2.6629065661166322	0.1400774446390576
2.66290470728847	0.1400777798223431
2.6629030203843813	0.14007822247776777
2.66290118480308	0.14007862700057783
2.6628993786302706	0.14007903449516676
2.6628975954943264	0.14007943332957315
2.662895862203571	0.14007983491097306
2.662891991103268	0.14008022066901266
2.6628871340254916	0.14007866173169592
