-0.00014422919475800058	-2.999172036285457
-0.00014430484549389933	-2.9991715957224425
-0.0001443805012523872	-2.9991711551498224
-0.0001444561620337608	-2.999170714567595
-0.00014453182783838014	-2.999170273975761
-0.00014460749866647762	-2.9991698333743195
-0.00014468317451838547	-2.999169392763272
-0.00014475885539438123	-2.999168952142616
-0.0001448345412948162	-2.9991685115123516
-0.00014491023221996618	-2.999168070872479
-0.0001449859281700801	-2.999167630222998
-0.00014506162914539218	-2.9991671895639076
-0.00014513733514623112	-2.999166748895209
-0.0001452130461728875	-2.999166308216901
-0.00014528876222558162	-2.9991658675289834
-0.00014536448330468212	-2.999165426831457
-0.00014544020941049604	-2.9991649861243195
-0.0001455159405432411	-2.999164545407572
-0.00014559167670321737	-2.9991641046812143
-0.0001456674178907649	-2.9991636639452457
-0.00014574316410611264	-2.9991632231996657
-0.00014581891534962404	-2.9991627824444747
-0.00014589467162159225	-2.9991623416796718
-0.00014597043292220377	-2.999161900905257
-0.00014604619925178818	-2.999161460121231
-0.0001461219706106751	-2.999161019327592
-0.00014619774699906572	-2.999160578524341
-0.0001462735284173929	-2.999160137711477
-0.0001463493148658821	-2.9991596968889995
-0.00014642510634483522	-2.9991592560569087
-0.00014650090285451157	-2.9991588152152047
-0.00014657670439516008	-2.9991583743638865
-0.000146652510967093	-2.999157933502954
-0.00014672832257062694	-2.9991574926324076
-0.00014680413920603683	-2.999157051752246
-0.00014687996087363406	-2.9991566108624697
-0.00014695578757365803	-2.999156169963078
-0.00014703161930645046	-2.999155729054072
-0.0001471074560722551	-2.9991552881354493
-0.0001471832978714076	-2.999154847207211
-0.00014725914470417167	-2.9991544062693567
-0.0001473349965708682	-2.9991539653218853
-0.00014741085347173746	-2.9991535243647967
-0.0001474867154070839	-2.999153083398092
-0.00014756258237721195	-2.9991526424217696
-0.00014763845437010693	-2.999152201435853
-0.00014771433129774896	-2.999151760440663
-0.0001477902131676546	-2.999151319436126
-0.0001478661000050745	-2.999150878422091
-0.0001479419918210276	-2.9991504373984936
-0.0001480178886204362	-2.999149996365306
-0.00014809379040556757	-2.9991495553225147
-0.00014816969717753453	-2.999149114270115
-0.00014824560893706047	-2.9991486732081043
-0.00014832152568461637	-2.9991482321364806
-0.00014839744742051273	-2.9991477910552438
-0.0001484733741450358	-2.999147349964394
-0.00014854930585864352	-2.999146908863928
-0.00014862524256149725	-2.99914646775385
-0.00014870118425385197	-2.9991460266341554
-0.00014877713093596878	-2.9991455855048472
-0.00014885308260807577	-2.999145144365924
-0.0001489290392706899	-2.999144703217386
-0.0001490050009240254	-2.9991442620592306
-0.0001490809675681352	-2.99914382089146
-0.00014915693922976352	-2.9991433797139164
-0.00014923291592743373	-2.999142938526487
-0.00014930889763524382	-2.99914249732933
-0.00014938488434603804	-2.99914205612249
-0.0001494608760568769	-2.999141614905985
-0.00014953687276662766	-2.999141173679824
-0.00014961287447499885	-2.999140732444011
-0.0001496888811819688	-2.999140291198546
-0.00014976489288773525	-2.9991398499434303
-0.00014984090959249772	-2.999139408678663
-0.00014991693129663003	-2.999138967404245
-0.0001499929580001877	-2.999138526120176
-0.00015006898970361133	-2.9991380848264564
-0.0001501450264071195	-2.9991376435230857
-0.00015022106811104878	-2.999137202210062
-0.0001502971148156628	-2.999136760887386
-0.00015037316652124957	-2.999136319555058
-0.0001504492232281508	-2.9991358782130773
-0.00015052528493651393	-2.999135436861444
-0.0001506013516467189	-2.999134995500157
-0.0001506774233590068	-2.999134554129217
-0.0001507535000736266	-2.999134112748623
-0.000150829581790881	-2.999133671358376
-0.00015090566851111258	-2.9991332299584745
-0.00015098176023455642	-2.9991327885489185
-0.00015105785696152216	-2.9991323471297076
-0.00015113395869233593	-2.9991319057008416
-0.0001512100654271313	-2.9991314642623212
-0.00015128617716635498	-2.999131022814145
-0.00015136229391018042	-2.999130581356313
-0.0001514384156589754	-2.999130139888825
-0.00015151454241292984	-2.999129698411681
-0.00015159067417238985	-2.99912925692488
-0.0001516668109376243	-2.9991288154284224
-0.00015174295270892982	-2.9991283739223076
-0.00015181909948659787	-2.9991279324065365
-0.00015189525127086434	-2.999127490881107
-0.00015197140806207793	-2.99912704934602
-0.0001520475698605396	-2.9991266078012746
-0.0001521237366664532	-2.99912616624687
-0.0001521999084801457	-2.9991257246828087
-0.00015227608530185652	-2.999125283109088
-0.00015235226713195774	-2.999124841525707
-0.0001524284539706211	-2.9991243999326676
-0.00015250464581823518	-2.9991239583299687
-0.0001525808426750012	-2.9991235167176096
-0.0001526570445412427	-2.999123075095591
-0.0001527332514172225	-2.999122633463912
-0.00015280946330322159	-2.999122191822572
-0.00015288568019957045	-2.9991217501715712
-0.0001529619021065666	-2.9991213085109094
-0.0001530381290244338	-2.999120866840586
-0.00015311436095347478	-2.999120425160601
-0.00015319059789393585	-2.999119983470954
-0.00015326683984613707	-2.999119541771645
-0.00015334308681039938	-2.9991191000626736
-0.0001534193387869899	-2.999118658344039
-0.00015349559577620703	-2.9991182166157415
-0.00015357185777828495	-2.999117774877781
-0.0001536481247935385	-2.999117333130157
-0.00015372439682222617	-2.999116891372869
-0.00015380067386463504	-2.9991164496059177
-0.0001538769559210583	-2.999116007829302
-0.0001539532429918663	-2.9991155660430215
-0.0001540295350772403	-2.9991151242470755
-0.0001541058321773937	-2.999114682441466
-0.00015418213429277926	-2.999114240626191
-0.00015425844142363115	-2.9991137988012495
-0.00015433475357018445	-2.9991133569666424
-0.00015441107073274098	-2.9991129151223697
-0.00015448739291155575	-2.99911247326843
-0.00015456372010686295	-2.9991120314048234
-0.00015464005231900432	-2.999111589531551
-0.0001547163895482982	-2.999111147648611
-0.00015479273179496399	-2.9991107057560047
-0.0001548690790593851	-2.9991102638537304
-0.00015494543134185034	-2.9991098219417878
-0.00015502178864260953	-2.999109380020177
-0.00015509815096191332	-2.999108938088898
-0.0001551745183000757	-2.99910849614795
-0.00015525089065741675	-2.999108054197333
-0.00015532726803415154	-2.999107612237047
-0.0001554036504305906	-2.999107170267091
-0.00015548003784701583	-2.999106728287466
-0.0001555564302837681	-2.999106286298171
-0.00015563282774101305	-2.999105844299206
-0.00015570923021911414	-2.9991054022905703
-0.00015578563771832896	-2.999104960272264
-0.00015586205023898451	-2.999104518244287
-0.0001559384677813089	-2.999104076206638
-0.0001560148903456248	-2.9991036341593182
-0.00015609131793226701	-2.999103192102326
-0.00015616775054145583	-2.9991027500356617
-0.00015624418817348617	-2.9991023079593258
-0.0001563206308285766	-2.9991018658733166
-0.00015639707850708187	-2.9991014237776357
-0.0001564735312093125	-2.9991009816722816
-0.00015654998893550875	-2.9991005395572534
-0.00015662645168592997	-2.9991000974325526
-0.000156702919460976	-2.9990996552981772
-0.00015677939226084372	-2.999099213154128
-0.00015685587008586795	-2.9990987710004036
-0.00015693235293625252	-2.9990983288370052
-0.00015700884081230968	-2.9990978866639324
-0.00015708533371431611	-2.9990974444811838
-0.00015716183164255892	-2.99909700228876
-0.00015723833459735728	-2.999096560086661
-0.00015731484257907376	-2.9990961178748856
-0.00015739135558784974	-2.9990956756534337
-0.0001574678736239619	-2.9990952334223064
-0.00015754439668776675	-2.9990947911815016
-0.00015762092477959993	-2.9990943489310204
-0.00015769745789972773	-2.9990939066708613
-0.00015777399604836092	-2.999093464401025
-0.00015785053922581522	-2.9990930221215115
-0.00015792708743241762	-2.9990925798323196
-0.00015800364066844222	-2.9990921375334487
-0.00015808019893410324	-2.9990916952249
-0.00015815676222969734	-2.9990912529066724
-0.00015823333055556797	-2.999090810578766
-0.00015830990391200485	-2.9990903682411805
-0.00015838648229922914	-2.9990899258939154
-0.00015846306571762076	-2.9990894835369706
-0.00015853965416739047	-2.999089041170345
-0.00015861624764883838	-2.999088598794039
-0.00015869284616223077	-2.9990881564080527
-0.0001587694497078478	-2.999087714012386
-0.00015884605828600084	-2.999087271607038
-0.0001589226718969666	-2.999086829192009
-0.00015899929054108072	-2.9990863867672983
-0.00015907591421857568	-2.999085944332905
-0.00015915254292973424	-2.99908550188883
-0.0001592291766748374	-2.999085059435073
-0.00015930581545417315	-2.9990846169716328
-0.00015938245926808581	-2.9990841744985093
-0.00015945910811676362	-2.9990837320157033
-0.0001595357620005353	-2.999083289523214
-0.00015961242091978856	-2.9990828470210404
-0.00015968908487472896	-2.999082404509183
-0.00015976575386567743	-2.9990819619876414
-0.00015984242789289938	-2.999081519456415
-0.00015991910695660385	-2.999081076915504
-0.0001599957910571369	-2.9990806343649083
-0.000160072480194777	-2.999080191804627
-0.0001601491743697843	-2.9990797492346606
-0.00016022587358243377	-2.999079306655008
-0.00016030257783307238	-2.9990788640656696
-0.00016037928712195337	-2.9990784214666446
-0.00016045600144942544	-2.9990779788579327
-0.00016053272081561348	-2.9990775362395348
-0.00016060944522089914	-2.99907709361145
-0.00016068617466557036	-2.9990766509736777
-4.1278429485903934e-05	-2.999075001184904
0.0003880189184192213	-2.9990684556919165
0.0011309565502478224	-2.999057545602019
0.0021879322315173774	-2.999041967864422
0.003558901917278618	-2.9990215387346066
0.005242669582348011	-2.998995985486728
0.007236095087031978	-2.9989649971402756
0.009533106804013331	-2.998928232426626
0.01211937082168792	-2.9988861338693082
0.014978304448503826	-2.9988380056252204
0.018081110355854278	-2.9987833972894453
0.021390372805441454	-2.9987247274444155
0.024861754441497033	-2.99865989185315
0.028393672544110557	-2.998596087677415
0.03195989595340415	-2.998537281569012
0.03555542546308579	-2.9984802145457063
0.03919206519980002	-2.998414896704952
0.04291252458320117	-2.9983475541630575
0.04672019205879517	-2.9982653835281843
0.05064316720312757	-2.9981614964357326
0.05470744333122707	-2.9980190507839186
0.05881998480522706	-2.997836400428303
0.0629265534613253	-2.997620363829746
0.06712489875884638	-2.997375616212123
0.07134875878299447	-2.9971109342594913
0.07573359040814638	-2.996823193062109
0.08034214210223704	-2.9965071159426766
0.08517035177019579	-2.996159941245903
0.09020043419589781	-2.9957828259265016
0.09536106230333177	-2.995381421212721
0.1005528775730897	-2.994979532329913
0.10574778347379693	-2.9945747197437806
0.11101888001405807	-2.9941642161816464
0.11646947102481846	-2.993738165645032
0.12205090986418332	-2.993295996607129
0.12780190662390037	-2.9928195965107185
0.13372342749781846	-2.9922940842475394
0.13980447533018614	-2.991700623785721
0.14603590300023486	-2.991028332420303
0.15239864314344656	-2.9902611815976883
0.15877706755843934	-2.989411935820491
0.16509388944216136	-2.9885079573370166
0.17141446872516125	-2.9875409089618703
0.1777996458996045	-2.986477339596712
0.18430940705879395	-2.9853035789851377
0.19100719815083725	-2.9840359611769305
0.19792128910280665	-2.9826592819289233
0.20499707298018793	-2.9811738516969797
0.21222795669125694	-2.979558084444726
0.21960696144383693	-2.977789411941073
0.22711052129548417	-2.9758490412386247
0.23466001848408474	-2.9737401301994124
0.24216671850400479	-2.9714825330996804
0.24963006764298018	-2.9691016801090337
0.25704594278403226	-2.9666267796624615
0.264426706618798	-2.9640455878701615
0.27175337263665805	-2.9613594880757326
0.27900237209578094	-2.9585406535458776
0.28619131756758903	-2.955527874649586
0.2933009068357705	-2.9522843828856136
0.30032726666997445	-2.9488585822392324
0.3072878394034764	-2.9452921266220073
0.31417843326126477	-2.9415852353138607
0.3209948429985586	-2.937741748247116
0.32772659442278834	-2.933763427166043
0.33437021621342533	-2.929653345017677
0.3409380505163552	-2.92540786944356
0.3474239654824311	-2.921031806577445
0.3538252877237095	-2.9165257097672277
0.3601388808163978	-2.9118915970620867
0.3663610960304295	-2.9071330491771157
0.37248765521153454	-2.902252759036171
0.37851620583644097	-2.89726677912954
0.3844539376170301	-2.892211206652176
0.39033554751925115	-2.887073513925043
0.39614111381196937	-2.8818674253596943
0.4018411731795529	-2.8765409035231038
0.40738446814844814	-2.8710422814105288
0.4127512670077913	-2.8653663715667106
0.41800415858877643	-2.8595785300281245
0.42314364581386615	-2.8536837241563475
0.42816739082793853	-2.8476835878751388
0.4330738174566687	-2.8415803982328143
0.4378604516016683	-2.8353770718340905
0.44252393459739403	-2.8290779274658697
0.4470630509524662	-2.8226923941302897
0.45148673505023723	-2.816251850543173
0.45580616710867655	-2.8097351145018843
0.46001114712104213	-2.8031464386980347
0.46407519755361937	-2.7964945033135415
0.467965327005804	-2.7897330147884705
0.47169079000001674	-2.782864601803209
0.475281310681662	-2.7759227103460073
0.4787332921720949	-2.768906383132204
0.4820452866397279	-2.761818639194396
0.48521589469962906	-2.7546651539830327
0.48824203518084214	-2.747454395746957
0.49111434263979714	-2.740198160095878
0.49385006551897226	-2.7328719264456973
0.4964427611699702	-2.7254900907194277
0.49889174534525	-2.718053971889497
0.5011965357073817	-2.71056735584813
0.5033496794358514	-2.703065899085097
0.5053478688558866	-2.6956728484380785
0.5072265273918771	-2.6883488988472
0.5090218287791604	-2.6809074287282204
0.5107063960457332	-2.673374598546593
0.5122723676630109	-2.6657462215460375
0.5136983987851139	-2.658094313629847
0.5149890614016017	-2.6504029006912697
0.5161488377116774	-2.6426601715316345
0.5171714081878528	-2.6348926636110144
0.5180640929246539	-2.627104195217904
0.518848301168424	-2.619314448719698
0.5195327784873245	-2.6114659595480085
0.520105562944977	-2.6036005408753455
0.5205731476417097	-2.5957195885452577
0.5209385636620308	-2.587822657505452
0.521207825529047	-2.579922452979003
0.5213896880964357	-2.5720209916072294
0.5215162914200103	-2.564133844485891
0.5215391416245343	-2.556276813618818
0.5214375760917479	-2.5483842366612652
0.5212539674139279	-2.540497473240739
0.5209827880429555	-2.5326078759079147
0.5206265009453911	-2.524716151663062
0.5201869284670623	-2.5168182666111347
0.5196698120288893	-2.508918198255816
0.5190771162907073	-2.5010157688892147
0.5184111166082376	-2.4931115902197325
0.51767560995092	-2.4852090084470824
0.5168718988481182	-2.4773142691408885
0.5159985934550468	-2.469429430271403
0.5150762946223175	-2.4616013220006505
0.5141060881929714	-2.45382671276265
0.5130676748969946	-2.4460393459635243
0.5119651925006978	-2.4382433875663736
0.5108022865987252	-2.4304016622863274
0.509585828098585	-2.422560143124705
0.5083170691357546	-2.414720603266445
0.5069983117881847	-2.4068842272389297
0.5056303629793049	-2.3990467110173803
0.5042189429014317	-2.391206226891512
0.502765366829577	-2.383333462658357
0.5012817585347006	-2.3754439087949684
0.4997879380365832	-2.3676040302166745
0.4982743682667776	-2.359771586470665
0.4967421375359463	-2.351950428018549
0.4951883030837197	-2.344149908529019
0.49361536448343357	-2.336366276986324
0.4920150875249111	-2.3285582771745448
0.4903956982031425	-2.3207503292361533
0.4887574858445616	-2.312942365802375
0.48710055322714174	-2.3051339854310067
0.48542564770642577	-2.2973247917498183
0.4837342157356386	-2.289517386215709
0.48202487105889	-2.2817127188476625
0.480301561295531	-2.273918883849801
0.4785648785452991	-2.266123703893094
0.4768149018757852	-2.2583323371789397
0.4750528001310109	-2.2505464738234213
0.47327550329798995	-2.242777511495972
0.47150847040950966	-2.235116572909463
0.46978497997546076	-2.2276442932049987
0.4681097906517245	-2.220252433206796
0.46649746009741877	-2.2128716373117014
0.46491198957447144	-2.205381634428168
0.4633267408032635	-2.1977683622951294
0.4617252811101309	-2.1900087268814232
0.4601173956550634	-2.1821618200307733
0.4585101151213803	-2.174289782118068
0.4569176184969126	-2.166434710559061
0.4553401887063366	-2.158580096742947
0.45378813783370275	-2.150789402642671
0.4522864862479655	-2.1431560519410433
0.4508321262153841	-2.1355544382824596
0.44938411753522023	-2.127794507496455
0.4479480917813397	-2.11992724398977
0.4465419496743164	-2.1120067897121633
0.44517716581645944	-2.1040776357826108
0.44385093720108415	-2.0961384551826345
0.4425632272253908	-2.0881935473429802
0.44131044164197103	-2.0802426237727816
0.44009005160513776	-2.072282313941787
0.43890998738823384	-2.0643257309133096
0.43777041770631453	-2.056372411458902
0.43666263888157264	-2.0484195944919796
0.4355927578404376	-2.040483314652758
0.4345549928418017	-2.0325289551772405
0.43354885594746817	-2.0245631025754816
0.43257627737405874	-2.016589547375428
0.43163726104786887	-2.008609743924981
0.4307300018467128	-2.000622757871607
0.4298555794378949	-1.9926238703737227
0.42902031733173684	-1.984599920221516
0.4282388274335255	-1.976563784839364
0.4275143374492341	-1.9685236316858619
0.4268443441009255	-1.9605002367630509
0.42622500618787157	-1.9524913413490357
0.4256538376453311	-1.9444847083332293
0.4251331391476476	-1.9364782306594772
0.4246586442317974	-1.928447084446618
0.42423419740381146	-1.920411007950863
0.42386430283489573	-1.912382075761268
0.4235737076371811	-1.9043476178230128
0.42337422185182483	-1.8962498693000698
0.4232644088035875	-1.8881462381469576
0.42324277481232353	-1.8800391865822361
0.423308624400254	-1.8719328744521153
0.42345949354731105	-1.8638304003820536
0.42369369838295484	-1.8557355510735827
0.4240000494727954	-1.847662703702977
0.42438752564665344	-1.8395837390683212
0.424873517481876	-1.8314679567063739
0.4254714697797126	-1.8233147834928565
0.4262000569783957	-1.8152002496121926
0.4270655905075515	-1.8071005131985498
0.428065373379217	-1.7990142967804794
0.42919696740843344	-1.7909450219363885
0.4304601064247962	-1.7828938051211762
0.4318498602420623	-1.7748621103763729
0.43336647668407136	-1.7668536218886468
0.43501125622581144	-1.7588635369089236
0.43677636807912185	-1.7509028249593885
0.43863726985675616	-1.7430018397553844
0.44054628637382953	-1.7352084160343206
0.44245604787246173	-1.7275785800746746
0.4443366046654961	-1.7201224176075232
0.4462161123379643	-1.7126735226011993
0.4481181988904476	-1.7051398975547267
0.4500435057328228	-1.6975083710574526
0.45198177767341136	-1.6897756837466094
0.4539104784622117	-1.6820203490845385
0.4558441280746157	-1.6742243255990235
0.45776975560008876	-1.6663480528953862
0.45966760048191463	-1.6583627169242412
0.4615007767300544	-1.650330868959238
0.46322626260619226	-1.6423816100197186
0.46482874870002494	-1.634559930389494
0.46630625391927844	-1.62681560020125
0.4676761672303826	-1.619066658681616
0.4689527332022346	-1.6112876985784474
0.47014263201314455	-1.6034773694206153
0.47126948029173565	-1.5956311802393552
0.47236899465510923	-1.5877409299139251
0.4734844275607966	-1.5798064932311635
0.4746510385838108	-1.5718254471305981
0.47586646988549836	-1.5638498959410685
0.47711122143058016	-1.555907716552915
0.47838685609731013	-1.5479744405740976
0.47969187794140355	-1.540056194455194
0.48102267017810846	-1.5321485774558037
0.4823949657372882	-1.524226653592537
0.4838186420751962	-1.5163034809634965
0.48527685640520496	-1.508448883809339
0.4867432898287278	-1.5006627774835735
0.4882137941314812	-1.492826860352769
0.48966959004135036	-1.4849755095606458
0.4911135131653521	-1.4771104905859507
0.4925546990746103	-1.469236656256619
0.4939894421507014	-1.4613611035761267
0.49541564261281207	-1.4534833861812073
0.49683942527862096	-1.4456199072911708
0.49825638085684876	-1.4377643806223495
0.4996756905967649	-1.4299307063868734
0.50109695733901	-1.4221600778387768
0.502515319714306	-1.414414804269981
0.5039410686664401	-1.4066206292142691
0.5053690466063159	-1.3987663557379464
0.506789650214614	-1.3909024512396586
0.5082045461509483	-1.383031433273921
0.5096158712790495	-1.3751550903040564
0.511022651437534	-1.3672744442147025
0.5124192515332997	-1.3594266659826741
0.5138156693753357	-1.3516540327173159
0.5152488474245952	-1.3438792009645553
0.5167245473998604	-1.3360422022107672
0.5182445423618194	-1.3281831789678251
0.5197902697246172	-1.3203746660653262
0.5213668275256846	-1.3125751087710151
0.5229826516246161	-1.3047411576351453
0.5246252314673883	-1.296893216491343
0.5262816931381994	-1.2890558049009857
0.5279379728353405	-1.281232232971807
0.5295759466915475	-1.27341818507023
0.5311932273474651	-1.2655977454285312
0.5327883343943246	-1.2577900714617307
0.5343682646145411	-1.2499831504754604
0.5359473113396822	-1.2421659001579386
0.5375203668765152	-1.2343308175161813
0.5390835488344093	-1.2265009277868026
0.5406404814895058	-1.218682700435575
0.5421977272706392	-1.210867555864764
0.5437407747551223	-1.2030902455569408
0.5452513020587232	-1.1953491378778796
0.5467603486738289	-1.1875057165431349
0.548263691850572	-1.1796489731500999
0.5497718681729746	-1.1717810537252735
0.551280745051566	-1.163916855462767
0.5527819521371315	-1.1560550916658388
0.5542717597188905	-1.1482006374763645
0.5557579998139518	-1.1403585534834444
0.5572413060771639	-1.1325017847392338
0.5587095249247542	-1.1246826666963299
0.5601672243092539	-1.1168873900493872
0.5616202529273536	-1.1090754226056228
0.563072512376795	-1.101226698748415
0.564516951605428	-1.0933704661824535
0.5659543680825776	-1.0855091767365075
0.5673857632629382	-1.0776405618541813
0.5688138393260392	-1.0697664916715772
0.5702372263009192	-1.0618878801560019
0.571656123364767	-1.0540080836298127
0.5730717461114303	-1.046094953829221
0.5744843436334615	-1.0381254053261666
0.57585553928474	-1.0302026258180372
0.5771645364411486	-1.022374819260952
0.5784347480728511	-1.0145331582465302
0.5796790890026905	-1.0066748242063417
0.5808972749200824	-0.9988025064037137
0.5820954179572736	-0.9909207382052596
0.58327206879643	-0.9830316960090405
0.5844120447674238	-0.975234516663109
0.5854852048607363	-0.9676862988897751
0.5864854974744741	-0.9604361160890906
0.5874292243556243	-0.9534453058691629
0.5883333648053786	-0.9466658150039537
0.5892125407863151	-0.9400473628065287
0.5900852710275627	-0.9335423785851187
0.5909648297939255	-0.9271167886673578
0.5918505382706689	-0.9207716206341529
0.5927469271610422	-0.9145192738375598
0.5936376415795966	-0.9083921237286967
0.5945144823151238	-0.9024288861383374
0.5953704768535306	-0.8966613915587938
0.5961996608331764	-0.8911159113672815
0.5969975519070493	-0.885813428296659
0.5977610481565583	-0.8807700670804683
0.5984881613089074	-0.8759975035826135
0.599177861075495	-0.8715033283123038
0.5998299406240076	-0.8672913123313556
0.6004446119463923	-0.8633621051745852
0.6010224016658299	-0.8597152189835828
0.6015637974684379	-0.8563505018085399
0.6020688941690399	-0.8532681784211901
0.602537302656836	-0.8504684474556907
0.6029681980327463	-0.8479514016756046
0.6033603517707745	-0.845716969179283
0.603712270418945	-0.8437648492044281
0.6040224371905072	-0.8420920263000067
0.6042882800947175	-0.8406967077146793
0.6045072661567752	-0.8395780791650906
0.6046766042663931	-0.8387352404682508
0.6048021117855269	-0.8381267966899585
0.6049024393497402	-0.8376513326236207
0.6049698916229521	-0.8373316995198983
0.6050035608216814	-0.8371740660401688
0.6050038849801193	-0.8371724401829135
0.6049964749271481	-0.8372097995811508
0.6049904144318528	-0.8372414673983107
0.6049848412524395	-0.8372696330382424
0.6049794466136674	-0.8372971749211026
0.6049756721907636	-0.8373177527943817
0.6049721411998283	-0.8373340290867706
0.6049715027447435	-0.8373479991457913
0.6049711174811997	-0.8373453801536378
0.6049712446298748	-0.8373436945531475
0.6049702527201917	-0.8373454348931134
0.6049696273010301	-0.8373494481046848
0.604969333513765	-0.8373535281602887
0.6049684020666676	-0.8373577685146306
0.6049677227429506	-0.8373634359104979
0.6049667040415473	-0.837370148336096
0.6049633186198112	-0.8373801767274512
0.6049606965193949	-0.8373915538796036
0.6049579698863272	-0.8374030298367725
0.6049570293138726	-0.837413588568605
0.6049546973604526	-0.837423447807418
0.6049524995871235	-0.837433575267724
0.6049501894692891	-0.8374437444600662
0.6049478794696088	-0.8374538623816182
0.6049455849366916	-0.8374639730983064
0.6049432914365999	-0.8374740999910755
0.6049424623284394	-0.8374808230850765
0.604942504852149	-0.837476643820889
0.6049429166454013	-0.8374728775264431
0.6049432806420032	-0.8374690626765393
0.6049422454604152	-0.8374706863683504
0.6049417905763146	-0.8374747786411606
0.6049411424888578	-0.8374784708242112
0.6049406058930307	-0.8374821115601258
0.6049397867078148	-0.8374864284378539
0.6049391570907117	-0.8374918707587137
0.6049387735633247	-0.8374972241280466
0.6049401864216688	-0.837484085825623
0.6049411159600698	-0.8374781036282313
0.6049407918520294	-0.8374776511715829
0.6049403960952707	-0.8374790666379421
0.6049399984462711	-0.8374804393321961
0.6049390043666374	-0.8374842455551634
0.604938616757952	-0.8374884503668127
0.6049380310902638	-0.8374911324340067
0.6049372278549361	-0.8374956312297791
0.6049340455105299	-0.8375087293118585
0.6049271584838752	-0.8375272938627762
0.6049286607040504	-0.8375208123255112
0.6049282742697578	-0.8375220781981745
0.604927642071296	-0.8375232502924724
0.6049265602475273	-0.837527590250756
0.6049253951772009	-0.8375333142993244
0.6049237663334202	-0.8375377207286188
0.6049223381502967	-0.8375422288950429
0.6049211330914803	-0.8375470497833553
0.6049199112885679	-0.837551935543542
0.6049192105472321	-0.8375573753803781
0.60492171848763	-0.8375400084967163
0.604922748321683	-0.837535187396277
0.6049232281202304	-0.8375298033737502
0.6049236275347369	-0.8375261447288973
0.6049239107833386	-0.8375230696687
0.6049234672473702	-0.8375235473756468
0.604923098239762	-0.8375241419042675
0.6049231009815504	-0.8375229560359188
0.6049155079703011	-0.8375381320336961
0.6049115019873604	-0.837550079475581
0.604907430186835	-0.8375615934536494
0.6049060068790358	-0.8375723942532958
0.6049023843546518	-0.8375827349509535
0.6048988143726256	-0.8375932039350674
0.604894538665468	-0.8376037672440324
0.6048909256518914	-0.8376143429132596
0.6048875623220543	-0.837625026808631
0.6048897797385958	-0.837628673735678
0.6048872487236995	-0.8376317207407802
0.6048862721412448	-0.8376327708602104
0.6048841431757691	-0.837638712301836
0.6048818581119599	-0.8376471755390155
0.6048791508734953	-0.8376563947579074
0.6048766464808925	-0.8376652407204564
0.6048742697676366	-0.8376740357758143
0.6048718652556072	-0.8376829900424284
0.6048693426751457	-0.8376923921424626
0.6048698927088986	-0.8376934732100842
0.604873585161295	-0.8376742825709657
0.6048781943413193	-0.8376539642823962
0.6048817749533282	-0.8376380463899012
0.6048849594085698	-0.8376238523694363
0.6048884660447815	-0.8376091772085079
0.6048897341194875	-0.8376040888955741
0.604890859559555	-0.8375971068894353
0.6048916705483754	-0.8375937217942743
0.6048918796311112	-0.837591119416352
0.6048922105822045	-0.8375882544545866
0.6048975569677908	-0.8375702706653989
0.6049104026328121	-0.8375232724684418
0.6049215865006774	-0.8374838483779533
0.6049231766301967	-0.8374744607131672
0.6049279664241344	-0.8374578516887667
0.6049300824569878	-0.837451370483184
0.60493104737126	-0.8374463451490987
0.6049331250339294	-0.8374374099647292
0.6049367971417576	-0.8374243910656737
0.6049396380123584	-0.8374154317936335
0.6049486083419658	-0.8373890092063491
0.60494289652669	-0.837393988833679
0.6049329477411518	-0.8374228744401705
0.6049240580816132	-0.8374483706829448
0.6049149666362529	-0.8374748817775127
0.6049098634491611	-0.8374877467223991
0.604906081671006	-0.8374994846000497
0.6049016834673988	-0.8375104511095107
0.6049000677039211	-0.8375185623932611
0.6048947680423846	-0.8375307346843575
0.6048761104339841	-0.8375804480058633
0.6048443273048665	-0.8376771625329951
0.6048289817721978	-0.8377271847991185
0.6048167084785999	-0.8377656085248112
0.6048061518084005	-0.8377989981872608
0.6047960958238706	-0.8378315547930014
0.6047857699630981	-0.8378651223198488
0.6047750606947498	-0.8379002377410788
0.6047652155808746	-0.8379321083219405
0.6047561805945125	-0.8379619275714801
0.6047378607525172	-0.8380190524947851
0.6047056624186365	-0.8381303930677815
0.6046836810558076	-0.8382131532411322
0.6046624531901532	-0.8382933634008436
0.6046454209927434	-0.8383615570122076
0.604633119516192	-0.8384108748116178
0.6046218319061643	-0.8384518847548116
0.6046121763243661	-0.8384910192389595
0.6046014100504862	-0.8385357034210117
0.604591130223158	-0.8385777278071065
0.6045818957419508	-0.8386161465091582
0.6045765551679632	-0.8386427244811187
0.6045741517959118	-0.8386527642033452
0.6045690309602487	-0.8386641799412958
0.6045646715933042	-0.8386690785246423
0.6045799036637036	-0.8386039315883943
0.6045959763477979	-0.8385301610505306
0.6046159130603767	-0.838457621668212
0.6046298790036705	-0.838406322156667
0.604644697137211	-0.838351983286391
0.6046487102367823	-0.8383301765760263
0.6046626540762866	-0.8382883819476407
0.6046755472209322	-0.8382432824380671
0.6046885245950973	-0.8381993918574157
0.6047005835573032	-0.8381620824025996
0.6047119602326734	-0.838124556881123
0.6047202851993378	-0.838099745130186
0.6047294161805362	-0.8380688711519851
0.604739786783052	-0.8380387385091422
0.6047383302341681	-0.8380377879078067
0.6047229334172981	-0.8380704462078721
0.6046686523355395	-0.8382112328711548
0.6045946491624693	-0.838410240819605
0.6045424336063808	-0.838554776698239
0.6045128292612517	-0.838644089662321
0.6044984277841224	-0.8386885729518964
0.6044827037655989	-0.8387345637005321
0.6044689354474273	-0.8387766481783849
0.6044554696644103	-0.8388193028331725
0.6044297934532935	-0.8388949360988286
0.6043801723455898	-0.8390527785510992
0.6043108045844363	-0.8392819857904302
0.604262356304084	-0.8394585129081031
0.60422754519955	-0.8395924378295065
0.604195939774703	-0.8397227521296793
0.6041675336833682	-0.8398473763304429
0.6041407115849735	-0.8399709079820306
0.6041181246212668	-0.8400862142798238
0.6040971098537166	-0.8401913891684528
0.6040794840436136	-0.8402912626568497
0.6040634163419921	-0.84038497686377
0.6040476398762419	-0.8404843626503037
0.6040268069415309	-0.8406033280009997
0.6040033690976082	-0.8407399805669815
0.6039755969955027	-0.8408855306142821
0.6039458097881044	-0.8410328934228085
0.6039186716204071	-0.8411549847826386
0.6039176549721468	-0.8411452624634129
0.6039345249986434	-0.841050636830864
0.6039473117433555	-0.8409740923579655
0.6039615423492728	-0.8409123217299762
0.6039753333434841	-0.8408471897775122
0.6039886424609149	-0.8407878739713395
0.604002014388253	-0.8407294441183556
0.6040140057933793	-0.8406803001480955
0.6040256370457706	-0.840631307663372
0.6040340451888768	-0.8405978631820215
0.6040427829653785	-0.8405621417257377
0.6040511167321283	-0.8405311290491458
0.6040636970471922	-0.8404860250469216
0.6040890481925159	-0.8403967598883092
0.604116054383931	-0.8403023748486664
0.6041423912442775	-0.8402198496108599
0.6041618412181483	-0.8401558110384376
0.6041852131651895	-0.8400843010458678
0.6042090065803959	-0.8400151066572161
0.6042293215876917	-0.8399581227167722
0.6042435546328319	-0.8399143180764914
0.6042564346469333	-0.8398789904476657
0.6042702334657809	-0.8398421582652384
0.6043025254713152	-0.8397630401284872
0.6043804057326725	-0.8395758359761508
0.6045065969373733	-0.8392791946179716
0.6046243715168895	-0.8390022205771018
0.6047373141987302	-0.8387550978427062
0.6048329597415206	-0.8385458446070942
0.6049200513376766	-0.8383634347793817
0.6050020267943421	-0.8381946555244961
0.605089841236412	-0.8380213515606145
0.6051736464165314	-0.8378589159827429
0.6052666201590803	-0.8376850750924639
0.6053230879170401	-0.8375742207240533
0.6053010462271787	-0.8376103657861219
0.605202779656877	-0.837776770549012
0.6050269738647187	-0.8380756619516654
0.60480043675454	-0.8384607476750536
0.604594970819075	-0.8388182491180433
0.6043972560868144	-0.8391608671858303
0.6042015664896877	-0.8395054564311364
0.6040060164450967	-0.8398523718666157
0.6037733500476825	-0.8402687533577118
0.6034478122252289	-0.840858545731093
0.6030580711589555	-0.8415805972142567
0.6026751985792513	-0.8423086332639226
0.6023086019437336	-0.8430232722441482
0.6019622194268047	-0.8437170118427503
0.601639897283941	-0.8443812203647117
0.6013441315466171	-0.8450096273048974
0.6010782476083723	-0.8455937486231027
0.6008445708623258	-0.8461262024914281
0.6006412916008183	-0.84660879174891
0.6004729765117693	-0.8470277038994332
0.600342806847225	-0.8473701660795341
0.6002504667983115	-0.847630409309687
0.6001924210061267	-0.8478135388396364
0.6001394543239138	-0.8479881138420213
0.6000904350226804	-0.8481625903466722
0.6000449598241461	-0.8483373399303551
0.6000031788368844	-0.8485116359817398
0.5999654060436904	-0.8486836422696011
0.5999321071638702	-0.8488489555107342
0.5999015494798406	-0.8490093121569561
0.5998761532264276	-0.8491604425396095
0.599853773932667	-0.8493106209415014
0.5998345738685847	-0.8494537305692359
0.5998176184316071	-0.8495948201517567
0.5998041941638083	-0.8497261300443658
0.5997906779782441	-0.8498700472340659
0.5997810845928916	-0.849995590980942
0.599777163856188	-0.850065189705326
0.5997798329116686	-0.8500881541554159
0.5997803016194548	-0.8501845252632461
0.5997760138459635	-0.8504000124950875
0.5997719762966581	-0.8506510676493741
0.5997719695442834	-0.8508396871207105
0.5997740313070745	-0.8509905891363458
0.5997764967848255	-0.8510915370112739
0.5997792193240908	-0.8511731180870223
0.5997818853419118	-0.8512228018944032
0.5997858880914857	-0.8512883907011761
0.5997864351095606	-0.8512821417092876
0.5997804278141944	-0.8511062880128072
0.5997635282508411	-0.8507588114061406
0.5997299009778712	-0.8502425833020458
0.5996751092403555	-0.8495638666373838
0.5995941798817728	-0.8487331409594133
0.5994818671155372	-0.8477656966965835
0.5993334604165685	-0.8466788831214719
0.5991428133350473	-0.8454796635988423
0.5989008776269227	-0.844165786673126
0.5986002372537045	-0.8427368540170946
0.5982344087338464	-0.8411967736428316
0.5978047435928278	-0.8395903757387202
0.5973254736209794	-0.8379593615302485
0.5967953218160474	-0.8362882347014124
0.5962204284182384	-0.8345701452623626
0.5955984283646951	-0.8328056578510944
0.5949379527556242	-0.8309942020726047
0.5942406647683599	-0.8291481662080512
0.5935271600158151	-0.8273007351572826
0.5928316965108377	-0.8255220836877538
0.5921622759287972	-0.823829921864834
0.5915264095853255	-0.8222329479546924
0.5909295394581776	-0.8207378280927989
0.5903762307663182	-0.8193491565645233
0.5898707358404404	-0.8180723338092672
0.5894170627881679	-0.8169132633981823
0.5890184771706151	-0.8158778703775016
0.588677563964245	-0.8149722731651864
0.5883958497351871	-0.8142027010446261
0.5881253459003266	-0.8134288465088243
0.5877831792823505	-0.8124039907303987
0.5873779968955527	-0.8111296000775042
0.5869217735494957	-0.8096167862027779
0.5864279722601468	-0.8078810823986547
0.5859065960136326	-0.8059467400828578
0.5853839151646173	-0.8038375352619617
0.5848791717869357	-0.8015640088056861
0.5844010546041167	-0.7991212913044675
0.5839529299855153	-0.7965272020893106
0.5835516396605789	-0.793811480951586
0.5832063528168633	-0.7909874950914074
0.5829058195779211	-0.7880036844484878
0.5826487988274833	-0.7848017949399705
0.58243570762695	-0.7813360690459142
0.5822707271831356	-0.7775753892510011
0.582161773252228	-0.7735063604120608
0.5821179537160369	-0.7691357265831276
0.5821490906085623	-0.7644922300171921
0.5822632029880851	-0.7596263586619421
0.5824546363410701	-0.75465949349842
0.5827145703468886	-0.7497202702089868
0.5830282472025756	-0.7448168582592547
0.5833800630352741	-0.7399486301116435
0.5837730362032953	-0.7350969277780499
0.5842319703926537	-0.7302896795521204
0.5847406689981363	-0.7255990307814919
0.5852790900710433	-0.72105354425304
0.5858489450826805	-0.7166766224828023
0.586446612836207	-0.7124859777134815
0.5870704622130846	-0.7084951575562145
0.5877174491358789	-0.7047167850799031
0.588382720343407	-0.701162625091218
0.5890632169942565	-0.697839461674528
0.5897516654798	-0.6947507446076903
0.5904410169212134	-0.6918988188632162
0.5911230755805301	-0.6892850688442461
0.5917889132905298	-0.6869098733323142
0.5924291683390989	-0.684772640453254
0.5930343503307407	-0.6828718678996986
0.5935952005275201	-0.6812052548100967
0.5941028580853325	-0.6797697524217217
0.5945492743506184	-0.6785616347563929
0.5949272607147512	-0.6775767021915445
0.5952497373345965	-0.6767650030953835
0.5955613229009015	-0.6759941961242971
0.5958708126485738	-0.6752504840498962
0.5961824001906056	-0.6745247530486618
0.5964994706516366	-0.673807257265087
0.5968269113618614	-0.6730891622902552
0.597135054507848	-0.6724274580167013
0.5974358105867099	-0.6718058328189268
0.5977359450501577	-0.6711947141150199
0.5980331714620796	-0.6706052773106913
0.5983236849649	-0.6700428395830805
0.5986031875157436	-0.6695147305895746
0.5988665825635247	-0.6690293957762796
0.599111781332863	-0.6685890554540385
0.5993351110639481	-0.6681980767354327
0.5995284657060369	-0.6678680133462889
0.5996763489445168	-0.6676217305334211
0.599787167448956	-0.6674471765746857
0.599895503356255	-0.6672761446534979
0.5999859264436759	-0.6671330845328439
0.6000425530491272	-0.6670455246994796
0.6000914683554325	-0.666969649316225
0.6001323602110475	-0.6669045862572567
0.600175421491854	-0.6668416083872126
0.6002151368149118	-0.6667818990782788
0.6002530114014507	-0.666726464089958
0.600282814467447	-0.6666831832744913
0.6003069652866863	-0.6666469400596164
0.6002712492683776	-0.6666971592373209
0.6002029594649301	-0.6667945327575022
0.600169255381621	-0.6668444832224243
0.6001643524545819	-0.6668551281893191
0.6001629773087739	-0.6668592811142945
0.6001584725054959	-0.6668655313380751
0.600156684604386	-0.6668711380851389
0.6001211927169219	-0.6669249722644991
0.6000838667022892	-0.6669866825863475
0.6001195670042733	-0.666932382319774
0.600190438766021	-0.6668210493241853
0.6002385689616059	-0.666745107656274
0.6002476703373677	-0.6667310806465184
0.6002512663528312	-0.6667260557348761
0.6002537373987888	-0.6667215669310471
0.6002605543806311	-0.6667106604716996
0.6002628856036595	-0.6667057256651201
0.6002323518198622	-0.6667537316155722
0.6001365958849999	-0.666913370020942
0.6000478415950151	-0.667062435963586
0.5999829057220377	-0.667173405941192
0.5999413334679803	-0.6672456777865888
0.5999082262900343	-0.667304091106453
0.5998886135453402	-0.6673396011780042
0.599873674999549	-0.6673671908155906
0.5998668082543767	-0.6673808221886881
0.5998603107168109	-0.667393760672259
0.5998511286040283	-0.6674113308422521
0.599803033299771	-0.667501760452079
0.5996625743767495	-0.667772473786673
0.5994470463141783	-0.668195070392012
0.599233467343354	-0.6686286627205518
0.5990356484067306	-0.6690424095865375
0.5988536955987019	-0.6694359256380327
0.5986978040046922	-0.6697853507638828
0.5985624589791978	-0.6700995317099044
0.5984531340421729	-0.670364448686043
0.5983462646367393	-0.670634840414965
0.5982690339742629	-0.670838140265331
0.5982787456625884	-0.670816122638794
0.598364871996918	-0.6705828585537895
0.5985115524402783	-0.6701597563623436
0.5987203237608344	-0.6695369688176825
0.5989933047257839	-0.6686978600876339
0.5993323775393273	-0.6676273790363777
0.5997394007818375	-0.6663108976452897
0.6002157351712274	-0.6647358399406625
0.6007628770859298	-0.6628901339762352
0.6013417530589916	-0.660898998662734
0.6018918316650345	-0.6589409142651729
0.6024604144095225	-0.6568015487609086
0.6030709939892198	-0.654363293475176
0.6037174329751217	-0.6516228808959939
0.6043928049910522	-0.6485822912950687
0.6050903333563878	-0.645249057294357
0.6058037904441526	-0.6416377838574073
0.6065283160410374	-0.6377715329991563
0.6072618563338179	-0.6336832095844303
0.6080002831187884	-0.6294149230884035
0.6087428490996651	-0.6250037481565482
0.6095102782519647	-0.6204495430481911
0.6103041169022274	-0.6157462735648597
0.6111279807809687	-0.6108972755103038
0.6119788493969742	-0.6059139728387667
0.6128445445604889	-0.6008020278405376
0.6137171406348694	-0.595529423009667
0.6145899620773247	-0.5900674180178838
0.6154585573572842	-0.5844031994902736
0.6163158464530737	-0.5785387961257503
0.6171633207849004	-0.5724916057632576
0.6180139728294366	-0.5662820671780152
0.6188848478546145	-0.5599307752573303
0.6197703291711634	-0.553513475966463
0.6206659465456286	-0.5469983781787922
0.6215646261688547	-0.5403536241783
0.6224552705955458	-0.5335580489985067
0.6233228924244334	-0.5266012871741462
0.6241493720190678	-0.5194913567536997
0.6249154600190919	-0.5122490527215255
0.6256033260889639	-0.5049135616191855
0.6262124031867069	-0.4975484314385411
0.6267439181721207	-0.49017453690484386
0.6271481330002265	-0.4827650007835147
0.6274542293603802	-0.4752827616259268
0.627654091855375	-0.46768619240299086
0.627731847476755	-0.4599491954260577
0.6276701972297462	-0.4521174945739096
0.6274641019466857	-0.44428120930314635
0.6271144856500988	-0.4364480812031596
0.6266183735652618	-0.42861952976682216
0.625976635210192	-0.4207985014576905
0.6251915890037554	-0.4129919970578611
0.6242625850698429	-0.4052172589288459
0.6231921710953789	-0.3974541927346541
0.6219844634471097	-0.38971320723326064
0.6206410469919331	-0.38200818231263123
0.6191575849095783	-0.3743561957120813
0.6175361743061867	-0.36678737505896575
0.615819783266874	-0.35934129171124923
0.6140280810652786	-0.3519482642315701
0.6121475691064522	-0.34445735824646617
0.6101826947202734	-0.3368410225836084
0.608161822270595	-0.3291555695217641
0.6061001213357718	-0.3214550683066943
0.6040060332099312	-0.3137850333801634
0.6018741090288948	-0.30611202577766855
0.5997111919483	-0.2984448573378332
0.5975167655736604	-0.29078242067026505
0.5952959164047822	-0.2831263542357469
0.5930487696006749	-0.2755115121497596
0.5907730256371174	-0.2679239760349028
0.5884605916827937	-0.2603334372101448
0.5861117166438137	-0.25271786230216225
0.5837384734051884	-0.24510384588086945
0.5813445747758221	-0.23749356710264943
0.5789327185398147	-0.22989642515514375
0.5764940555958908	-0.2222963557013247
0.5740453382138331	-0.21470793647424713
0.5715736878152434	-0.20709633468634675
0.5691113377951101	-0.19947672242753506
0.5666951630089003	-0.19186155844285105
0.5643707065293876	-0.1842797691727313
0.5621327723255266	-0.17666685526034448
0.5599856972362107	-0.16901067143946094
0.5579097882724876	-0.16124746866819356
0.555911883835662	-0.1533909805799808
0.5540120648246759	-0.1455150885952452
0.5521987946642287	-0.13761711807995994
0.5504732106940494	-0.1297097777499853
0.5488345896742632	-0.12184717880672585
0.5472871942686621	-0.11413822467597784
0.5457975555993755	-0.10656544459766723
0.5443299201774686	-0.09906673573174031
0.5428431102269289	-0.09155174245972528
0.5412934423490064	-0.08393088821387752
0.5396805125153686	-0.07627220841282698
0.538005237954618	-0.06860401842928227
0.5362740527849301	-0.06091850534328155
0.5344988612895976	-0.05320300744585698
0.532700904311287	-0.04543630011348229
0.5309034975885218	-0.03762631661392267
0.5291161756661501	-0.029816295553841774
0.5273322658577987	-0.022003805021948035
0.5255578977724208	-0.014194172183463699
0.5237929801160754	-0.00638175703065433
0.5220376251482045	0.001433494899720667
0.520290227740021	0.00924900500886628
0.5185502176441672	0.017059980163590217
0.5168312817704036	0.024800698333741697
0.5151628698376186	0.03244493139164316
0.5135271963379419	0.040168561871850784
0.5119207055004602	0.04802416449096097
0.5103661379268357	0.05593435216861306
0.5088623832049757	0.06385035536533147
0.5074042393054082	0.07177373361294667
0.5059874338862725	0.07970623191733345
0.5046199273463251	0.08762158968136283
0.5032972652906984	0.09554526076968639
0.5020124794344231	0.10348817101330214
0.5007669520729299	0.11143128978257841
0.4995581750650892	0.1193680803422083
0.4983858365774206	0.12729881445799945
0.49724103641133915	0.1352391960292289
0.4961213215687157	0.14318375811900713
0.4950262984869459	0.15113545902607173
0.49395528519312143	0.15908949505934294
0.4929034561850561	0.1670486132570637
0.4918709998043464	0.1750107306684861
0.49085336897687354	0.18300701904718844
0.4898668617729788	0.19095841363454552
0.48891829647109386	0.19878674234075244
0.48796902283418914	0.2066306786843644
0.4870060671219197	0.2145445392741151
0.4860356391944238	0.2224389494947463
0.4850573065881261	0.23034736388530908
0.4840692912815128	0.23827278517005074
0.4830765903583008	0.24620103769507495
0.4820785448627876	0.2541108436891565
0.4810580491954581	0.26201707157942516
0.48002894894790543	0.26996447195479595
0.4790100341213754	0.27791862285236535
0.47800090765451153	0.2858764430701233
0.4770001602199958	0.29383294235842283
0.47601691563593357	0.301754890715817
0.4750347431430843	0.30967831941471025
0.47404708937503903	0.31759940121920455
0.47305915937938464	0.32549518499764235
0.4720668091825379	0.3334081392133873
0.47107389397967464	0.34133473967065003
0.4700916568654294	0.3492877599772345
0.4691250204900824	0.3572409512153741
0.4681677093675969	0.36519704379419776
0.46721900040842956	0.37315631341641936
0.46627821049943285	0.3811205128236501
0.46534727720721125	0.38908736945164474
0.46442491323564516	0.39704639065613745
0.4635140658876729	0.4049888796330398
0.462606536442105	0.41294238858248644
0.46170048374756345	0.4209042915375065
0.4607926988141674	0.428851217946994
0.4598817033586698	0.4367753371423932
0.45896139628279614	0.44470697587230174
0.45803524569025467	0.4526446203661137
0.45710666268356714	0.4605872180652473
0.4561752449240148	0.46853245512977787
0.4552399879462295	0.4764808469342709
0.454301600932379	0.4844324327373531
0.4533605308845345	0.4923851447283012
0.4524110712736244	0.5003796882407908
0.4514632164293052	0.5084586320650624
0.4505463556368845	0.516533695707101
0.44967681251579394	0.5245398257366719
0.4488528449120687	0.5325394205919973
0.44806044075013596	0.5405071344896253
0.44728785605754234	0.5484857938291259
0.446537820243718	0.5564712461972475
0.445808361681115	0.5644584468581633
0.44509440399015526	0.5724369528815878
0.44438233043039066	0.5804092088212933
0.44366520987447655	0.5883814761744957
0.4429440163135653	0.5963589559326121
0.4422201450823161	0.6043362013090823
0.4414967692728944	0.6123018780747773
0.4407746483882797	0.6202612961186327
0.44004767680875256	0.628205825573841
0.43932057410019837	0.6361407327183569
0.4385879970310575	0.644096553353723
0.4378549549684686	0.6520531982449298
0.4371224894777709	0.6600193198118518
0.43640039311675033	0.6680005319282322
0.43569038662988235	0.6759863642958476
0.43499125767916624	0.6839718364917818
0.43429836323125814	0.6919597779838716
0.43361201126913335	0.6999489834261722
0.43293232221570616	0.7079378295595019
0.4322582718112973	0.7159149049951113
0.4315909250431927	0.7238849161526623
0.43092487625652387	0.7318407715578404
0.43025908954666536	0.7397891196979328
0.4295798397773212	0.7477259481821741
0.42888007098110037	0.7556714509050856
0.4281661279429067	0.763617944738325
0.42743781847574513	0.7715732158046756
0.4267015035193292	0.779534716435238
0.42595724476104496	0.7874990822636894
0.42520534079058137	0.795466450362264
0.4244467928869394	0.8034363969401916
0.4236804237976099	0.8114066399692437
0.42290592107482705	0.8193864300826316
0.4221378936592111	0.8273449880225423
0.42136734632840006	0.8352914352111314
0.4205967892803799	0.843231362849057
0.41982215933122224	0.8511834695881655
0.41904706359586785	0.8591371937022657
0.41827096764249955	0.8670946678618061
0.41749396246157516	0.87505603121313
0.41671582730378576	0.883021300766957
0.4159365607800917	0.8909900967998937
0.4151574876768422	0.8989679672631725
0.41438400640776096	0.9069485108996809
0.4136164872046194	0.9149196315373634
0.41285389421690827	0.9228797257889949
0.41209602631194914	0.9308436479066766
0.41133705386517644	0.9387881404266865
0.41058088264423925	0.9467320192931146
0.4098230625983316	0.9546886949851765
0.40906739520778934	0.9626470364445142
0.40831309025993856	0.9706089017226927
0.4075575928182907	0.9785582389461953
0.40678471325449483	0.9865045773868988
0.40599342301350794	0.9944534610305614
0.40518440131537403	1.0024039738384043
0.40435967526949596	1.010359884291688
0.40352001775354246	1.0183201908007609
0.40267372373540844	1.026264928807165
0.4018174167285514	1.0342035979651936
0.40094902722184467	1.0421270357568206
0.4000732404233952	1.0500345529032336
0.3991824632662196	1.0579575696631363
0.39827597306260776	1.0658781492964429
0.39735080357177394	1.0738014416948234
0.39640913129733313	1.0817280923149328
0.3954514603360413	1.0896570180672878
0.394478313584	1.097590385309545
0.39349220053081296	1.1055257280079651
0.39249459621635113	1.1134641672153442
0.3914832693038707	1.121401473258737
0.39046614576448474	1.1293253813512822
0.3894390407740554	1.1372475932779411
0.38839052030393334	1.1451407955303041
0.38732438212632786	1.1530204681499479
0.38623192683201263	1.1609136913325975
0.38512048300691704	1.168806907797417
0.38399144930440604	1.1767066648416302
0.38284877087955466	1.18460927045798
0.38169167527657616	1.192512076691381
0.38051912310431285	1.2004179931042738
0.37933695204850426	1.2082698771098108
0.3781262673987197	1.2160865219927386
0.37686351570566873	1.2239529704841277
0.37557107126893874	1.2318171689515
0.3742550820662684	1.2396787098807254
0.3729149049784804	1.2475254290610884
0.37154943272748714	1.2553448458361274
0.3701561809302559	1.263163514780928
0.3687346290282557	1.2710041482046248
0.36729094406524115	1.2788450188420768
0.365826731863757	1.2866867333928051
0.36434465056440024	1.2944901179980732
0.36281711830007773	1.3022937425970709
0.36124161538119476	1.3101190906968614
0.35963758416022945	1.3179182624872017
0.3580065700536325	1.3257006793125878
0.3563376323896735	1.3334927789785225
0.3546413415086337	1.3412781039231705
0.3529189875815977	1.3490481001441865
0.3511694390317068	1.3568090844469893
0.3493878518292008	1.3645694973216804
0.3475608805718799	1.372297943556378
0.34568607517901384	1.3799824994213141
0.34378046921856703	1.3876687140614015
0.34185052949299366	1.3954368427991177
0.33992789989493527	1.4032187220995782
0.33802380732070253	1.4109556008792667
0.33612498284133163	1.4186689363007854
0.3342172520114569	1.4264147213208398
0.3323018190835689	1.4341810237469856
0.330384424583046	1.4419460353296834
0.32845892087506035	1.4497164523301826
0.3265201360153581	1.4574555835193845
0.3245687158667194	1.4651770064288163
0.3225935599385564	1.4729027710284628
0.32060297402525245	1.4806313067267298
0.3185979610183051	1.4883568871549808
0.31657682382246316	1.4960824388072882
0.31454117663742487	1.503807030011511
0.3124887451576935	1.5115355342832477
0.3104272426810579	1.51925284704222
0.30835722734909976	1.526967335782005
0.3062760594021433	1.5346817797604473
0.3041857738848674	1.542394811319677
0.3020858478078927	1.550103225096493
0.29997491245579755	1.5577988663667983
0.2978579236072253	1.5654692582850476
0.29572404568714905	1.5731516700540642
0.2935755617353025	1.5808430187505134
0.2914171969806916	1.5885347050348173
0.2892498588515883	1.5962264758026408
0.2870742875309937	1.6039086540053644
0.28487904829886096	1.6115914893366863
0.28267241120799985	1.619262850710416
0.280454874542985	1.6269355200438973
0.27822548047267615	1.6346073221542992
0.27598545276846065	1.6422783981897873
0.27373582961986875	1.6499464732885614
0.27147632699009877	1.657604241603292
0.2692099420435623	1.665236019443511
0.2669305057688238	1.6728702036622811
0.2646345316939908	1.6805248560506607
0.2623337649325724	1.6881806979317469
0.26002880536723083	1.695838105969649
0.257719755130471	1.703493636721998
0.2554024668349111	1.7111455149040162
0.25308755799365995	1.7187898504462622
0.25076559474149435	1.7264424634280828
0.24844123442043725	1.7340958657835055
0.24611409350610652	1.7417507965979853
0.24378483026775266	1.7494040896967022
0.24146080684473378	1.7570300310234561
0.23915269850555398	1.7646077665697253
0.23685195502609246	1.7722026994103934
0.23454759469902162	1.77986451088184
0.23225260679491896	1.7875447985955892
0.22997193884954137	1.79522918638462
0.22770309044556925	1.8029168685324202
0.22544423771904654	1.8106071319505839
0.22320597916602783	1.8182931866710734
0.22097783551188652	1.8259911201878203
0.21876296773804213	1.8337050928658607
0.2165754234485643	1.8414494348925765
0.21442945964471807	1.8492035167904233
0.21231869424911382	1.8569579079397436
0.21024690135666607	1.864710960377396
0.2082052122254877	1.872467051971509
0.20618788024286835	1.880238310919513
0.2041977085527257	1.8880190197074886
0.20223453302775993	1.8958074200449262
0.20029666105462043	1.9036026176768932
0.19838859416996166	1.9113615249978426
0.19650514255173632	1.9191061300447123
0.19463005370886777	1.9268868561433503
0.192766896952451	1.9346832954743112
0.19091673750203084	1.9424817934852177
0.18907856243205157	1.9502805801942424
0.18725182068153284	1.958063140252337
0.18543557657680845	1.9658481039735283
0.18362427498249773	1.9736438593131145
0.18182164810132112	1.9814371832079005
0.18002109240324726	1.9892016553662475
0.178204902616364	1.9968883313819312
0.17632281600072414	2.004563995191259
0.17435399768525453	2.0122778127207295
0.17231563146821813	2.0199664500685524
0.17022409440508024	2.027619654930846
0.16808033276210158	2.0352716871858503
0.16588824795965582	2.0429085857985387
0.16364555310424211	2.0505274884167624
0.16135410068618486	2.0581218415532034
0.1589979096937995	2.0657226230306134
0.15654361044951898	2.073362661623134
0.15398238119680838	2.080960216155661
0.15133985798093744	2.0883697661685834
0.14857185009953194	2.0956965359806654
0.14566533051167216	2.102971039078312
0.14262667526085504	2.110179575125124
0.139455558851208	2.1173411054311306
0.13615516160400537	2.1244478384275296
0.1327253994557435	2.131499177614895
0.12917301069717674	2.1384926861578535
0.12551091234950168	2.145461213327451
0.12177737544858587	2.152406373003314
0.11796748642509425	2.159384780077765
0.11410683756927048	2.166359860344796
0.11020947069843263	2.1732882280298336
0.106271922577259	2.180168569949443
0.1022811179860009	2.187021349736112
0.09824806728930469	2.193851283893719
0.09417248459352501	2.200660097406669
0.09005384369045866	2.2074562694233846
0.08590143129052608	2.2142648723100913
0.08173996116809432	2.2211122265168237
0.07760204983763584	2.228029145991255
0.07352997107780429	2.235027385853097
0.0695524722225667	2.2421328228478323
0.06569193357150359	2.24933567710992
0.06195411747453253	2.256600650178444
0.05833690999782101	2.2639108258877365
0.054858494871016676	2.271284429840594
0.05153120065954647	2.278706435368242
0.04834165294211985	2.2861600853845245
0.04527752978037252	2.2936723865297584
0.042331705606415804	2.301257964112051
0.03950762261061219	2.308895118784855
0.03680717815911356	2.316578536592512
0.03422860702911579	2.324305652800976
0.03177147136917252	2.3320710058609433
0.029439291035810267	2.3398705106264757
0.027237460354201225	2.3476916043700142
0.02515497317087693	2.3555532814398057
0.023197309436078943	2.363456697193418
0.021366536997562247	2.3713932075824067
0.01966331223993475	2.379358947321505
0.01808657919794311	2.3873514046890905
0.016637007137516077	2.395363551643062
0.015313874103429338	2.4033923280721323
0.014119288563112925	2.4114307953495526
0.013042061654452621	2.4194961270096176
0.012088333579003303	2.4275716448806732
0.011261107190688423	2.435653691089582
0.010553224150841643	2.443737666492636
0.009957860501508053	2.451834224793056
0.009475977563869939	2.459939683482147
0.009105499678863628	2.4680530330665382
0.00884569699469009	2.476173231216631
0.00869606730356727	2.48429997817465
0.008657048546539356	2.4924306438095183
0.008728007594684301	2.5005630809042927
0.00890728650756892	2.5086890327782827
0.009188550762224083	2.5168037070061398
0.009532374307686848	2.5248975908450215
0.00995190273512278	2.5329219638728078
0.01050743915700587	2.5407720770274183
0.01114872932636281	2.548380098490023
0.011839265417145622	2.5556906217812276
0.012564126380472716	2.5626634978427427
0.01330966133653349	2.5692749871892375
0.014065201147135279	2.575514435394589
0.014823244408633408	2.5813815664238304
0.015578951687168262	2.586883661828536
0.016330355929569683	2.5920332502297905
0.017077552519406156	2.5968459591614104
0.017822481568161644	2.601339267136944
0.018567227461169244	2.6055330255971416
0.019314411154996425	2.609444808002322
0.02006636946964514	2.6130905332540375
0.020822923242574187	2.616483722257158
0.02158858830603412	2.6196272098078746
0.02235936538256663	2.622522094575268
0.023130100141410793	2.625169706189007
0.023895556429532963	2.627571178429642
0.024681382726101455	2.6298220220105506
0.025500282953832016	2.6319839861909853
0.0263468021689909	2.634060141522748
0.027210075977862232	2.636041404458136
0.02808510808306796	2.637930910025207
0.028957611239913052	2.6397125801438266
0.02982934023294744	2.6414017441712625
0.030689170559735513	2.642989396445955
0.03156052309848509	2.6445250866124015
0.032463088736939365	2.646058568966188
0.03342596939061486	2.647643177578791
0.03445199671134097	2.649288530347991
0.0355278173789827	2.650987086096636
0.036592319836185036	2.65265159942652
0.037631348205028566	2.654259979513018
0.038639435993072534	2.6558071031406314
0.039609815959486504	2.6572861352410095
0.0405354869843763	2.658690182404265
0.04141667816958126	2.6600234812516512
0.0422408560141794	2.661270698653303
0.042999746071557474	2.66242290427143
0.043687454164221935	2.663473149373
0.044297918955393784	2.664413838709968
0.04482648660401421	2.6652378704425668
0.04526839431523181	2.6659369913767885
0.04562049807233606	2.6665039950587985
0.045880030620559446	2.6669303551318313
0.046050002118492306	2.66721592619352
0.04612523467958003	2.6673423275183286
0.046113755294149225	2.667313638837818
0.04605050087447527	2.6671826307022783
0.0459869137615606	2.6670463183734228
0.045926089711893645	2.666909400513928
0.045867847053247694	2.666771719938688
0.04581177589316539	2.666632766348211
0.045758004338376415	2.666492890834765
0.04570675674963394	2.6663517320482533
0.045657763909093124	2.6662091696506707
0.04562998699311127	2.6661214809906446
0.04564985922840781	2.6661785743855284
0.045707105540178504	2.6663506741433105
0.04579145083906873	2.6666149252490934
0.04590679911518257	2.666971065195819
0.0460232350233269	2.6673393806705685
0.04611505849441816	2.667620900670439
0.04618007912060127	2.6678189037127105
0.046213312565214465	2.6679178605273544
0.04623851009373712	2.6679954837404325
0.04626541566005586	2.6680739719954953
0.04629327024970819	2.6681543644896903
0.04632143633172026	2.6682336691145254
0.0463499935695781	2.6683116717750015
0.04637892640765156	2.668388898155257
0.046408640731173366	2.6684662903303336
0.04643862151390157	2.668542885577358
0.046469194354222226	2.668618978724869
0.0464999817241495	2.6686940525662464
0.046531290195331795	2.6687686517346365
0.04656315961129896	2.6688430580817455
0.04659137569052622	2.6689079087658083
0.04661467054689525	2.668959982485794
0.04663973336277198	2.669015254197365
0.046665346056598965	2.669071822875412
0.046691204297964244	2.6691276323629802
0.046716947119685985	2.6691824069808647
0.04674258635313848	2.669236216403821
0.04676851822675465	2.6692899229873626
0.04679436040829161	2.6693427088983075
0.04686697687660769	2.669480856321233
0.04700763678556408	2.6697536378448348
0.04714349081065662	2.670008697844865
0.04723819234585197	2.670185834730244
0.04726566916125093	2.6702369582455687
0.04725465724281404	2.6702109640654683
0.04723879557079695	2.670177716084383
0.04722412158775148	2.670145666691623
0.047209952219168246	2.6701142029834948
0.04719511141347194	2.670080598539615
0.047195215288932064	2.6700772976995366
0.047236696727435426	2.6701627470341713
0.047259273569869024	2.670211263264463
0.047260830635498983	2.6702196422838447
0.047263865493514745	2.6702248380234352
0.04726680434444238	2.670230473511077
0.04727097655524907	2.6702382652485595
0.04727529891711598	2.6702478221362194
0.04728015534614664	2.670257259131773
0.0472849749912508	2.6702666606151237
0.04729894136532549	2.6702896553239253
0.047318502084620295	2.670335815784152
0.04733441313111929	2.670371187402086
0.04734974874914521	2.670404845623509
0.04736491351343123	2.670438048889884
0.04738078085136647	2.6704724795026595
0.04739688545862399	2.670507319163064
0.04741289234679982	2.670541636069015
0.04742879421587901	2.6705754595619084
0.04744458084872623	2.670608812279975
0.047465391186932826	2.670653939383116
0.04749393223703746	2.6707134921953366
0.047493641837755673	2.670709830354832
0.0474855993487331	2.6706927382283987
0.04748345959118286	2.670686345960004
0.047481067272876015	2.6706815421772
0.047479344419034564	2.6706771599732693
0.047476738947300486	2.6706707741934723
0.04747386732097854	2.6706637711794325
0.0474710968152801	2.670656987483921
0.04746587780626355	2.6706466425468642
0.04746819988468848	2.6706469851615675
0.04747212598276984	2.6706524954183655
0.04748530375547559	2.6706822886568404
0.04749740198334746	2.670709732069625
0.047503918291909294	2.6707278638219716
0.0475085337506289	2.670738553853176
0.047513329941920715	2.6707489419156194
0.04752160503527504	2.6707624757688913
0.04752822177575048	2.6707775716977245
0.04754235085662242	2.6708085355096256
0.04756384569134727	2.670858283650567
0.047583641249695656	2.6709020824874257
0.04760100332075173	2.6709403093920074
0.047617581279633635	2.6709762837887405
0.04763491740155049	2.6710137163444108
0.04765254937023915	2.671051594370035
0.047669978821992746	2.6710886734869046
0.04768742242348746	2.6711254403368225
0.04770506858070559	2.671162375482134
0.04771660999379828	2.671187965696577
0.04771009314966193	2.671180294736868
0.04770784173955288	2.671173409077826
0.04769699979347036	2.6711459108494857
0.04768283644276231	2.671115746484954
0.047669450951030534	2.671085349589392
0.047657511213889454	2.6710576746743935
0.04764595679095259	2.6710308767248976
0.0476348337053819	2.6710045133951903
0.04762358976611615	2.6709776266456564
0.04762457921456047	2.670977640081794
0.047643410516789705	2.6710165415382128
0.04767526935061077	2.6710909709103747
0.0477010970291391	2.67115117414427
0.04772353009321964	2.671202513708744
0.04774326417841728	2.6712461551502606
0.047762783936632955	2.6712894485056107
0.047782130618006055	2.6713318741650323
0.047801609850629055	2.6713741334476273
0.04782099182645674	2.6714158338649017
0.0478353896806849	2.671448781690109
0.04783149798450076	2.6714446473715863
0.04783010961971245	2.6714389928071376
0.04783025298321475	2.6714385030733467
0.047831632686235664	2.671440531096361
0.04783343584036658	2.671443408895903
0.047835057600289846	2.6714458197235906
0.04783660148943955	2.6714481209397327
0.04783813246304503	2.6714504413372766
0.047839687526333566	2.6714528193657983
0.04784132560301185	2.671455384763996
0.04784164773761199	2.6714544810807954
0.047843256160687665	2.6714568750257652
0.047844883715652244	2.671459792801858
0.0478466848875955	2.671462699073513
0.047848548166010134	2.6714657694714887
0.04785044080080446	2.6714688850415875
0.0478523675840001	2.671472090585121
0.04785430878487242	2.6714753209086073
0.047856304315761586	2.671478693513293
0.04786777029968488	2.671497421643912
0.04788598002726671	2.6715393022579246
0.04790646206199747	2.671586857786763
0.04792766982648007	2.671633808699051
0.047945897657227864	2.6716738614579105
0.0479624961871358	2.6717096904086834
0.047978969940741585	2.6717451554816343
0.04799644587141297	2.6717824513640185
0.0480141206968067	2.671820030626057
0.04803171067299277	2.671857027222723
0.048045388010842655	2.6718894019741537
0.048055703080611224	2.6719119553174266
0.04805367112754502	2.6719019384763816
0.04803638925667724	2.671864981045244
0.0480272697226079	2.6718426010156615
0.048018512713966524	2.6718236092651213
0.04801027324482378	2.6718043053434073
0.04800101977545938	2.671782467641723
0.04799158651325484	2.671759896122047
0.04798234227541138	2.6717375472239904
0.047984164383471056	2.6717398634661977
0.04799876947801903	2.671767991015624
0.04802576678251607	2.671831186047882
0.048048537080079376	2.6718847859149584
0.04807198259875919	2.671938117150378
0.048092586863348566	2.671984525910606
0.04811125398590322	2.6720257704754093
0.04813086573670742	2.6720687855620615
0.04815085687593122	2.672112420434701
0.048170593577750734	2.67215497729825
0.04818587503423545	2.6721913764625858
0.0481901511396179	2.672199791659893
0.04819007204284679	2.6721987823162854
0.04819447445587158	2.672205373609296
0.048198625992773754	2.6722142195805363
0.04820297902710311	2.672222855445854
0.0482071721677226	2.6722301767085415
0.04821133678287885	2.672237547874888
0.04821572172709952	2.6722455593097747
0.04822049080882646	2.6722541978521552
0.04822498749118207	2.6722611801206395
0.04822898243048918	2.672267492559552
0.048233647904002766	2.6722745700585353
0.048238405151311045	2.672281886873381
0.04824323294315362	2.6722892551782658
0.04824809063061289	2.6722965928291584
0.04825299888052957	2.6723039492217158
0.04825803096302988	2.6723114905185996
0.04826310434259764	2.6723191012659755
0.04826829458898023	2.6723269398264673
0.04828113711438593	2.6723467016221365
0.048298651866185614	2.6723867019012197
0.048316723676509035	2.6724280330270993
0.04833541829225081	2.6724686077928648
0.048351548674887	2.6725034794531046
0.04836663212964741	2.672535434121394
0.04838162250621129	2.6725672063452195
0.04839726645003743	2.6726001512242457
0.04841314009938828	2.672633428192422
0.04842886029795639	2.672666110001023
0.04844014180317823	2.6726939672965706
0.0484495890617954	2.6727137827733274
0.04844846390332025	2.672705532967963
0.04842900201098117	2.6726636487706976
0.04841737201602776	2.672635648716496
0.048405286877358074	2.6726092121511242
0.048394890961633304	2.672584659092962
0.04838489786333611	2.6725611667257434
0.048374090991195565	2.672535467466171
0.04836318002271995	2.6725088477851373
0.04836488637032868	2.6725108456656463
0.04838137094751019	2.672543762322995
0.04841512927155991	2.6726233400313264
0.04843907548638862	2.672679374222428
0.04845768338869411	2.6727216289998696
0.04847558815693634	2.6727620019960576
0.04849511124011214	2.6728055071622627
0.048515014203998445	2.6728501534673192
0.04853474118406176	2.6728935710331583
0.04855450401724726	2.6729365580490074
0.04856906833935305	2.6729717751875834
0.048573324976633976	2.672980758126671
0.048573852162206214	2.672980724689307
0.048578100123514247	2.6729886005097097
0.04858325352889087	2.6729967120283185
0.04858799424545811	2.6730057212820904
0.04859294041373232	2.6730148342561364
0.048597508541115886	2.6730251891645116
0.04860293833173161	2.6730346084080496
0.04860827451964429	2.673043966304738
0.04861301554387778	2.6730517252634876
0.04861746045911115	2.673059895889107
0.04862222007136247	2.6730682581792102
0.048627072289578396	2.6730770772906878
0.04863210744289912	2.6730859785948113
0.048637113172072435	2.6730948925437334
0.04864218283137075	2.6731039982510043
0.04864732949052348	2.673113165494161
0.04865246685070434	2.6731223286177883
0.04865763619985433	2.673131608322527
0.04867136251396982	2.6731538981956358
0.048687237505819506	2.673190823191863
0.048704226171507145	2.67322795451956
0.048718635405397406	2.6732593861775253
0.04873263429075711	2.673289331877505
0.04874717997148025	2.673320494759881
0.048761751202233625	2.6733516011197818
0.048776235907179825	2.673382249989115
0.04879053466356708	2.6734123369493576
0.04880491612242843	2.6734424138021424
0.048819370664413546	2.6734725054130064
0.048828438522078604	2.673497107090496
0.048832718601560715	2.6735038065121572
0.048828856157158936	2.673493680604622
0.0488248167541539	2.6734848383911807
0.04882106500983191	2.673475948095541
0.04881806025299642	2.6734686203076397
0.048815276868075574	2.6734618299763784
0.048812481480994034	2.6734549211463317
0.048809681523850595	2.673447953351319
0.04881449095723707	2.6734552398693006
0.048818761443094036	2.6734659778848564
0.04882295213950348	2.673475554131446
0.048827691767366885	2.67348393970938
0.04883248769544865	2.6734923321877604
0.04883774466954773	2.6735020140024885
0.048843385719654415	2.6735122805649207
0.04884916867085402	2.6735225157389904
0.048854891779665496	2.6735326642601804
0.048860692912755355	2.6735429218048496
0.048872738112957614	2.6735618135407493
0.048883950755022255	2.6735869123372127
0.048904291531818925	2.6736339570394825
0.04892332703183408	2.6736755886229826
0.04894195150279602	2.6737157088661965
0.048959661567375364	2.6737537381571537
0.04897696627507658	2.673790439322648
0.04899446435207595	2.673827311674459
0.04901204933821302	2.6738641350574266
0.049029683163777094	2.673900751411567
0.04904324216328264	2.6739325617557617
0.049052143302888956	2.673952504152983
0.04905650159973936	2.67395712134746
0.0490447926522959	2.6739291582709295
0.049031796311448994	2.6739007623629942
0.04901949252416909	2.67387257978194
0.04900735710142768	2.6738444537848607
0.04899564588682934	2.673816848573881
0.04898402690813633	2.673789194595179
0.04897290226994436	2.67376218004137
0.048956321135736974	2.673725008452134
0.048941025518866345	2.673682382541779
0.048937804968221074	2.673674666833029
0.048964646837720026	2.67373447685153
0.04901444044477078	2.67385122572324
0.049052283752187266	2.6739422472575205
0.04907207480605597	2.6739901342666204
0.04909096376599844	2.6740339076937825
0.0491100693838247	2.6740786023615404
0.04912923894307313	2.674123120469309
0.04915539646713426	2.6741815847372985
0.04918136635953402	2.674242153184474
0.049208029284207526	2.674301577358702
0.04923337836305481	2.6743574474753387
0.0492586979547995	2.6744121160416556
0.04928457036941228	2.6744674277796086
0.04931038785986901	2.6745219424721127
0.04933632688448563	2.67457589404154
0.04936228468352221	2.674629230142753
0.0493883300365361	2.6746820492028713
0.04941248985070443	2.6747328512202206
0.04942995458803318	2.6747699667718825
0.04944878070413673	2.674804883173477
0.04946767560281283	2.6748381131842836
0.04945466073113607	2.674803893468953
0.049419758404393145	2.6747282592188686
0.04939197496475859	2.6746636535133046
0.04936350566191488	2.6745984738488464
0.04933698402482272	2.674534651211106
0.049310990652028125	2.674471126619737
0.049295587221757795	2.6744301547580918
0.04929374275128871	2.674425120393135
0.04932368694956095	2.674493905457043
0.049381018522383024	2.674629515107154
0.0494474162385667	2.6747927335250177
0.04948090998197372	2.6748706313131145
0.04950647141462367	2.674933194643935
0.049532379471768015	2.674994306477145
0.04955882451721233	2.6750557657617855
0.04958540954955306	2.6751167363735684
0.04960790388393005	2.675167780822094
0.049623169274052095	2.675204582448014
0.049639234329722844	2.67523800403573
0.04965547867173602	2.6752731928460127
0.04967461145212111	2.6753138413180446
0.049693610572940264	2.67535492204956
0.049712722797404116	2.675395328821266
0.04973144230389336	2.6754345644400783
0.0497499727771194	2.675473032833742
0.04976338720185748	2.675504658958008
0.049769648703712824	2.6755195806141305
0.0497738584306961	2.675525814751238
0.049755816344064736	2.6754821981950467
0.04974201091189913	2.675450872064005
0.04972916854772491	2.675421709923755
0.049714994563666556	2.6753889997157936
0.049701013103781756	2.6753556002457177
0.04968736732089727	2.6753227949251825
0.04967388900961045	2.6752899578273692
0.049653121184141925	2.6752422901734003
0.04963161119052124	2.675183888213437
0.04962413215799172	2.675165988142393
0.0496513220734247	2.6752288152558177
0.04970594353314031	2.6753567845207025
0.04978767761036155	2.675554914626536
0.04984788345556507	2.6757009831714123
0.04987852100382743	2.6757731931709228
0.049904836628711105	2.6758348350741397
0.049930160538329535	2.6758940092189247
0.04995538853868317	2.675951652981235
0.049979067008430134	2.6760053341983223
0.05000314774565109	2.6760586200746332
0.05002756484864341	2.676112332845091
0.05005231279273729	2.6761659982744823
0.050076797988290726	2.6762184287703508
0.0501014120279196	2.6762703717066336
0.0501262401662118	2.676322177841567
0.050151037296096275	2.6763732881352724
0.050175825850295966	2.6764237369620645
0.05020077737204253	2.6764739259977786
0.05022176336748093	2.676515804244742
0.050232385465444576	2.676540608815267
0.05024236071791511	2.6765617621138746
0.05025700376251931	2.6765874203718756
0.05026810003590189	2.6766041702991776
0.05024634586513255	2.6765527214136458
0.050215162403680846	2.6764854145359522
0.050190064492228584	2.6764272062197128
0.05016446146938131	2.6763686270547433
0.0501394647322726	2.6763091185639314
0.05010727279612845	2.676234111158375
0.050075559083454346	2.67615023852601
0.050060567755119315	2.676111647392794
0.05008672358264062	2.676171693235139
0.05014032221269081	2.6763038469274965
0.05021322537815758	2.6764830218471887
0.05026259072747999	2.6766069087418205
0.05028853211497178	2.6766691877552877
0.050303982955823466	2.6767105693768793
0.05032003007642847	2.676749023000748
0.05034670731911242	2.6768143087106346
0.050378747605002314	2.6768921507380856
0.0504065751165802	2.6769593168505734
0.05043499859426798	2.677026471097177
0.05046162488752856	2.6770884584560948
0.050488358595863064	2.6771488355899478
0.050515184064663626	2.6772089450449665
0.05054237138494526	2.6772688672236487
0.05056966289212484	2.67732814297354
0.050597063998279075	2.6773867345749154
0.0506194868470078	2.677436391596752
0.05062636383859692	2.6774540045529576
0.05063015929898594	2.677460120717316
0.050630931679517155	2.6774603936119177
0.050631711949216035	2.6774606332303446
0.05063245639815777	2.677460847679374
0.05063715449608485	2.677469346588271
0.05064268328692929	2.677479492329138
0.05064788208471182	2.6774874151085473
0.05065244281747782	2.6774947223059957
0.05065690198929847	2.6775017967325274
0.050661502859214974	2.677509191278967
0.05066622915345402	2.677516796755429
0.05067107434623235	2.6775246440093454
0.050676022295345804	2.6775326737347602
0.05068094400524211	2.6775406366192915
0.0506858268213487	2.6775485639692858
0.0506907050250567	2.6775564949451285
0.05069564271774271	2.677564573212629
0.05070068846431046	2.677572854778667
0.050703601830892446	2.677572702331432
0.050709482038993316	2.6775840626399696
0.05072259930461943	2.6776140894461498
0.05073612715444794	2.6776428027637698
0.05074771466706803	2.677667489407918
0.050758993558367375	2.67769090714094
0.05077055195318883	2.6777151054771164
0.05078224750562441	2.677739547303026
0.050793867552069556	2.677763696724368
0.050805411918111096	2.6777875782449563
0.05080968388093853	2.677803750743441
0.050810190756572386	2.6778003723214803
0.05080537131887357	2.677789466560568
0.0508007723093275	2.6777785454994656
0.050800759628795635	2.677776997424805
0.050800224679955375	2.677774827898009
0.05079967132901729	2.6777725114639055
0.05079853383686855	2.6777689473883663
0.05079739884599457	2.677765286732732
0.050791317140273295	2.6777540837471414
0.050788426176348295	2.677744027494773
0.05078569536079869	2.677736057561212
0.05080496922624338	2.677775982544081
0.05082214206042524	2.6778159080357162
0.050840135889936265	2.6778557800271336
0.0508546864346389	2.6778884348739838
0.05086782779024931	2.6779161211514833
0.05088161562127817	2.6779458579278574
0.05089570140553769	2.6779762316556095
0.050909517563151305	2.6780057425737023
0.050920336859853435	2.6780288043709213
0.050930799449275366	2.678050391302765
0.05094108484387504	2.678071871669321
0.050951952563950624	2.6780945036639485
0.05096299039124953	2.6781175152149634
0.05097406352207568	2.678140457871324
0.050985156972552695	2.678163368453739
0.0509960969574619	2.6781858823006703
0.05100701359188677	2.678208249105454
0.051017884813738874	2.67823046986325
0.05101355680863043	2.6782278315021766
0.05098918824038819	2.678179376698621
0.05098454233468012	2.678166006989939
0.05097970752722246	2.6781549107660894
0.050974961762824754	2.6781437225202973
0.05097191058113113	2.6781359209551656
0.0509693829386989	2.678129623778269
0.0509665125150814	2.678122488227357
0.050963605840134714	2.678115024816892
0.05096086817520637	2.678107963683046
0.05096841467473183	2.678121733535223
0.05099396039572693	2.6781762031802527
0.051014149583392676	2.678220614437122
0.05103133019920517	2.6782583100858277
0.051048123869116835	2.6782941212351066
0.05106377317620697	2.6783276210017086
0.051079152795390416	2.678360066955497
0.051094799265027635	2.6783929719192465
0.051110485073910646	2.678425809880719
0.05112617958390816	2.678458406041165
0.05113322595564147	2.678478704848315
0.051118562974455106	2.678450511967705
0.05111523301946052	2.67843955666061
0.0511158096780334	2.6784395545210957
0.0511161569142488	2.6784390156820868
0.051115681250044405	2.6784365019756997
0.05111480387678747	2.6784333262117728
0.051113836299538216	2.6784301483195074
0.05111313643233596	2.678427590064544
0.05111254151664447	2.678425168468833
0.05112120388864639	2.678440111409133
0.05113886618202504	2.678477127339103
0.0511508338832051	2.678503625574238
0.0511623914334523	2.6785278331055253
0.05117427739454607	2.6785529853831425
0.0511862168011313	2.678578277899922
0.05119811402693563	2.678603283163426
0.05121001861099284	2.6786282061410946
0.051221916124989164	2.6786530233610804
0.05123384051429112	2.67867779206508
0.051219716205212866	2.67865079108205
0.05119516795051107	2.6786076883317183
0.05119874461354138	2.6786116444860895
0.0512031324229343	2.678619275941945
0.051208874450714904	2.678628890495474
0.051214208951078706	2.6786371200441867
0.051219403659312046	2.678645183643113
0.05122477844983988	2.6786536002647585
0.051230318456307225	2.6786622253250796
0.05123587489215947	2.6786709271945046
0.05124089524737435	2.678678544913634
0.05124550393890123	2.678685656882228
0.05125010843451916	2.6786927824100455
0.051254903793780414	2.6787002777928888
0.05125979476092043	2.6787079438856725
0.05126473246957007	2.6787157076741583
0.05126966631143806	2.67872347352105
0.05127463995566518	2.6787313296743003
0.05127961340493129	2.678739192524013
0.051284655766595334	2.6787471984263918
0.051298663588072724	2.678768645685402
0.05131721682254743	2.678809716544413
0.051335609833883925	2.6788506821099434
0.051351784693818806	2.678885465295098
0.05136707454949827	2.678917404557736
0.0513821446245909	2.678949053075868
0.0513979011165937	2.6789819218329023
0.051413891151989244	2.6790151655260375
0.05142978322132138	2.6790479288620808
0.051445696610282254	2.6790805027308537
0.0514561898783694	2.679107046346931
0.05146212037369562	2.6791203041152714
0.05145951644860691	2.679110048315897
0.051453275838798614	2.679096604074337
0.05144894068745276	2.679086180015557
0.05144498556330509	2.679076828088991
0.05144109230460019	2.679067405748177
0.05143702607607594	2.679057575258003
0.051432934906541015	2.6790475602400767
0.051426824903230424	2.6790335763788673
0.05143009807081027	2.6790395182966593
0.051446902134078494	2.6790719087637713
0.05147250668367192	2.679127981395948
0.05148943496036939	2.679166191769587
0.05150554754161423	2.6792001924283806
0.051521724012308596	2.67923482382238
0.05153810715903773	2.679269676468544
0.05155432421904836	2.6793039024707688
0.05157056687410495	2.6793378916536508
0.05158688139067752	2.6793718338069796
0.05159711523819562	2.679398131508814
0.051599844569347714	2.6794041289193884
