-1.870145326622125	-2.3391656471814137
-1.8701454023457171	-2.3391652064790818
-1.8701454780743365	-2.3391647657671393
-1.8701455538079828	-2.3391643250455867
-1.8701456295466565	-2.339163884314423
-1.8701457052903578	-2.3391634435736495
-1.8701457810390871	-2.339163002823264
-1.8701458567928448	-2.339162562063267
-1.870145932551631	-2.3391621212936586
-1.8701460083154462	-2.3391616805144384
-1.8701460840842903	-2.3391612397256063
-1.870146159858164	-2.339160798927161
-1.8701462356370673	-2.3391603581191034
-1.8701463114210004	-2.3391599173014326
-1.8701463872099642	-2.339159476474149
-1.8701464630039581	-2.339159035637252
-1.8701465388029834	-2.3391585947907405
-1.8701466146070396	-2.339158153934615
-1.8701466904161275	-2.3391577130688757
-1.8701467662302467	-2.339157272193521
-1.870146842049398	-2.3391568313085527
-1.870146917873582	-2.3391563904139683
-1.8701469937027981	-2.3391559495097693
-1.8701470695370475	-2.339155508595955
-1.87014714537633	-2.339155067672525
-1.8701472212206462	-2.3391546267394783
-1.870147297069996	-2.339154185796815
-1.8701473729243798	-2.339153744844535
-1.8701474487837977	-2.339153303882639
-1.8701475246482504	-2.339152862911125
-1.8701476005177378	-2.3391524219299935
-1.8701476763922062	-2.3391519809394024
-1.8701477522716003	-2.339151539939567
-1.8701478281559518	-2.3391510989302926
-1.8701479040452778	-2.3391506579114822
-1.8701479799395848	-2.3391502168830924
-1.8701480558388772	-2.3391497758451036
-1.8701481317431554	-2.3391493347975088
-1.8701482076524212	-2.3391488937403033
-1.8701482835666745	-2.339148452673486
-1.8701483594859163	-2.339148011597056
-1.8701484354101463	-2.3391475705110123
-1.8701485113393652	-2.339147129415355
-1.8701485872735732	-2.339146688310083
-1.8701486632127713	-2.3391462471951967
-1.8701487391569587	-2.339145806070696
-1.8701488151061354	-2.33914536493658
-1.870148891060303	-2.33914492379285
-1.8701489670194607	-2.3391444826395036
-1.8701490429836096	-2.33914404147654
-1.8701491189527524	-2.339143600303939
-1.8701491949269384	-2.339143159121415
-1.8701492709061425	-2.339142717929114
-1.8701493468903527	-2.339142276727112
-1.8701494228795636	-2.3391418355154374
-1.8701494988737741	-2.339141394294104
-1.8701495748729835	-2.3391409530631164
-1.8701496508771913	-2.3391405118224764
-1.8701497268863976	-2.3391400705721863
-1.8701498029006025	-2.339139629312245
-1.8701498789198072	-2.339139188042653
-1.870149954944011	-2.3391387467634095
-1.8701500309732146	-2.339138305474516
-1.870150107007418	-2.3391378641759704
-1.8701501830466218	-2.3391374228677724
-1.8701502590908259	-2.339136981549924
-1.870150335140031	-2.3391365402224222
-1.8701504111942373	-2.3391360988852683
-1.8701504872534451	-2.3391356575384608
-1.8701505633176543	-2.3391352161820005
-1.8701506393868654	-2.3391347748158875
-1.870150715461079	-2.3391343334401213
-1.870150791540295	-2.3391338920547002
-1.8701508676245138	-2.339133450659626
-1.8701509437137358	-2.339133009254897
-1.8701510198079605	-2.3391325678405135
-1.8701510959071894	-2.3391321264164753
-1.8701511720114223	-2.339131684982782
-1.8701512481206592	-2.339131243539434
-1.8701513242349008	-2.3391308020864297
-1.870151400354147	-2.3391303606237694
-1.8701514764783982	-2.339129919151454
-1.870151552607655	-2.339129477669482
-1.870151628741917	-2.339129036177853
-1.8701517048811853	-2.3391285946765663
-1.87015178102546	-2.3391281531656225
-1.870151857174741	-2.339127711645022
-1.870151933329029	-2.3391272701147634
-1.8701520094883237	-2.3391268285748468
-1.870152085652626	-2.339126387025272
-1.8701521618219357	-2.339125945466039
-1.8701522379962532	-2.3391255038971477
-1.8701523141755791	-2.3391250623185966
-1.8701523903599135	-2.339124620730387
-1.8701524665492566	-2.339124179132518
-1.8701525427436085	-2.339123737524989
-1.8701526189429702	-2.3391232959078
-1.8701526951473413	-2.339122854280951
-1.8701527713567225	-2.3391224126444414
-1.8701528475711136	-2.339121970998271
-1.8701529237905152	-2.3391215293424397
-1.8701530000149276	-2.339121087676947
-1.870153076244351	-2.3391206460017933
-1.8701531524787856	-2.339120204316977
-1.8701532287182316	-2.339119762622499
-1.8701533049626902	-2.3391193209183583
-1.8701533812121605	-2.339118879204556
-1.8701534574666432	-2.33911843748109
-1.8701535337261386	-2.339117995747961
-1.870153609990647	-2.3391175540051687
-1.870153686260169	-2.3391171122527132
-1.8701537625347042	-2.3391166704905935
-1.8701538388142538	-2.3391162287188094
-1.8701539150988173	-2.339115786937362
-1.8701539913883953	-2.3391153451462485
-1.870154067682988	-2.339114903345471
-1.8701541439825955	-2.339114461535028
-1.8701542202872183	-2.33911401971492
-1.8701542965968572	-2.339113577885146
-1.8701543729115113	-2.3391131360457065
-1.8701544492311817	-2.3391126941966003
-1.8701545255558685	-2.3391122523378276
-1.8701546018855724	-2.339111810469388
-1.8701546782202931	-2.3391113685912823
-1.8701547545600312	-2.339110926703509
-1.8701548309047868	-2.3391104848060675
-1.87015490725456	-2.339110042898959
-1.8701549836093518	-2.3391096009821823
-1.8701550599691616	-2.3391091590557367
-1.8701551363339903	-2.339108717119623
-1.870155212703838	-2.339108275173841
-1.8701552890787052	-2.33910783321839
-1.8701553654585918	-2.3391073912532696
-1.8701554418434982	-2.3391069492784795
-1.8701555182334249	-2.33910650729402
-1.8701555946283719	-2.3391060652998896
-1.8701556710283396	-2.339105623296089
-1.8701557474333284	-2.339105181282618
-1.870155823843338	-2.339104739259476
-1.8701559002583696	-2.3391042972266627
-1.8701559766784228	-2.3391038551841787
-1.8701560531034984	-2.339103413132023
-1.8701561295335962	-2.339102971070195
-1.870156205968717	-2.3391025289986946
-1.8701562824088607	-2.339102086917522
-1.8701563588540269	-2.3391016448266773
-1.870156435304217	-2.3391012027261593
-1.8701565117594314	-2.339100760615968
-1.8701565882196698	-2.3391003184961034
-1.8701566646849321	-2.339099876366565
-1.8701567411552198	-2.339099434227353
-1.870156817630532	-2.339098992078466
-1.8701568941108697	-2.3390985499199046
-1.8701569705962329	-2.3390981077516693
-1.870157047086622	-2.3390976655737585
-1.870157123582037	-2.3390972233861724
-1.8701572000824784	-2.3390967811889114
-1.8701572765879466	-2.3390963389819746
-1.8701573530984419	-2.339095896765361
-1.8701574296139645	-2.339095454539071
-1.8701575061345144	-2.3390950123031056
-1.8701575826600922	-2.3390945700574624
-1.8701576591906979	-2.3390941278021424
-1.8701577357263324	-2.339093685537145
-1.8701578122669955	-2.33909324326247
-1.8701578888126875	-2.339092800978117
-1.8701579653634086	-2.339092358684086
-1.8701580419191595	-2.3390919163803763
-1.8701581184799403	-2.339091474066988
-1.8701581950457506	-2.339091031743921
-1.8701582716165916	-2.339090589411175
-1.8701583481924635	-2.3390901470687493
-1.8701584247733662	-2.3390897047166446
-1.8701585013593005	-2.339089262354859
-1.870158577950266	-2.3390888199833935
-1.8701586545462632	-2.339088377602248
-1.8701587311472927	-2.3390879352114213
-1.8701588077533546	-2.339087492810914
-1.870158884364449	-2.3390870504007255
-1.8701589609805764	-2.339086607980855
-1.8701590376017372	-2.3390861655513033
-1.8701591142279315	-2.339085723112069
-1.8701591908591595	-2.339085280663152
-1.870159267495422	-2.339084838204554
-1.8701593441367186	-2.3390843957362724
-1.8701594207830499	-2.3390839532583074
-1.870159497434416	-2.3390835107706596
-1.8701595740908175	-2.3390830682733283
-1.8701596507522547	-2.3390826257663133
-1.8701597274187276	-2.3390821832496136
-1.8701598040902367	-2.3390817407232296
-1.870159880766782	-2.339081298187161
-1.8701599574483643	-2.339080855641408
-1.870160034134983	-2.3390804130859695
-1.8701601108266395	-2.339079970520846
-1.8701601875233334	-2.339079527946036
-1.8701602642250652	-2.339079085361541
-1.8701603409318344	-2.339078642767359
-1.870160417643643	-2.3390782001634913
-1.870160494360489	-2.339077757549936
-1.8701605710823745	-2.339077314926694
-1.8701606478092998	-2.339076872293765
-1.8701607245412646	-2.3390764296511497
-1.870160801278269	-2.339075986998846
-1.870160878020313	-2.339075544336853
-1.870160954767398	-2.339075101665173
-1.8701610315195236	-2.339074658983804
-1.87016110827669	-2.3390742162927465
-1.8701611850388977	-2.339073773592
-1.8701612618061472	-2.3390733308815643
-1.8701613385784381	-2.339072888161439
-1.8701614153557713	-2.3390724454316234
-1.8701661754406464	-2.3390707329486187
-1.8702163694934353	-2.339071854380248
-1.8703134110913355	-2.3390761557238067
-1.8703272878254396	-2.3390798121515166
-1.8701140501018882	-2.339071704663834
-1.8696077530671487	-2.3390430468863794
-1.8687920517133372	-2.3389871014515062
-1.8677471344665524	-2.3389043051434024
-1.8665529482975032	-2.338796561394523
-1.865199528666211	-2.338656457556316
-1.8637289250129212	-2.3384872298008146
-1.8621055466917933	-2.3382789570862617
-1.8603803315012544	-2.3380373713070886
-1.8584339054157455	-2.337739236991806
-1.856247570508402	-2.3373801413131603
-1.8538269317938179	-2.336962634642936
-1.85119625237912	-2.336492183979862
-1.848380481973528	-2.3359717657484373
-1.845402216793322	-2.3354120125651887
-1.8422586557351832	-2.334823644227412
-1.8389349830529786	-2.3342108067904106
-1.8354207072562725	-2.333577668338891
-1.8317104778489897	-2.332927742767303
-1.8278061681378153	-2.3322619693117805
-1.8237195504944983	-2.3315758773481416
-1.8194714060272765	-2.33086946598242
-1.815089584524229	-2.330135426103871
-1.8105661774496156	-2.329358186885536
-1.8058840543452996	-2.3285196559628583
-1.8010406682850146	-2.3276098464385138
-1.7960459638643802	-2.3266228468411
-1.7909189787710176	-2.325560281915056
-1.7856412004352138	-2.324434658878681
-1.7801624049865332	-2.3232416014718194
-1.7744412940701584	-2.3219793061956087
-1.7684511366688962	-2.3206424374259376
-1.7621803598814967	-2.3192272176870468
-1.7556402185181847	-2.317731681334062
-1.7489152329374613	-2.3161656594678433
-1.7420494379804836	-2.3145214023215215
-1.7350808064301977	-2.312792606841398
-1.7280529101331166	-2.3109908903053653
-1.7210317831592912	-2.309167165440535
-1.7140130171973829	-2.3072963927336416
-1.7069609207646197	-2.305288809982043
-1.6998395604805345	-2.303092294134751
-1.6926096288910646	-2.3007451968124637
-1.6852597635944682	-2.2982238615718984
-1.6778971168196837	-2.295546483880418
-1.6705776674023387	-2.2927326042445473
-1.6633044700051909	-2.289785325263328
-1.6560776179487209	-2.286706382006686
-1.6488946793184764	-2.2834991023011764
-1.6416837320748143	-2.280135168736227
-1.6344660523351509	-2.2766393553943796
-1.6273654641167694	-2.2730975464528522
-1.6203348313255446	-2.269493810358887
-1.613347813125533	-2.2658094367602857
-1.6064336215361668	-2.2620513957721333
-1.5995540875120555	-2.2582028387510826
-1.5927178851875619	-2.254269964920265
-1.5859270451236382	-2.250253553926457
-1.5791832595310242	-2.2461535622457
-1.5724808913290722	-2.2419659305181816
-1.5657575091222973	-2.2376608932936675
-1.5589575989926179	-2.233236523170169
-1.5520722477411124	-2.228710068561989
-1.54520257133356	-2.224186263904134
-1.5384658365734367	-2.2197604113844025
-1.531753494942625	-2.215367588961991
-1.525047801565727	-2.2109938014344634
-1.5183631509842395	-2.2066322569241814
-1.5116671891010374	-2.202266571842372
-1.5049803258307455	-2.1979110906345323
-1.4984745691905517	-2.1936836461225457
-1.4919941458964705	-2.189497179631156
-1.4853620927535756	-2.1852736491163838
-1.4785375570668193	-2.181010462710484
-1.4716369041414876	-2.1767936364171945
-1.4647354601195373	-2.1726749066138815
-1.457790872433118	-2.1686191506400774
-1.450794319428964	-2.1646193536869163
-1.4437530807871386	-2.160661642763239
-1.4366560348167676	-2.156748082479596
-1.4296693337234503	-2.152957558556382
-1.4228113578136172	-2.14931460657768
-1.4158680695662929	-2.145705707068743
-1.4087555394911868	-2.14209892050888
-1.40148677519194	-2.138517661075194
-1.3941655281868333	-2.1350225144402843
-1.3868010210465973	-2.1316146186156026
-1.379396908513723	-2.1282935750544767
-1.3719621349261968	-2.1250616658662533
-1.3645795315284286	-2.1219469675204214
-1.3572458883344916	-2.11892764465715
-1.349899378168191	-2.115970243279031
-1.3425002139155635	-2.113049719271028
-1.3350777860943084	-2.110147366229868
-1.3276651281005571	-2.107244384596589
-1.3202734453391023	-2.104313934867764
-1.3128748625803737	-2.101348439624468
-1.3054806473273688	-2.098360767825709
-1.2981122561444378	-2.095356175850557
-1.2909348162541596	-2.092395197586008
-1.2838289957194182	-2.089404544525866
-1.276714580932945	-2.086337028328148
-1.2696220089193717	-2.083199927436587
-1.2625128830883263	-2.079979828782756
-1.255371419543166	-2.076664593579093
-1.248246898815926	-2.0732619792131812
-1.241184667571274	-2.0697896763732224
-1.2341489644544252	-2.0662323545695336
-1.227146206233512	-2.0625935044131474
-1.2202150046551021	-2.0589102287170657
-1.2133083619698115	-2.0551986506881
-1.2063660306388706	-2.0514703439942026
-1.1993343013373219	-2.047739788131425
-1.192169048661165	-2.0440258721128988
-1.1848604374952036	-2.0403556016702016
-1.1774995736226874	-2.0368034417618923
-1.1701230965882543	-2.033379215792489
-1.1626910240631954	-2.030069025155537
-1.1552276271472692	-2.026879826666304
-1.1477110893202418	-2.023814342942453
-1.14017084004156	-2.02086373928075
-1.1326561348277981	-2.0180070791251308
-1.1251997265604259	-2.0152082453305953
-1.1178393377882503	-2.0124311551286893
-1.1105538876048628	-2.0096197632623087
-1.1032149149836452	-2.006688701148829
-1.0958898837695268	-2.003669043606634
-1.0885988742815584	-2.000578912779598
-1.0813539450988638	-1.99741874954682
-1.0741393894699298	-1.9941842626539905
-1.0669719149084436	-1.9908793318957438
-1.0598544518973418	-1.9874985149991176
-1.0527969539775117	-1.984044203446472
-1.0457691766653603	-1.9805036363980495
-1.0387626035043689	-1.976872466170488
-1.031796720466164	-1.973160918893848
-1.0248740641625005	-1.9693680116761392
-1.0179933730665853	-1.9654913382900436
-1.0111489633156376	-1.9615284247939488
-1.0042589864980558	-1.9574396932455072
-0.997276076238721	-1.9532298077004726
-0.9902161074208388	-1.9489351124180252
-0.9831104891980019	-1.9446139364662551
-0.9759993387540715	-1.9403286047918387
-0.968930169308945	-1.9361460095623262
-0.9619498464722868	-1.932114280349113
-0.9549849523139785	-1.9282295358906116
-0.947878984648702	-1.9244211683923715
-0.9406258075474275	-1.920695983078788
-0.933304088386366	-1.9171024667859389
-0.9259859338761786	-1.9136554119910323
-0.9186156292466462	-1.9102852346872101
-0.9111991689650518	-1.9069919444134686
-0.9037436619899056	-1.9037862685926141
-0.8962519266381311	-1.900669843726505
-0.8887304497544993	-1.8976376665717483
-0.8812013018050822	-1.8946757289193448
-0.8736504762726334	-1.8918165208567514
-0.8660475275195776	-1.889078889320658
-0.8586132133106397	-1.8865076609378184
-0.8512763715359547	-1.884059148719747
-0.844016099627622	-1.881679843764413
-0.8368528339814326	-1.8793286286070385
-0.8297898551616019	-1.8769579596364563
-0.8227048450781429	-1.8744819754115183
-0.8155232951885327	-1.8718469961838686
-0.80828665410643	-1.8690540351572744
-0.8010525837102896	-1.8661176430538535
-0.793864474390298	-1.863073438705907
-0.7867053804931251	-1.859915665425679
-0.7795922205650551	-1.8566446473788163
-0.7725553440434336	-1.853265080242453
-0.7656069426464479	-1.849731394515378
-0.7587335134287447	-1.8460021055479956
-0.7519290313372732	-1.8421343678059152
-0.7451949141646362	-1.8381381788917077
-0.7385337774694535	-1.8340139982147523
-0.731948843360338	-1.8297652490910736
-0.7254446989680009	-1.825394952742479
-0.7190291998158195	-1.8209030764331438
-0.7126305599166631	-1.8162598402112682
-0.7062435728484343	-1.8115004854667776
-0.6998862305447677	-1.8066842325760204
-0.6935800967707374	-1.8018769442652236
-0.6873344002981762	-1.7971338642580843
-0.6810730543056742	-1.7924167488235174
-0.6747830174703614	-1.7877130843323792
-0.6684163080602697	-1.7829955300392168
-0.6619449493963427	-1.7782520309801768
-0.6554397747736997	-1.77354074020733
-0.6491058316789606	-1.769006209314449
-0.6429887880925332	-1.764659466811075
-0.6370771526187409	-1.7604682842912143
-0.631361360984233	-1.7564063900193079
-0.625862111364938	-1.7524583549384467
-0.6205979112076166	-1.748624100403078
-0.6155789641290049	-1.7449048180233482
-0.6108091424533011	-1.7413032367817112
-0.6062864352439727	-1.7378238787533886
-0.6020039319576381	-1.734473660044627
-0.5979551107744691	-1.7312552005783657
-0.5941264818903356	-1.7281727222460759
-0.5904822607116774	-1.7252120416786239
-0.586846718345682	-1.722241178291196
-0.5831426779021143	-1.7191908163681808
-0.579361434651957	-1.7160287121497124
-0.5754900933443734	-1.7127291797200266
-0.5715227392964589	-1.709268644349221
-0.567467167511354	-1.7056391728420153
-0.5634130411277397	-1.701929904986832
-0.5593646215493772	-1.6981711995769864
-0.5554574837139428	-1.6945050882655066
-0.5517318117576052	-1.6909672496326815
-0.5481952530267054	-1.687552126547584
-0.5448496535943315	-1.6842517148093972
-0.5417196590999149	-1.6810758562648467
-0.5388198421286189	-1.6780367295773015
-0.5361593563117788	-1.6751467951264871
-0.5337416036141468	-1.6724158016785353
-0.5315646280651711	-1.6698527260680063
-0.5295801899248753	-1.6674131060135726
-0.5277234723287781	-1.6650331166697228
-0.5259795262490689	-1.6627117304361938
-0.5243367024020122	-1.6604472746886922
-0.522784909983755	-1.6582374897856598
-0.5213134830100254	-1.656078950929061
-0.5199139802422988	-1.6539675888932053
-0.5185772843800511	-1.6518979709147166
-0.5172973624238745	-1.6498683028181607
-0.516073126544021	-1.6478808792836985
-0.5148884116756182	-1.6459145346638522
-0.5137371312444747	-1.6439634765002868
-0.5126175152775689	-1.642026314687746
-0.5115317277350491	-1.6401110970361423
-0.510482332525359	-1.6382256378115019
-0.5094718127205186	-1.6363782330575756
-0.5085020060441185	-1.6345772900690514
-0.5075755343927758	-1.632830071681263
-0.5066998935484756	-1.6311384010368324
-0.5058629483248746	-1.629512697276035
-0.5050667820658059	-1.6279609968804725
-0.5043130905610047	-1.6264941822516858
-0.5036085482617163	-1.625126856867769
-0.5029603843668852	-1.6238751796567388
-0.5023731419972872	-1.6227500186927528
-0.5018378948429921	-1.62173853738815
-0.5013557478907863	-1.6208422544938053
-0.5009247030534881	-1.6200551330754847
-0.500546167089224	-1.6193796642093086
-0.5002250009654566	-1.618820929417747
-0.4999675195123154	-1.6183848279871533
-0.499778957818568	-1.6180736467226724
-0.4996628653383642	-1.6178858948762393
-0.4995683025474352	-1.6177367741799802
-0.49947049183672665	-1.6175892599362593
-0.4993698461575235	-1.6174437462988616
-0.4992663205990305	-1.6173002693902343
-0.4991599619589283	-1.6171588974378124
-0.49905081814109564	-1.6170196436376258
-0.4989388280816724	-1.6168824651407305
-0.49882294327276683	-1.6167463216041709
-0.4987017330289945	-1.616609581695683
-0.4985776847197372	-1.616475188149547
-0.49845089327651776	-1.6163431991452837
-0.49832133973321985	-1.6162136143463421
-0.49818897306009907	-1.6160863963295655
-0.49805392319114344	-1.615961701674845
-0.49791614720219357	-1.6158395001478232
-0.49777578766052283	-1.6157199448263664
-0.49762800103381016	-1.6155996522157563
-0.4974639570467273	-1.6154715006227567
-0.4972963948920779	-1.615346250052729
-0.4971261690668826	-1.6152242477170566
-0.4969530544341403	-1.6151053871005276
-0.4967763522961197	-1.614989236156047
-0.4965964436642929	-1.6148761045822007
-0.49641384454079657	-1.6147663795022753
-0.4962281545350663	-1.6146598232439524
-0.4960190245736016	-1.6145478644289402
-0.4955746473641359	-1.6143242568949034
-0.4948372692535251	-1.61397475099887
-0.4938429830036467	-1.6135315467443259
-0.49259324417437544	-1.61300595540483
-0.4910868030147815	-1.6124090525506403
-0.4893273953042831	-1.6117527143391988
-0.4873252363909563	-1.6110494910820579
-0.4850986414269247	-1.6103122848400944
-0.48267503482960833	-1.6095547344549455
-0.4800926855839073	-1.60878819861513
-0.47739982477913706	-1.608018234639628
-0.4746089599413143	-1.607254146393572
-0.4717267223814817	-1.6064789307326963
-0.4687612679446713	-1.605701953089702
-0.46567150578682054	-1.604930354750832
-0.46239813971296967	-1.6041498334976412
-0.4588890831758397	-1.6033561024256517
-0.45510421005547763	-1.6025459844375987
-0.45101746100289625	-1.6017204057644816
-0.4466194547087851	-1.6008837496390165
-0.44191955163427543	-1.6000438358062634
-0.43694648426329347	-1.5992119348450886
-0.43174775555566686	-1.5984030312048023
-0.4263883539215904	-1.5976278978069713
-0.4209533430763929	-1.5969075743184213
-0.41548194924124837	-1.596243504062099
-0.4099426836713026	-1.595651839646193
-0.40430964527390056	-1.5951086341613157
-0.39851867957309267	-1.5945948306382771
-0.39254029984003724	-1.5940976266853482
-0.3865036034477259	-1.59361165141883
-0.38026940097296336	-1.5930978087982792
-0.3738301134248956	-1.5925462282271123
-0.36753401039868355	-1.5919866211031053
-0.3611711318478974	-1.5913951110919544
-0.3547079721602788	-1.5907628135223022
-0.3481919293359358	-1.5900955102523213
-0.34160468683095296	-1.5893985245128144
-0.3349220796364692	-1.5886642686116068
-0.3281484707227892	-1.5878817519598583
-0.3215682552970702	-1.5870789395207585
-0.31525001057189417	-1.5862765011442104
-0.30916567844732246	-1.5854856769302308
-0.303286743109744	-1.58471648029103
-0.2975926725969827	-1.5839924988483727
-0.29209127495144366	-1.5833236646301554
-0.28679794669220865	-1.5827211171914972
-0.28172391262197966	-1.5821923430644145
-0.2768774293237882	-1.5817396615747357
-0.27225736729684846	-1.581363164748765
-0.2678547550483976	-1.5810599146543511
-0.2636634827575472	-1.580827997840606
-0.25968553291201874	-1.5806616387870969
-0.25591642849853785	-1.5805557401803965
-0.2523427127937378	-1.5805045020604738
-0.24894874627939553	-1.5805034552127486
-0.24571840832022265	-1.5805476906568054
-0.2426351260865673	-1.580632925768354
-0.23968104086189862	-1.5807596138977638
-0.2368253440980204	-1.580923567121437
-0.23406035488472193	-1.5811198642005846
-0.23134088351911317	-1.5813486147874862
-0.2286856001362074	-1.5816089257114205
-0.22607761560539757	-1.581890712296335
-0.2235020017624197	-1.5822002174710104
-0.2209547837176518	-1.582533968685074
-0.21844159808072372	-1.5828786299498998
-0.21597151571612783	-1.5832264614936327
-0.21356713206452302	-1.5835956189140614
-0.21124345300031247	-1.5839825089638666
-0.20900068664351082	-1.5843736354353013
-0.20683163546495995	-1.5847729181009076
-0.20475978562927385	-1.5851651050357394
-0.20277936634087557	-1.585555018626648
-0.2008995524999151	-1.5859370225181608
-0.19912859468341002	-1.5863020408331001
-0.19747561326148338	-1.5866473101570404
-0.19594910098223411	-1.586967391923057
-0.19455756228337945	-1.5872583895538976
-0.1933093980270111	-1.5875165768306525
-0.19222058491633603	-1.5877377362151677
-0.19134462349456122	-1.5879097436555754
-0.19059733275739688	-1.5880513607698479
-0.19002631953171398	-1.5881559843279558
-0.1896417363793285	-1.5882230817067826
-0.18945187226250426	-1.5882555953679132
-0.18946554038710978	-1.5882574494461028
-0.18961600331744405	-1.5882434439603124
-0.18977178206424328	-1.5882318970836413
-0.18992238248462434	-1.5882234222641298
-0.19006879208667385	-1.5882165246646816
-0.1902286171420898	-1.5882138773376888
-0.19038544862747953	-1.5882130101498453
-0.19054577367388123	-1.5882153028895691
-0.19070330686394737	-1.5882206453338465
-0.1908553045933054	-1.5882279088055549
-0.1910056874391816	-1.5882384788497967
-0.19114814249308362	-1.5882500166933244
-0.19128916262430098	-1.588264804570162
-0.19139864104097962	-1.5882770927869936
-0.19126049880918122	-1.5882651332850073
-0.19089621316090566	-1.5882240435125765
-0.19068352482518075	-1.5881990701056277
-0.1907210515400501	-1.5882086680169298
-0.1908820962613617	-1.5882400291365883
-0.19104139959232858	-1.5882743052938058
-0.1911949947362365	-1.5883096667930294
-0.19134654826725067	-1.5883481146105825
-0.19148967694152913	-1.5883861711320666
-0.19163064205677077	-1.588427062154913
-0.19175946478108696	-1.588466004440094
-0.1917730112839546	-1.5884722776169873
-0.19170355724165372	-1.5884524766587385
-0.19156755428376523	-1.5884113663586423
-0.19139039160178434	-1.5883562774356905
-0.19124097013806798	-1.5883076081272391
-0.19112235672352595	-1.588272601235141
-0.1910321627756438	-1.5882439664280583
-0.1909654409246959	-1.5882240203367584
-0.19089821177690255	-1.588203623357254
-0.19080741001740653	-1.5881779250675858
-0.1904999831299932	-1.5880945254926218
-0.1901355921167865	-1.5879966448623068
-0.1898911130721417	-1.5879333627094168
-0.18967489173814903	-1.5878781710011038
-0.1894820509785486	-1.587832851042043
-0.18929551536599304	-1.587788527947476
-0.18912917301010998	-1.5877519858679312
-0.18896738055508597	-1.5877159802466418
-0.18882804718041088	-1.5876876978225918
-0.1886887163390678	-1.5876589344654939
-0.18852741257652847	-1.587627415029985
-0.18822469798067734	-1.5875683926968593
-0.18806149854020943	-1.5875380566140196
-0.18799390142413486	-1.5875253856221099
-0.187927794314456	-1.587513791345941
-0.18785602683760017	-1.5875001008334009
-0.18778522616612295	-1.5874868858071474
-0.18771402185400216	-1.587473444247666
-0.18762117379625193	-1.5874567982632013
-0.18737459991797215	-1.5874099917053164
-0.18714906215380125	-1.5873691444344222
-0.18697723194957908	-1.5873388613369885
-0.1869459841797272	-1.5873364385533646
-0.1869269421922994	-1.5873341474369094
-0.18690401256092	-1.5873319259452094
-0.18685316505059935	-1.5873216432843138
-0.18677854514324724	-1.5873039535651525
-0.18670645310396008	-1.587287306357654
-0.18661355507313168	-1.5872640420369544
-0.18629967760637828	-1.5871794892274267
-0.18571092256820942	-1.5870154412189403
-0.1848372037951027	-1.5867662317302376
-0.18369589562375552	-1.5864359289653545
-0.18230406441161862	-1.586024515704849
-0.18067220186670394	-1.5855366423970476
-0.1788147070719239	-1.5849773305792234
-0.17674934311283028	-1.584354090590532
-0.1744999075393791	-1.5836733536885363
-0.1720903237932631	-1.5829534526131288
-0.1695261135205673	-1.5822045610298334
-0.16679409129820114	-1.5814319074307814
-0.16388592278784217	-1.580639228595052
-0.16079838170517818	-1.579831256070447
-0.1575376453107509	-1.5790076172588603
-0.15411628812862188	-1.5781751698244744
-0.1505585186641909	-1.5773318384942152
-0.14686162261430233	-1.5764694089915474
-0.1429982102897245	-1.575568131286344
-0.13895153039105035	-1.57461697123428
-0.13471855961845633	-1.5736085891426346
-0.13030886088672813	-1.5725401773100713
-0.1257373446908449	-1.571424962692446
-0.12101025667107472	-1.5702746486396988
-0.11620728891296384	-1.5691174054147217
-0.11149507305395043	-1.5679876202959377
-0.10687439049818775	-1.5668614821041207
-0.10234632027557464	-1.5657174450772193
-0.09810607363831232	-1.5645921578944821
-0.0942173852805311	-1.5635122748768386
-0.09067376495661522	-1.5624857509916636
-0.08746524542263097	-1.5615201342079628
-0.08458022189702738	-1.5606219150415666
-0.08200678599610339	-1.5597965323767398
-0.0797337632083895	-1.5590485018522098
-0.07775151281170743	-1.5583816494793938
-0.0760500269175253	-1.5577984433778023
-0.0745475860348688	-1.5572747514590524
-0.07320050046903245	-1.5567945300756711
-0.07200303337820525	-1.5563568669120915
-0.07093208953634934	-1.5559526092222415
-0.069713791815144	-1.5554766310087966
-0.06828326444461663	-1.5548999941537653
-0.06665958595641491	-1.5542254597489449
-0.06487031986156666	-1.5534581651046868
-0.06293861231668638	-1.5526064539607234
-0.0608931203962905	-1.5516815798824262
-0.058768398780661674	-1.5506964859517245
-0.05660144238864982	-1.5496664551037598
-0.054399986671639984	-1.5486038672628537
-0.05216559601455899	-1.5475067549293435
-0.04991002132133874	-1.5463569286767032
-0.047595469420644056	-1.5451570655718054
-0.04518837198551911	-1.543873769836537
-0.04264883422154576	-1.5424763384484201
-0.03993112771711715	-1.540933301594214
-0.03700631642798888	-1.5392166240131677
-0.03385923002328073	-1.5373059409166727
-0.0304903878325445	-1.5351904188641279
-0.026916982034622436	-1.5328706735637758
-0.02317304752109662	-1.5303603845838594
-0.019308368322138784	-1.5276865572774285
-0.01538495980414877	-1.524890432391339
-0.01145522906306085	-1.522038215612162
-0.007541774495164886	-1.5191409781492953
-0.0036381192563245124	-1.5161303385859524
0.0002818815439123508	-1.51293336473848
0.004307546969529924	-1.5095659025939292
0.008449041774863705	-1.5060167484815592
0.012704928061224323	-1.5022967689631306
0.017046660932555167	-1.4984424841795227
0.021286810596769592	-1.4946304900020373
0.025587431685590807	-1.4907067468051738
0.029931669246810223	-1.4866937329982512
0.03427017058709285	-1.4826327162684252
0.038585054181551046	-1.4785395901804725
0.04292077754979186	-1.4743831416022337
0.04731803923487535	-1.4701321643705805
0.05180912138985964	-1.465760372057289
0.05642338271672188	-1.46125965564869
0.06116689419455307	-1.4566472744517307
0.06605148448236688	-1.4519441389156482
0.0710962513278056	-1.4471569262093853
0.07630558908114697	-1.4423017595281227
0.08164789198247435	-1.4374102964540483
0.08705373421955778	-1.43254822222137
0.09252020721343938	-1.4277309424684577
0.09808896450514146	-1.4229236627265407
0.10380486029866522	-1.4181007390972287
0.10970756710083969	-1.4132461110536232
0.1157949426456052	-1.4083841833455342
0.12175746740077613	-1.4037707447306336
0.1275108758676294	-1.3994580989117336
0.13305425511751603	-1.3954280838043105
0.13844686944526252	-1.391615975690972
0.1436595289018495	-1.3880161793188823
0.14868002483856418	-1.3846258892685175
0.1535228852588659	-1.3814261921121838
0.15820197334091002	-1.3784001843218208
0.162733339822672	-1.3755322492540925
0.16714237467552356	-1.3728050573004136
0.1715406133452104	-1.3701443987810331
0.17594654526584189	-1.3675186665779038
0.18034375756006518	-1.3649164683323827
0.1847193735979768	-1.3623441772183538
0.18906165683546183	-1.3598414670536907
0.19334263104559085	-1.3574323794819692
0.19753751932549285	-1.3551092661615811
0.20163258403512557	-1.3528754466938746
0.20562011052931067	-1.35072963280152
0.20948468522280425	-1.3486764982264683
0.21322333916763272	-1.3467232287111939
0.21681945801456934	-1.3448650452963378
0.22027266457518688	-1.343099306104784
0.22357986155087772	-1.341422420166359
0.22673727177933534	-1.3398288488354921
0.2297423405059629	-1.338313156603204
0.2325926004951446	-1.3368693514143284
0.23527901166959564	-1.335494443430435
0.23778710095345731	-1.3341903595808324
0.24010301787786462	-1.3329600459872235
0.24225235546867305	-1.3317888465594574
0.24433697896487216	-1.3306193258114227
0.24635826038957748	-1.3294565767212267
0.2483103356990314	-1.3283075672989764
0.25018794937238875	-1.3271797643845191
0.2519856631037616	-1.3260807358972255
0.25369833754495863	-1.3250180797878384
0.2553209871017018	-1.3239993907750172
0.25684576329265874	-1.3230338518129576
0.25826362634350564	-1.322131611705386
0.25957935067142324	-1.3212924160569197
0.26078765260006165	-1.3205235024442563
0.26188370429796026	-1.3198300473308344
0.262862692116033	-1.3192167608687937
0.26371929906498015	-1.3186877277162272
0.264448285378633	-1.3182457071578968
0.2650442120524574	-1.3178924473993319
0.26551645290304715	-1.3176198459420847
0.26586554450200367	-1.3174234857746177
0.26608180430472184	-1.3173038925582023
0.266241994655212	-1.3172190915914006
0.2664183424203495	-1.3171285264242598
0.26659640385147243	-1.3170422470171257
0.26677601578866306	-1.316959532971394
0.26695721078232176	-1.316880455640339
0.2671399378754345	-1.3168050207440751
0.26732413892623885	-1.3167332355889836
0.26750957891420507	-1.3166652664058027
0.26769639057727235	-1.3166010325194164
0.2679067840826898	-1.31653498766693
0.26826395043037654	-1.3164319935531472
0.26863133725831295	-1.3163354087999453
0.26899873761143067	-1.3162463630880383
0.26936777552650143	-1.3161647152558005
0.26973753431602665	-1.3160905988824216
0.27010453003282364	-1.3160246085834773
0.2704672693973258	-1.315966873430451
0.270827782683042	-1.3159164660135814
0.27118580302820117	-1.3158738836526238
0.27153881632634896	-1.3158393302972498
0.27191382714845785	-1.3158096861911301
0.2722860121965677	-1.3157872310068301
0.2726475253846505	-1.3157725181846551
0.27300231313437745	-1.315764933994397
0.27334259489602264	-1.315763789063787
0.2736544232727749	-1.3157682350814868
0.2739380501675859	-1.315778588145289
0.27420709231521895	-1.3157936499697436
0.2744728523705301	-1.3158132338139052
0.274764351998491	-1.315839573913929
0.2751506742296072	-1.3158852611588248
0.2756880493600999	-1.315956478573237
0.27639973001627377	-1.3160596483299307
0.2773063933736386	-1.3162001225718787
0.27842673356784414	-1.316381834231359
0.27977371256790945	-1.3166044229085132
0.2813497443851362	-1.3168733705353306
0.28315756587827196	-1.317187141607837
0.28519276886819567	-1.3175431611063675
0.28743915138745885	-1.317945291710593
0.28987557229806427	-1.3184028850297884
0.29249101663925414	-1.318908781056445
0.29531117752376534	-1.319489059828939
0.2983663270064433	-1.3201574589227991
0.301673595659435	-1.3209267305313264
0.30523002277637906	-1.3217996958028515
0.30901418299301237	-1.322780686708763
0.31299746215818225	-1.3238644898148921
0.3171351272455406	-1.3250392484922333
0.3213690239039898	-1.3262851690057855
0.3256599740301621	-1.3275812498154218
0.32999733106832746	-1.3289137871023198
0.33438381231165826	-1.3303136255967865
0.3388772894431227	-1.331794377753415
0.3435304140456109	-1.3333879881227964
0.34838759233200195	-1.3351174876355254
0.3534637357845084	-1.3369968059523591
0.3587005638613247	-1.3390078513558175
0.36405913248029526	-1.341128575975902
0.3695283284010628	-1.343344716451564
0.37508283709824636	-1.3456373369478527
0.38068432938380464	-1.347984762200394
0.38628804944616774	-1.3503561595063578
0.39187687764766205	-1.352752688093671
0.3974948941094525	-1.3551815112704884
0.40316940769167586	-1.3576672206847769
0.40892211804846285	-1.3602017904558432
0.41480646787645115	-1.3627906577818687
0.42086007765924754	-1.3654386260381493
0.42707019598612206	-1.3681231205140574
0.43342140752451574	-1.3708218708218887
0.43988869941152264	-1.3735098074400047
0.4464330382699765	-1.3761612003707593
0.4530107274949712	-1.3787468351657435
0.4596204217437105	-1.3812751093197642
0.4663048265805955	-1.3837591968401188
0.4731043596545286	-1.3862049944244421
0.4800538742047251	-1.3886088955645997
0.48717869661187974	-1.3909607036363683
0.49449134630963854	-1.3932425591898143
0.5019812992502573	-1.3954284609860959
0.5095445400021581	-1.397481952459752
0.5171268349720729	-1.3994087299652473
0.5247183661668031	-1.4012211518086417
0.5323246223520303	-1.4029243369042228
0.5399622917041009	-1.4044642285599143
0.5476591901407916	-1.405774100741042
0.5553902184293626	-1.406890946928556
0.5631458236681124	-1.4078554326252686
0.5709237575101368	-1.4086654150348499
0.5787211131144997	-1.4093201002229956
0.5865348082061507	-1.4098193279010274
0.594361594020773	-1.4101629243462948
0.6021961225131782	-1.4103503686359453
0.6100306470552787	-1.4103829389172775
0.6178439598356317	-1.4102676657454591
0.6256592651799558	-1.4099977507126822
0.6334733288699533	-1.4095674155901627
0.6412733657520915	-1.408980704872185
0.6490403441469665	-1.4082371214091418
0.6568025569443159	-1.4073367063821236
0.6645461973267343	-1.4062814288166772
0.6722710250156476	-1.4050701982738225
0.679973887467733	-1.4037046842663987
0.6876504929927191	-1.402184685116107
0.695296344982838	-1.4005113199012156
0.702895248634559	-1.3986822029549428
0.7104590215669601	-1.3967036375761805
0.7179870206812422	-1.3945755953004582
0.7254783052828935	-1.3923105634132271
0.7329425702204678	-1.3899243382562467
0.7403756900215392	-1.3873994325776435
0.7477632495561608	-1.384743368729837
0.755095355300957	-1.3819585598598232
0.7623565733425244	-1.3790756461922502
0.7695707130155544	-1.3761064302505186
0.7767648083061119	-1.3730561436838635
0.7839513230380164	-1.3698997203460312
0.7910772365665208	-1.3665814422333704
0.7981146270899704	-1.3630781621071533
0.8050397447577176	-1.3594956927215625
0.8119175991011471	-1.3557675569308383
0.8187248795149751	-1.3519039054056632
0.8254603669093108	-1.3479056126687878
0.8321241153064719	-1.3437745105879924
0.8387119993358756	-1.339514114811853
0.8452215444057413	-1.3351284701559079
0.851653585249741	-1.3306394868557458
0.8580156441923216	-1.3260863313963518
0.8643194340349869	-1.3214566427246346
0.8705309018673952	-1.3167585121504861
0.876634413031449	-1.3119330551737864
0.8826164775407843	-1.3069239828537988
0.888512366148824	-1.3017481712351981
0.8943320674239448	-1.2964736585305519
0.9000722237147406	-1.2911037052939158
0.905731828818625	-1.285641037947792
0.9113087525647072	-1.2800895623473962
0.9168006231119767	-1.2744531880712349
0.9221858679165974	-1.2687516619577153
0.927359865275493	-1.2631026089479342
0.9323561761836758	-1.2574734191085837
0.9372438102357753	-1.2518209387341281
0.9420444852107144	-1.2461794533161212
0.9467630320513474	-1.2405962345851387
0.9513980760517285	-1.235097458337855
0.9560507124681925	-1.2295922265290893
0.9607746205364446	-1.2240209507823934
0.9655911611802621	-1.2183675847843065
0.9705180898010686	-1.2126274367382353
0.9754636793740208	-1.2069067740670476
0.980467438613708	-1.201140970587001
0.9854938062008822	-1.1953843402943696
0.9905452872129819	-1.1896350755145184
0.9956467150815825	-1.1838569590618369
1.0008105325655716	-1.1780229722499183
1.006049979798659	-1.1720970999339582
1.0113196778940319	-1.166109507986145
1.0165627350984126	-1.1601299233675877
1.0217268790417138	-1.1542332578746286
1.0268543780329644	-1.1484200169351255
1.0320322251895828	-1.1426433151519413
1.0373958075482876	-1.136788262872719
1.0429389450084152	-1.1308815979449098
1.0485656582870717	-1.1250409456073256
1.05423685628849	-1.119296780584406
1.0599581725315215	-1.1136383016145899
1.065749807064131	-1.1080397660387002
1.0716039585618675	-1.1025034936570646
1.0774293491737927	-1.0971098862683708
1.083281163120455	-1.0918259519363458
1.0892006515875536	-1.0865948625373802
1.095162497906273	-1.0813982794901158
1.1011200998924477	-1.0762236566930772
1.107023964836694	-1.0710556339332078
1.1128210941775676	-1.0658807744147454
1.1184965020610615	-1.0606561243208743
1.1241274176499638	-1.0552781593214382
1.129672612507962	-1.0497817182114206
1.1350916824330635	-1.044199111260358
1.1402759875531852	-1.0386528990609352
1.1453388838194425	-1.0330320461553515
1.15039931041015	-1.0272350768402891
1.1554492606004096	-1.021254235588609
1.1604031263812602	-1.0151716601412886
1.165238606721353	-1.0090147379144403
1.169947873996337	-1.0027854373140621
1.174558543031875	-0.9964569240511729
1.179061831061384	-0.9900451108954126
1.1833614885856987	-0.9836928688984511
1.1874296676372527	-0.9774323614248455
1.1912322890450624	-0.9712839878992615
1.1947431437751104	-0.9652900930196471
1.1979455870461193	-0.9594873468172584
1.2008331029147907	-0.9539075826061263
1.2034081518988462	-0.9485778598925028
1.2056805109904525	-0.9435209269818755
1.207664820376723	-0.9387547025758073
1.2093792363288811	-0.9342926437339559
1.2108442788451592	-0.9301435075025865
1.212106797521123	-0.9262369980951545
1.21325985788616	-0.9223577585002591
1.2143431109095728	-0.9184672704688851
1.2154130879938407	-0.914432321666458
1.2164978518222236	-0.9101583891808673
1.2175898865276238	-0.9056565148968011
1.218677001455635	-0.9009677343519944
1.219748881638278	-0.8961533273542918
1.2207817052608612	-0.8912839749416348
1.2217594385118227	-0.8863906982043086
1.2226811826048425	-0.8814534833417257
1.2235756521085461	-0.8764244968196515
1.2244515544206673	-0.8712523422377885
1.225316782853809	-0.8658878948665378
1.226178172383123	-0.8602862732368489
1.2270406629669508	-0.8544102095496109
1.2279072696811253	-0.8482335878076842
1.2287791904515084	-0.8417457311478584
1.2296560729852037	-0.8349553124591017
1.2305367553298885	-0.8278907488281824
1.2314198619433299	-0.8205999793236056
1.2323049575479696	-0.8131488098135747
1.2331868347332333	-0.8056152603992036
1.2340628352356882	-0.7980599684035583
1.234944148988395	-0.7904895917752183
1.2358259748623717	-0.782851514991347
1.236701250550616	-0.775090707090103
1.237559335140791	-0.767211084042009
1.2383821841914013	-0.7592982918074656
1.239170971865048	-0.7513793687204803
1.2399059295253931	-0.743512786305438
1.2405531160157581	-0.7356391519401582
1.2411065519472682	-0.7277482814942635
1.2415745434182834	-0.7198399919576721
1.2419655211676928	-0.7119163753321479
1.2422831855374001	-0.7040094253946801
1.2425293972055917	-0.6960944778249362
1.2427067122374527	-0.6881760460634208
1.242813633334874	-0.6802689152465504
1.2428549763061953	-0.6723600174981729
1.2428241266034317	-0.6644156678768213
1.2426872582595454	-0.6565193239598137
1.242426674731349	-0.6486643756597337
1.2420468636573976	-0.6408027257217224
1.2415513390376185	-0.6329460980985836
1.24094035591145	-0.625093238343762
1.2402134384381958	-0.6172453315377345
1.2393808268172013	-0.6094158836657276
1.238445974017395	-0.6016095301395417
1.2374361708113573	-0.5940347573161567
1.2363650865588516	-0.5867367237281332
1.2352415856276335	-0.5796412041954119
1.23407695964798	-0.5726582976806032
1.232862359084188	-0.5656861472358974
1.2315890344363283	-0.5586918562267088
1.2302575354486853	-0.5516542910785458
1.2288718878380402	-0.5445444442309119
1.2274283425241266	-0.5372973141778415
1.2259289634353574	-0.5298890983196249
1.2244020732680523	-0.5223481697273875
1.2229003757284738	-0.5149165171779081
1.2213943428691827	-0.5076050422077146
1.219801104043053	-0.5001401417219746
1.2181139722028156	-0.4925154538467758
1.216335986735187	-0.48479181493737566
1.2144960306515826	-0.47707251870478395
1.2125969709243458	-0.46938440355382866
1.210642981061375	-0.46174478786476
1.2086237655576662	-0.45410502679394565
1.206547359030878	-0.4464644952074486
1.2044589095744072	-0.43898297896247457
1.202357453991417	-0.4317195161870646
1.2002415890654685	-0.42472288935910757
1.1981188683069375	-0.41804320924769234
1.1959982821920336	-0.41171697091553383
1.193891987718444	-0.40576675516893507
1.1918133698156024	-0.4002028804243527
1.1897755876731022	-0.3950256840771029
1.1877907264794287	-0.3902278822009357
1.1858694149238376	-0.38579692764646417
1.1840004511536988	-0.3816693436243799
1.1821332104451705	-0.37769258213215545
1.1803156643741612	-0.373921760953133
1.1785845073838024	-0.3704014170665603
1.1769247356745127	-0.367078011062746
1.1753577186429496	-0.36396924043788675
1.1738853866702421	-0.3610626747084417
1.172498821689276	-0.3583317510659973
1.1711936756548653	-0.35575171803068456
1.1699651918071061	-0.3533034814105022
1.1687372260309543	-0.35081865398098794
1.167551794142085	-0.34839706196894044
1.1664257088541372	-0.3460584150431854
1.1653593365676642	-0.34378521061883516
1.1643594173648923	-0.3415809063014601
1.1634364761822271	-0.3394623233503024
1.1625531814907903	-0.3373384041357342
1.161663008414384	-0.33509469166962985
1.160797787578665	-0.3328068984000922
1.1599184551945372	-0.3303639599344873
1.1590171916934107	-0.3277254256384765
1.1580954084555626	-0.32487628924394274
1.1571609155378748	-0.3218123624954693
1.1562392882147077	-0.31856723415062804
1.1554114984177641	-0.3154041746225643
1.1546235358059782	-0.31214702577017667
1.1538700544065266	-0.3087221021601569
1.153178112966887	-0.30520634552797954
1.1525396964159857	-0.30154402686222337
1.1519536957217509	-0.2977068026302606
1.1514320405049137	-0.29370798090467004
1.1509783948025853	-0.28960086282537456
1.150586475198077	-0.2853850933844673
1.1502441110363297	-0.28106409670458216
1.1499373219576623	-0.2766714348057145
1.1496619233121177	-0.27234860711676423
1.1494248427949336	-0.26827171850424036
1.1492299517285782	-0.2644837145632295
1.1490773664849794	-0.26099787379207456
1.1489639498749522	-0.25780279514445886
1.1488774485700612	-0.2547185031347257
1.14879918750262	-0.2514735199970036
1.1487263455377015	-0.24802806367279687
1.1486559730675494	-0.24443516639726312
1.1485856639089822	-0.2408024703853182
1.1485162242169948	-0.237179437258196
1.148449393343997	-0.2335570573181799
1.1483850980318584	-0.2299419297516419
1.148321951460481	-0.22633342289235203
1.1482590089321247	-0.22287679898619314
1.1481979877723234	-0.21933123545863212
1.1481379145694321	-0.2156280126623293
1.1480915637256697	-0.2117632232877309
1.1480703253388214	-0.20773299394743577
1.1480811895184904	-0.2035401970523163
1.1481287910694595	-0.19919308918678733
1.1482107665869055	-0.19470585366731755
1.1483230655470307	-0.19009859432405363
1.1484580877658896	-0.1853777367550864
1.1486050917112736	-0.18050185520709866
1.1487637887822097	-0.17542319536311726
1.1489289295565384	-0.1701024150330052
1.1490987889523718	-0.16451179811793368
1.14927456972785	-0.15863966756555498
1.1494609592353753	-0.15249211473490004
1.1496736051647465	-0.1460929177159348
1.1499163834670614	-0.1394828248484815
1.1501996685613387	-0.13271945803470467
1.1505410947871628	-0.1258386470987866
1.1509376392856254	-0.11885607059739098
1.1513884530382699	-0.11179231144167004
1.1518960957040763	-0.10462869751652083
1.1524503859958635	-0.09730360986412609
1.153052894723832	-0.08976333777917674
1.1537039958514468	-0.08196734453847991
1.1543982587629955	-0.07398295544559136
1.1551192650155016	-0.06598281357857586
1.1558665917800257	-0.05798228264380076
1.1566391161623333	-0.04998123248387304
1.157436719119293	-0.04197467739931989
1.1582714434940768	-0.03394250036323976
1.1591543665164825	-0.025942966842366712
1.16007509210567	-0.017950475032923657
1.1610422473021345	-0.009962268904691263
1.1620496419660178	-0.0019960116356376456
1.1630962917601266	0.005970630328326142
1.1641812493306936	0.013932606020974217
1.165304075808223	0.021892595514857564
1.1664636460303344	0.029849361730174547
1.1676592946165925	0.037805206890334106
1.1689042413760649	0.045763277899861815
1.170220618807641	0.05373696329395125
1.1715962754483362	0.06169470959451952
1.1730258995051586	0.069637746820718
1.174497582972987	0.07756233919010722
1.175983092642683	0.08546217907104525
1.1775320890007794	0.09333323834749219
1.1791800421663952	0.10120862691207998
1.180881416209917	0.10907546234671764
1.1826455407387337	0.11691515650781568
1.1844865750441491	0.1247110230130413
1.1863932405212674	0.13253500291959142
1.1883495543298976	0.1403545798756067
1.1903516175911013	0.14816087773201891
1.1923953245552974	0.15595550592869714
1.194480608961616	0.16374134116159414
1.1966026634051385	0.17150618867052747
1.1987523674677858	0.17925471493363337
1.2009286919386013	0.18696456713473464
1.2031468291722878	0.1946488994413651
1.205415075799607	0.2023353619684251
1.2077472215622658	0.20999831892440854
1.2101120399289365	0.2175847434264558
1.2125206472007524	0.22522250459421073
1.2149432631788442	0.23285891038732467
1.2173765390199471	0.24049767970814265
1.2198313873277191	0.2481482217319585
1.2223095914548425	0.25579281693670824
1.2248091976365627	0.2634318273128278
1.2273217050475096	0.2710601394782468
1.2298526748895493	0.2786923152828225
1.2323722667613244	0.28627832214963095
1.2348992516636623	0.29385604587743114
1.2374385756588338	0.301432687966854
1.239990470641959	0.30901627859141656
1.242552889575835	0.3166004027412166
1.2451256264849522	0.32418513720480624
1.2477090667853556	0.33177085071422163
1.250303637675857	0.33935724474971785
1.252908782154402	0.34694413183258815
1.2555118643319263	0.3545162379991247
1.258107443645636	0.3620867699795929
1.260693679513632	0.36965725018933976
1.263271775360541	0.3772110691486704
1.265845149502068	0.384770842901814
1.268409963765891	0.3923123815661063
1.2709838817880417	0.399864236864726
1.273563414936892	0.4074298254299668
1.2761446359495063	0.4149970664753538
1.2787241092855315	0.4225599007334616
1.281278018521209	0.4300758330558439
1.283793474755533	0.4375768868993212
1.2862609558196842	0.44512416908624125
1.2886696856449007	0.4526912630897174
1.2910318442430815	0.4602927653461975
1.2933504731572805	0.46790516771543933
1.295615396138074	0.47550947102308794
1.297833957864969	0.4831219504319227
1.300007375799831	0.4907461276314755
1.3021501323215194	0.49839571432842583
1.3042622012369558	0.5060450803457965
1.306384390832942	0.5137452810528976
1.3085145805054186	0.5214560015971086
1.3106484046109799	0.5291727735247427
1.3127844055256648	0.536889176713135
1.3149215615694851	0.5446093669317132
1.3170606155714775	0.5523322219742077
1.3192006819992652	0.5600543306433389
1.32134071873358	0.5677745303270475
1.323477702699232	0.575499464147053
1.3255882586059147	0.5831805627714854
1.3276713150725323	0.5908038820458692
1.3297439877453852	0.5984710873446363
1.3317955624041085	0.6061640851171912
1.3338268891589258	0.6138708851597304
1.3358411232383043	0.6215897676413027
1.337838645953466	0.6293170528315559
1.339819278838032	0.6370532383605221
1.3417856873697387	0.6448003145744516
1.3437560722087205	0.6525746643044475
1.345755770866174	0.6603539810214811
1.3478105864944685	0.6681587314682345
1.3499024717127885	0.6759604625680976
1.3520126715380345	0.6837037994340611
1.3541716440920268	0.6913757341701665
1.3563672118246943	0.6990547929694035
1.3585975037846767	0.7067601762252553
1.360853537105106	0.7144600477081159
1.3631329055142585	0.7221535408643754
1.3654321957711784	0.7298391389350257
1.3677397071257213	0.7375030665140777
1.3700374885566033	0.7451488259861724
1.3723140600536	0.7528068641689591
1.374579619215723	0.7604826847731974
1.37683284440316	0.7681572457706947
1.3790681562715086	0.7758246902370326
1.3812792444362358	0.7834677568981485
1.383478729629654	0.7911110341707235
1.3856703427493884	0.7987726533035543
1.387819820919832	0.8063658170971406
1.389947225229631	0.814018113087757
1.3920796809256917	0.8217239669104175
1.3942378064340317	0.8294526060848453
1.396417300114289	0.8371816080717518
1.398617600641815	0.844906414422806
1.4008299014473926	0.8526193281824296
1.4030486334166883	0.8603249752381902
1.405275160995832	0.8680286294460505
1.407505344855548	0.8757195057493866
1.4097284057829256	0.8833737538708003
1.4119366792714412	0.890944785221855
1.4141205301579696	0.8984790341840297
1.4163025632951158	0.9060984249275149
1.418463570346692	0.91376075924591
1.4205995178035984	0.92143772025236
1.4227146773178698	0.9291301965326378
1.4248100437152291	0.9368322732606861
1.4268856920007684	0.9445444570664219
1.4289410897075063	0.9522641862251716
1.4309604009278971	0.95997385271761
1.4329264453457724	0.967675726416368
1.4348435580393346	0.9753759377219997
1.436697967024823	0.9830567359915413
1.43847092995703	0.990774290997552
1.4401984042276499	0.998515084514472
1.4418799445484578	1.0062707872305645
1.4435158945711994	1.0140400974259223
1.4451060039253065	1.0218239210283528
1.4466498776492935	1.0296207728482847
1.4481496891538488	1.0374327957812228
1.4496006178466743	1.0452496480225455
1.4510010751599798	1.0530827376867884
1.4523549873393078	1.0609271814483796
1.4536639275980732	1.0687722440803702
1.4549230489103793	1.076595831230365
1.4561375344318195	1.084436873232366
1.4573034262124103	1.0922751238518942
1.458427422450648	1.1001365508458703
1.459510237374792	1.1080056428229013
1.4605541865746334	1.1158871908591426
1.4615700946286343	1.12379999790329
1.462579268924645	1.1317413778224823
1.4636278208713451	1.1397380812535465
1.464752793955632	1.1477641118013868
1.4659641145505211	1.1557718819796583
1.4672451377552862	1.1637216030598112
1.4685778708986565	1.1716087438269276
1.469951805149611	1.1794758810901893
1.4713608835807201	1.187346130562022
1.4728510851429324	1.1952207958644132
1.4744178891413613	1.203107896401019
1.4760551418086398	1.2110066844958132
1.4777545871216144	1.2188896280551436
1.4795147131575368	1.2267626340561624
1.4813328913730701	1.234622394386495
1.483207891103633	1.2424719273469649
1.4851371639933002	1.2503079843277696
1.4871195232015726	1.2581323952603198
1.4891496469451326	1.265937402604623
1.4912254320936071	1.2737122274640622
1.493321039241266	1.2814386259366044
1.4954439507258206	1.28908958685839
1.4976438541390875	1.2966183216250835
1.4998772947929317	1.3040387279935124
1.5021361782316403	1.3114924129473675
1.5044345655882874	1.3190627252428373
1.5067486297356734	1.3267083359395055
1.5090631597196114	1.334371087659656
1.5113809645527956	1.3420366675398492
1.513700802086874	1.3497042347491257
1.5160333119061318	1.357366487238978
1.5184222246348351	1.365063971974785
1.5208591206204907	1.372754860055744
1.5233314000604772	1.3804290235661358
1.5258298217392672	1.3880181527404232
1.5283673375526898	1.3955894180555466
1.5309519137607333	1.4031808438687976
1.5335711352017711	1.4107719460009538
1.5362199963083916	1.4183475869941116
1.53887835137609	1.4258892029100263
1.541554959073067	1.4334531735191725
1.544251586276247	1.441014211516793
1.5469718312074514	1.4485777269770892
1.5497149470681046	1.456132737119636
1.5524711256505643	1.4636682966488999
1.5552363774619464	1.4711935329147383
1.5580137393907247	1.4786959931670607
1.5608010380656572	1.4861887245860181
1.563605282525114	1.4936572226754914
1.5664376431064235	1.5011434513211621
1.5693062459909186	1.508646017886706
1.5722155243876081	1.5161381769652948
1.5751597957163719	1.523620493313404
1.5781381851643246	1.5310912960626273
1.581145159131042	1.5385470265927634
1.584179454036436	1.5459946223095442
1.5872391096667213	1.5534293076004437
1.5903192675887625	1.5608519951244235
1.5934203208780513	1.5682502814552253
1.596535387166938	1.575607704167453
1.599709098009289	1.582971761583271
1.60297091187471	1.5903513056366307
1.6062977851763567	1.5976917844867877
1.609687912161743	1.6049974000900775
1.6131409080732266	1.6122869632591474
1.6166473606905907	1.6195474028007886
1.6202057356190096	1.6267862855270594
1.6238142053763096	1.634000893706137
1.6274688188907833	1.6411883222801387
1.6311631930187507	1.6483456691663008
1.6348659256024125	1.6553800857936072
1.6386724313507273	1.6624421049924472
1.6425674931338627	1.669519629006052
1.6465225265854218	1.6765609347447858
1.650537665375262	1.683560866462252
1.654597348984078	1.690500495658273
1.6587136031778842	1.6973985923369022
1.6629036293202413	1.7042858852351415
1.66715402756737	1.7111480617949426
1.6714597939253275	1.7179735344268072
1.675791951449281	1.7247020064611058
1.6801811458423697	1.7313237027279464
1.6846800389432846	1.737884138147406
1.6893152771705087	1.7444309205535613
1.6941174722969226	1.7509865599084316
1.6990364846780068	1.7574796307916705
1.7040635296129663	1.7638929402221653
1.7091952034545908	1.7702247317712316
1.7144282967474154	1.7764719596969483
1.719752013450848	1.782624608192229
1.7250949645154101	1.7886140315754573
1.7305237675185987	1.7945330933460562
1.7360516025485004	1.8004140389496304
1.741665435764239	1.8062454996626252
1.7473888858295674	1.8119864312533474
1.7531904085082122	1.817649296921961
1.7590669292839232	1.8232390834562282
1.7650184662575388	1.828754871300907
1.771042385420905	1.8341946084128395
1.7771403227527105	1.8395595821637294
1.7833354133672736	1.8448515982386058
1.7896376489616217	1.850047702631297
1.7960289037414288	1.8551316415096675
1.80248980701293	1.8601037360409045
1.8089380688893317	1.8649762859597498
1.8153507267663167	1.8697482730311066
1.8217167641613699	1.8743499852027823
1.8280135678366691	1.8786821756999046
1.8342071874989003	1.8826907807544069
1.8402029461708673	1.8864444502901663
1.8459578867272661	1.8899550538462266
1.8514494461380446	1.8932261208360524
1.85666512196556	1.89626447994105
1.8616005764975054	1.899078855066325
1.866257729878068	1.901678729575414
1.8706426047329947	1.904073940377332
1.8747642328079066	1.906273781103186
1.8786310348076418	1.9082865494851378
1.882253259498455	1.9101210386985799
1.8856172040319308	1.9117707909145114
1.8887206871171354	1.913240038771992
1.8915725629429068	1.9145400124512515
1.8942002229574888	1.9156915549067433
1.8966850108461533	1.9167334704018413
1.899018996303586	1.9176756142973082
1.9011878240571622	1.9185227870761397
1.9031794213475548	1.9192797816020875
1.904986012750013	1.9199517106479562
1.9065999842149675	1.9205430127974326
1.9080273099169887	1.9210622234291597
1.9092959869643886	1.9215238690336147
1.910348302051267	1.921910735982782
1.9111934225919451	1.9222269295501937
1.9118341761279047	1.9224717502502437
1.9122663967269629	1.9226409258170005
1.9124869766950605	1.922728584189003
1.9124958688304372	1.9227278860393933
1.9123508677508285	1.9226568852981087
1.9121984190775791	1.9225788339217493
1.9120507558105821	1.922499732529429
1.9119453995273366	1.9224410814222173
1.9118691085026776	1.9223989781059974
1.9117933976876713	1.9223544532852956
1.9117153680522931	1.9223081898667582
1.911630278971849	1.922255178667336
1.9115459982662566	1.92220191368368
1.9114637363513491	1.9221485856096825
1.9113825878950599	1.922094675129558
1.911301711046441	1.9220395405433888
1.91123748481799	1.921994856439182
1.9113595130616143	1.922074976116521
1.9116631629873149	1.9222829317999648
1.9120568966928007	1.9225556157662727
1.912510303696759	1.9228725540901026
1.913001987575286	1.9232145262855784
1.9133296623695981	1.923439035220003
1.9134706367411203	1.9235344842201443
1.9134998847297353	1.9235533881547573
1.913517219202008	1.9235640789443003
1.913567049579672	1.9235980039634306
1.913770310907028	1.923735639085402
1.913883738575439	1.9238105971524815
1.9138834848584203	1.923810433516204
1.9138849182937103	1.9238119795296322
1.9138867169385285	1.9238133717140544
1.913889137256836	1.923815344515043
1.9138915763172881	1.923817274565507
1.9138938959769147	1.923819111096203
1.9138962197151408	1.9238209621291409
1.9138986020395234	1.9238228510036837
1.9139010977195257	1.9238248307921904
1.9139036169556556	1.92382682476539
1.9139061446205172	1.923828811721982
1.9139088005382263	1.9238309140346148
1.913911455816647	1.9238330022230272
1.9139141059064109	1.923835090447897
1.9139167521333627	1.9238371773728193
1.9139194158843054	1.9238392748237927
1.9139221375449487	1.923841424394889
1.913924977567799	1.923843633855243
1.9139280903463356	1.9238460936011053
1.9139312137151008	1.923848524410031
1.9139343347947457	1.9238509675959392
1.9139374183144098	1.9238533740703079
1.913940533115157	1.923855816170825
1.9139436401846033	1.9238582502428634
1.913946762981005	1.92386069238758
1.9139499260412904	1.9238631792415448
1.913953084399143	1.9238656522446416
1.9139562395730694	1.9238681254033656
1.9139594970053844	1.9238706464045554
1.9139629850930924	1.9238733856441983
1.9139665110427646	1.9238761403699898
1.9139700012909542	1.923878856127895
1.9139735031120175	1.9238815832536869
1.9139770422877616	1.923884350656553
1.9139805990911012	1.9238871196742473
1.913984165588514	1.9238899093232749
1.9139877072636082	1.9238926691527787
1.9139863740861307	1.923892362382112
1.913978848231507	1.923886438614517
1.913970672035684	1.9238808056358432
1.9139637360144526	1.9238755128759735
1.913958389050169	1.9238720755292633
1.9139534277550312	1.9238684805355744
1.9139482000944035	1.92386486628125
1.9139424836413652	1.9238606914474121
1.913936735540853	1.9238565571090214
1.913931225568828	1.9238525719406072
1.9139419826446904	1.9238603283819307
1.914096397443321	1.9239702738385236
1.9141983475280517	1.9240433922895606
1.9141724963591853	1.9240221958760022
1.914139604049378	1.9239973567342135
1.9141088249624199	1.923973546636001
1.9140781527174224	1.9239493480287302
1.9140468690699495	1.9239244401212583
1.9140155174242013	1.923899050239902
1.913984061261222	1.9238735735261685
1.9139674502670905	1.9238595675833325
1.9140938458563024	1.9239591249799366
1.9141697035127427	1.9240185659683535
1.9141289819868068	1.9239807120246577
1.9140741024434327	1.9239350942087483
1.9140246503458047	1.9238907017006488
1.9139743911682607	1.9238462532800968
1.9139257136487817	1.9238019446293155
1.9138764960375485	1.9237568591570426
1.9138278640294	1.9237116920059094
1.9137911615579446	1.9236773504140292
1.9138894325715843	1.9237662834632838
1.9140722602025764	1.9239360877866056
1.914213960016636	1.924068448114821
1.9143113010218933	1.9241604330776068
1.9143512204027284	1.9241962737911555
1.9143619499335458	1.9242038212644412
1.914367600925083	1.9242101289931004
1.914374896284897	1.924216842164375
1.914381394508896	1.9242231471047222
1.9143988092237787	1.9242397759114904
1.9145089489177702	1.9243456348741728
1.9145654429584509	1.9243984624141603
1.9145662278797486	1.9244007952085673
1.9145602531079966	1.9243977303292223
1.9145659421558294	1.924401166092748
1.91457368332663	1.9244043240190076
1.9145791303504511	1.9244099765035139
1.9145846366496324	1.924415074824518
1.9145888646906104	1.9244192611242548
1.914590846336604	1.9244222436404632
1.9145943613660568	1.924425522502234
1.9145983911260793	1.9244291276203904
1.9146020659497738	1.9244325932314001
1.914605811528986	1.9244360889546241
1.9146095713272382	1.9244396004604563
1.9146133429975158	1.9244432377872533
1.914617108615461	1.9244469326820248
1.9146208769575968	1.924450643353448
1.9146150234124901	1.9244489016749222
1.914595873652375	1.924436548101437
1.9146116996162956	1.9244464526245724
1.9146226812452838	1.9244574246460209
1.9146273947603427	1.924462884506065
1.9146347265068653	1.924470048948349
1.9146419302852071	1.9244757468565552
1.9146479535881973	1.9244816446025987
1.914654539458348	1.924487833357734
1.9146608870299826	1.9244940106013058
1.914667550145229	1.9245002020904214
1.914674105250323	1.9245063588347036
1.9146805683278765	1.9245124491886014
1.9146870738224495	1.9245186268559726
1.9146936344775072	1.9245247581514768
1.9146999611186777	1.9245307424044087
1.9147063312699872	1.924536746401587
1.9147122382545398	1.924542553482089
1.9147183545389534	1.924548424994898
1.9147243759089665	1.9245542768425956
1.9147303117591332	1.9245600540521772
1.9147365128760458	1.9245660133908753
1.9147424148585748	1.924571822700267
1.9147486083127465	1.924577725521037
1.9147545135164952	1.924583457850066
1.914760511500862	1.9245892025820033
1.9147664327426042	1.9245949532133937
1.9147723752726324	1.9246006666288986
1.9147783600258097	1.9246064314725404
1.9147843084386917	1.9246121578249047
1.9147902895310966	1.9246179103221284
1.9147880427498116	1.9246189362160226
1.91478016646784	1.9246174840420296
1.91480653169073	1.9246375279209178
1.9148192169136025	1.92464939547889
1.914828199892625	1.9246583976307035
1.9148386514290952	1.9246679385526488
1.914848316227025	1.9246771162533676
1.9148583107939403	1.924686349465545
1.9148678656169738	1.9246953871891668
1.914877688821168	1.9247045452176723
1.9148859702531957	1.9247124986357738
1.9148951393784206	1.9247207918558118
1.9149029826302937	1.924727945690467
1.9149111391565312	1.9247355470116532
1.914919549943206	1.9247431957470529
1.9149274995346162	1.9247506421330431
1.9149359239694266	1.924758369736323
1.9149440218195826	1.92476578832842
1.9149521519507993	1.9247732670551907
1.9149602350230293	1.9247807133945118
1.9149596582480015	1.9247831816706742
1.9149438172346631	1.9247761393133644
1.9149453706559958	1.9247760229163065
1.9149427147867892	1.9247736321711346
1.9149400408715247	1.9247717578353545
1.9149376615598634	1.9247697104088692
1.9149351800031624	1.924767591523767
1.9149327497770894	1.9247658574397513
1.9149304812995467	1.9247641875743067
1.9149281294453846	1.9247624781174515
1.9149338788256263	1.9247667396522672
1.9149579321871872	1.9247860836877204
1.9149695177564143	1.9247966061291029
1.9149767017075938	1.9248043552224705
1.9149869830959496	1.9248132672426825
1.9149949785289162	1.9248204738229846
1.9150032576220075	1.924828388312594
1.9150117079079911	1.924836206356571
1.915020091934647	1.924843888472462
1.9150283126272565	1.9248514381042876
1.9150301400638876	1.9248552621031627
1.9150258268337133	1.924858382020525
1.915027619499882	1.9248587492381661
1.9150288733018117	1.9248601341242428
1.9150296814669652	1.9248611895697316
1.9150305822034628	1.9248627398558007
1.9150319993975236	1.9248643891290091
1.9150331229261681	1.9248659266128518
1.9150345014173196	1.924867626218347
1.9150356049197508	1.9248691961564635
1.9150431158865324	1.9248741845662318
1.9150584560180455	1.9248851687174275
1.9150661569612284	1.9248931456960856
1.915075004774027	1.9249013398638015
1.915083785052691	1.9249093082697106
1.9150915153948238	1.9249163133142013
1.9150994778775337	1.9249236974523716
1.9151075585795774	1.92493102651756
1.9151154697952653	1.924938344827991
1.9151236177620319	1.9249458095098428
1.9151220406662508	1.924947195837988
1.9150737244586966	1.9249107362917843
1.9150709584582575	1.9249076712983342
1.9150678725388626	1.924904598677342
1.9150661643376035	1.9249028281677265
1.9150641467925251	1.9249013708697664
1.9150620573403216	1.9249000965552456
1.9150602370193726	1.924898854843225
1.9150579106948096	1.9248971125824619
1.915056044279824	1.9248957720918265
1.9150623348909224	1.924900633683346
1.9150873054551658	1.9249209530361346
1.9150996561390738	1.9249323182413804
1.915108910623857	1.9249415305009911
1.9151178080052857	1.9249500231813261
1.9151271974093615	1.9249585816844517
1.9151352813461524	1.924965674737276
1.9151430265442524	1.924973108128908
1.9151516972638827	1.9249808870500649
1.9151596653055571	1.9249883632529603
1.9151614213300157	1.9249921212640635
1.9151560317762966	1.924994301468153
1.9151581565940086	1.9249948578122626
1.915159056806181	1.924996006854588
1.9151598196281696	1.9249969964190332
1.915160362578703	1.9249983356296492
1.9151618043806073	1.924999978014473
1.9151627823261228	1.925001454498511
1.9151641148235372	1.9250031004646009
1.9151650451458904	1.9250045404683593
1.9151727167849804	1.9250097846506413
1.9151917696747496	1.925024378386091
1.9152001560641847	1.9250326315403223
1.9152091911844533	1.925041405901802
1.915218695789938	1.92504992189702
1.9152269438647267	1.9250574200287214
1.9152352953270955	1.9250651979448967
1.9152438759560946	1.9250729855505115
1.915252281835542	1.9250807596560708
1.915260872838549	1.9250886668127565
1.9152607720722021	1.9250912725029161
1.9152431719032135	1.9250826369835616
1.9152425205211956	1.9250811085643376
1.9152421652044813	1.9250801370297508
1.9152399315891924	1.9250782926720296
1.9152376385949943	1.9250768428953307
1.9152356787946958	1.9250754011186748
1.9152332316942393	1.925073576011658
1.9152312236727953	1.9250721096997285
1.9152294367746407	1.925070945203827
1.9152355589458232	1.9250756002340006
1.9152608627852095	1.9250962142609256
1.9152736674681499	1.9251079326867382
1.9152804868632682	1.9251153845139377
1.9152912464944438	1.925124849506399
1.9152998330344153	1.9251324131830998
1.9153081728049686	1.9251404737935607
1.9153169806525394	1.9251486110832046
1.9153256434693924	1.9251565796387022
1.9153341305534515	1.9251643567805228
1.9153425995749334	1.9251721711765157
1.9153444491605431	1.9251760324916114
1.915339169335063	1.9251786252406702
1.9153429476281278	1.9251805271732327
1.9153427333306845	1.925180977961394
1.9153437240343067	1.9251825219582954
1.9153452446425525	1.9251839654443446
1.9153461592247487	1.925185416489348
1.9153477485409893	1.9251872496663722
1.9153486973975737	1.925188734676134
1.9153497943751852	1.9251902952413424
1.9153512277015552	1.9251920610570914
1.9153523229466052	1.9251936465487678
1.9153534995379415	1.9251952649467778
1.9153547609168353	1.925196932725293
1.9153559826369844	1.9251985964676084
1.9153571653219201	1.9252002263782868
1.9153583330833481	1.9252018474939998
1.9153595913033663	1.9252035270460193
1.9153607655701217	1.9252051602535176
1.9153686872623423	1.9252105742343346
1.9153867813432648	1.9252240908925835
1.9153945909420822	1.9252319816964985
1.9154039337251292	1.9252409039330498
1.9154133664654416	1.9252494145707175
1.9154220166571923	1.925257235593719
1.915430408383468	1.9252651427881626
1.9154391613478858	1.925273146481555
1.915447663470577	1.9252809708075023
1.9154562105425745	1.9252888310484237
1.9154577639496446	1.925292565385603
1.9154517797215598	1.9252949366276353
1.9154541997846417	1.9252956490227666
1.9154552148737087	1.9252968740952467
1.9154560486958336	1.9252978615443654
1.915456101162644	1.9252988407375504
1.9154574049161275	1.9253002004610305
1.9154586677530996	1.9253018385006757
1.9154598107550127	1.925303441635551
1.9154609101674815	1.9253050009172172
1.9154623256271814	1.925306839268573
1.9154636669545668	1.9253086154367185
1.9154645745653016	1.9253100921555764
1.915466137928195	1.9253119487258246
1.9154676242641204	1.925313827016285
1.9154687449817793	1.925315495067297
1.9154699239068063	1.9253171291831666
1.9154712527890827	1.9253188601587439
1.915472717952372	1.9253207073342788
1.9154739692059142	1.9253224558650106
1.9154820517115687	1.925328026678129
1.9155023136402534	1.9253436271573872
1.9155112293189498	1.925352191008457
1.9155199377060441	1.9253608451740458
1.9155298834625412	1.925369694579836
1.915538574072802	1.9253775603639174
1.9155471708020793	1.9253856609351117
1.915555985030075	1.9253937527351868
1.9155646747821273	1.925401742401585
1.9155733049995116	1.925409652276001
1.9155749875781956	1.9254135254167861
1.9155692418078032	1.9254161305864987
1.9155718152055665	1.9254169763603626
1.9155728607424176	1.9254182702824387
1.9155738585243756	1.9254193647379598
1.9155744585491616	1.9254207771726055
1.9155761415789125	1.9254226052605141
1.9155773362428496	1.925424266160478
1.915578701153968	1.9254259574428585
1.9155797675859298	1.9254275024215668
1.9155810260189077	1.9254291557278473
1.9155822744968014	1.9254308278624253
1.915583440809981	1.9254324535790848
1.9155846414668682	1.9254340953263591
1.915585878721256	1.925435758197335
1.9155870814703277	1.9254374011493425
1.915588274728537	1.9254390359028963
1.9155895110111534	1.925440707924458
1.9155907057467958	1.9254423545949892
1.915591870537364	1.9254439838669348
1.9155998607354414	1.9254495008503245
1.9156194078360838	1.925464351347989
1.9156266480222752	1.9254716462180057
1.9156362550242423	1.9254807147231352
1.915645504163952	1.9254887780438612
1.9156537726028477	1.9254967317189895
1.9156628377687797	1.925504979235064
1.9156713227722848	1.9255128628865508
1.9156799571697372	1.9255207843431486
1.9156815188757272	1.9255243931016093
1.9156753809193876	1.925526621555452
1.9156782429008319	1.9255276570016493
1.9156775823300938	1.925527712695349
1.9156797551871247	1.925529617699459
1.915680895098191	1.9255312502064519
1.9156808353544594	1.9255322330162319
1.9156825716569155	1.9255339677079852
1.915684155553855	1.9255359337735576
1.9156853009537702	1.9255376243781226
1.9156867166591247	1.9255394765589784
1.915687831750229	1.9255410822353418
1.9156889812430533	1.9255426349303768
1.9156905350617817	1.9255444951555685
1.9156915167817519	1.9255460060554785
1.9156926599077653	1.9255475935760693
1.9156939973465312	1.9255493405975483
1.91569519032931	1.9255510085810295
1.9156962747236161	1.925552601978981
1.9156975115363322	1.9255542699753239
1.9156987042069464	1.9255559187804565
1.9157066988502114	1.9255614717437777
1.915728501758031	1.925578533394423
1.9157378187050897	1.9255873715215004
1.915746371054477	1.9255958124533743
1.9157564654129144	1.9256045543611666
1.9157645736883537	1.9256123914076868
1.9157738814447427	1.9256209096983121
1.9157825885208746	1.9256289463522152
1.9157914321185725	1.9256371222402922
1.915800049383247	1.9256450976383284
1.9158015702273643	1.9256488829968645
1.9157950211265975	1.9256507897343114
1.9157977837913636	1.9256518429142122
1.915798921774382	1.925653102638331
1.915799778485746	1.925654205598205
1.9158002060385495	1.925655491095492
1.9158023411597325	1.9256576862026347
1.9158032456050835	1.9256592101287857
1.9158043555830364	1.9256606717250637
1.9158059039634923	1.9256625317301221
1.9158066251442656	1.9256638281393228
1.9158079319475414	1.9256655041286441
1.9158093609674005	1.9256672931350531
1.915810156702972	1.9256686972952153
1.9158114033396465	1.925670343912497
1.915812622325724	1.9256719926416423
1.9158137208133172	1.9256735644166407
1.915814919040299	1.9256752089329587
1.915816083423401	1.9256768344542805
1.9158171839915155	1.9256784250858634
1.915825184043726	1.925684005458575
1.9158458797885685	1.9256999241809298
1.9158552931513746	1.925708884627291
1.915865052463088	1.9257183654785104
1.9158741769524867	1.9257268691609846
1.915883328170287	1.9257353608470038
1.915892720139093	1.9257435695352372
1.915900835091032	1.925751367919978
1.9159098549586222	1.925759672777995
1.9159184018588826	1.9257675732902373
1.9159194874996472	1.925770965206079
1.9159119427961677	1.9257719315233717
1.9159166790873368	1.9257745258832861
1.9159161581359616	1.9257748319659644
1.9159166286894038	1.9257761645008427
1.9159190716697811	1.925778209337875
1.9159197982114204	1.9257796540636278
1.9159209489730484	1.925781116998642
1.9159226110115495	1.9257830740161734
1.9159237267240805	1.925784698392829
1.9159250814075648	1.9257865021725846
1.9159264832235734	1.9257883407409442
1.9159276717363252	1.9257900467246822
1.9159291632712874	1.9257919278688376
1.9159305422942712	1.9257937568072678
1.9159318617902472	1.925795540483485
1.9159332608830582	1.9257973763073721
1.9159346247088074	1.9257991943592352
1.9159359064380888	1.9258009487402625
1.915937246494117	1.925802734875911
1.9159384166644036	1.9258043737286998
1.91593967387106	1.9258060802012433
1.9159411089501717	1.9258079074539678
1.9159421908515204	1.9258095299008129
1.9159434750557371	1.9258112683530675
1.9159447017467912	1.9258129789406642
1.915945922395439	1.9258146799204117
1.91594718099424	1.9258164084544271
1.9159484124084296	1.9258181223718112
1.9159496044986932	1.9258198071328019
1.9159575397024557	1.9258254188166775
1.9159778517057227	1.9258409539651191
1.915987561412013	1.9258501185082895
1.915996768657565	1.9258591718480729
1.9160061699734838	1.9258679032272121
1.916015135257479	1.925876264989851
1.9160242975330848	1.9258844000460904
1.9160325760370245	1.9258922452606546
1.916041450657022	1.9259004267915254
1.9160425248658166	1.92590380293692
1.916034624245651	1.9259045537375898
1.916037663644468	1.925905935951879
1.916037061772039	1.9259057093096736
1.916038870252265	1.9259074629704274
1.9160401200686474	1.9259091319744526
1.9160390988693263	1.9259094280096156
1.916040571291134	1.9259109037789375
1.9160422440476579	1.925912836980915
1.916043186351392	1.925914397999298
1.916043970408926	1.9259157584454878
1.9160457272541143	1.9259178339779617
1.91604725981955	1.9259198269645008
1.9160480461377856	1.925921309598854
1.9160494959516872	1.9259231482660812
1.9160509344414423	1.9259250255822196
1.9160522938267441	1.9259268602463566
1.9160535508792929	1.9259286254882546
1.9160548216559632	1.9259303922056201
1.9160561682960822	1.9259322122090623
1.9160574932746068	1.9259340297002252
1.9160683615246883	1.9259420943275116
1.9161128440508761	1.9259816246742227
1.916127438888285	1.925994260900428
1.9161362330083265	1.926002725151688
1.9161464169592028	1.9260118270528832
1.9161560503009971	1.9260207982496804
1.916165935004086	1.9260299908655016
1.9161756293366177	1.926039253080939
1.9161858739638267	1.9260486208273195
1.9161956107691929	1.9260576607556341
1.9161979676655185	1.926061881548204
1.916189476213217	1.9260624421111028
1.916192784794174	1.926064037363369
1.916194018487103	1.9260652671905585
1.9161947668389747	1.926066206285121
1.9161946152287401	1.9260670685617538
1.9161961823469706	1.9260686769789004
1.916197921147646	1.9260707509134873
1.9161990355629965	1.9260724153113415
1.9162002808151826	1.9260741836444326
1.916201658141124	1.9260759731651351
1.9162026895380484	1.9260775277553677
1.9162043512797633	1.9260794855244214
1.9162055540276492	1.9260811892954555
1.9162067553557627	1.9260828745319691
1.9162079831410264	1.9260845691549382
1.9162092547825396	1.9260862928815161
1.9162105518797639	1.9260880442004096
1.9162118350872686	1.9260897996648931
1.9162129155296728	1.926091388767163
1.9162144031888422	1.9260933082069
1.916216010453001	1.9260953453810046
1.9162168058788045	1.926096822714265
1.9162182593963597	1.9260986749141562
1.9162197739105262	1.926100616191868
1.9162210751032132	1.9261024323815579
1.9162223835191168	1.9261042443494276
1.9162236572165252	1.9261060281048528
1.9162250236125864	1.926107871912465
1.9162264368484496	1.9261097706311803
1.9162355618896845	1.926116305874633
1.916262279493004	1.9261383358597786
1.9162806272601003	1.9261553247903869
1.9162895368599064	1.9261639804337536
1.9162995837537493	1.9261737190145416
1.916311344419817	1.9261838843996348
1.916320184123019	1.9261925103440327
1.9163304830145231	1.926202152281798
1.9163405384945467	1.9262113908434602
1.9163504325157181	1.9262205735969753
1.9163525891354458	1.9262248470205465
1.9163448696674898	1.9262260209874393
1.916348423251457	1.9262278548349516
1.9163500736300731	1.9262294935676667
1.9163510131468091	1.926230870963064
1.916351331247945	1.9262322107101983
1.9163534400473792	1.9262342439740838
1.916354897430439	1.926236132611521
1.916356782092409	1.9262382987083426
1.9163580224693688	1.9262400939642768
1.916359307651541	1.9262418686797471
1.916360829265428	1.9262438065708025
1.9163623558491958	1.9262457635778283
1.9163637619235439	1.9262476585104562
1.9163652012097243	1.9262495577112602
1.9163665930464169	1.9262514295517434
1.9163681231769856	1.9262533898386203
1.9163695318023368	1.9262552847194998
1.9163709995832563	1.9262572144388372
1.9163724280630081	1.926259125664652
1.9163736445564425	1.9262608443316864
1.9163749359675533	1.9262625972970884
1.9163766281956593	1.926264651618334
1.9163778063697592	1.9262663841763745
1.9163790264468887	1.9262681159182622
1.9163804330628986	1.9262699771070324
1.9163817498201907	1.9262717866926253
1.916383022917241	1.9262735594313989
1.9163843244104402	1.9262753490860876
1.9163951011950555	1.9262833294331019
1.9164397431370281	1.9263230702406275
1.9164581272825054	1.9263388102303767
1.916468374011996	1.926348672548581
1.9164779429786822	1.9263582435792457
1.9164892760489172	1.9263684810842856
1.9164999044775568	1.9263779301322526
1.9165091642916556	1.9263868603828433
1.91651945370542	1.9263964011628325
1.91652953739038	1.9264056396795564
1.9165392288733525	1.9264146891304619
1.9165413673428913	1.9264188870079844
