-2.920146887543362	-0.669156566773005
-2.920146963370565	-0.6691561258726523
-2.920147039202801	-0.6691556849626834
-2.92014711504007	-0.6691552440430993
-2.9201471908823726	-0.6691548031138995
-2.920147266729709	-0.6691543621750835
-2.920147342582079	-0.6691539212266508
-2.9201474184394836	-0.6691534802686011
-2.920147494301922	-0.6691530393009348
-2.9201475701693957	-0.6691525983236516
-2.920147646041886	-0.6691521573367899
-2.920147721919306	-0.6691517163406763
-2.9201477978016723	-0.6691512753351953
-2.9201478736890065	-0.6691508343202066
-2.9201479495813203	-0.6691503932956514
-2.920148025478619	-0.6691499522615039
-2.920148101380902	-0.6691495112177521
-2.9201481772881728	-0.6691490701643908
-2.920148253200432	-0.6691486291014185
-2.9201483291176773	-0.6691481880288336
-2.9201484050399134	-0.6691477469466356
-2.9201484809671356	-0.6691473058548236
-2.9201485568993486	-0.6691468647533977
-2.92014863283655	-0.6691464236423575
-2.9201487087787403	-0.6691459825217027
-2.9201487847259235	-0.6691455413914329
-2.920148860678093	-0.6691451002515483
-2.9201489366352535	-0.6691446591020478
-2.920149012597407	-0.6691442179429313
-2.920149088564554	-0.6691437767741995
-2.92014916453672	-0.669143335595659
-2.9201492405139198	-0.6691428944072542
-2.920149316496128	-0.6691424532091275
-2.9201493924833377	-0.6691420120013197
-2.92014946847555	-0.6691415707838488
-2.9201495444727588	-0.669141129556722
-2.9201496204749673	-0.6691406883199428
-2.9201496964821745	-0.6691402470735132
-2.9201497724943786	-0.6691398058174323
-2.9201498485115844	-0.6691393645517004
-2.920149924533789	-0.6691389232763176
-2.9201500005609917	-0.6691384819912838
-2.9201500765931954	-0.6691380406965993
-2.9201501526304	-0.6691375993922626
-2.920150228672604	-0.6691371580782732
-2.9201503047198085	-0.6691367167546322
-2.920150380772014	-0.669136275421339
-2.9201504568292207	-0.6691358340783935
-2.9201505328914292	-0.6691353927257949
-2.9201506089586395	-0.6691349513635428
-2.920150685030852	-0.6691345099916373
-2.920150761108067	-0.6691340686100791
-2.920150837190285	-0.6691336272188662
-2.9201509132775056	-0.6691331858179987
-2.9201509893697297	-0.6691327444074774
-2.9201510654669574	-0.6691323029873015
-2.920151141569189	-0.66913186155747
-2.920151217676424	-0.6691314201179834
-2.9201512937886633	-0.6691309786688422
-2.920151369905908	-0.6691305372100442
-2.9201514460281572	-0.6691300957415904
-2.920151522155411	-0.6691296542634806
-2.920151598287672	-0.6691292127757135
-2.920151674424938	-0.6691287712782908
-2.9201517505672094	-0.6691283297712102
-2.9201518267144877	-0.6691278882544726
-2.920151902866772	-0.669127446728078
-2.9201519790240646	-0.6691270051920251
-2.9201520551863633	-0.6691265636463145
-2.9201521313536705	-0.6691261220909448
-2.9201522075259847	-0.6691256805259171
-2.920152283703307	-0.6691252389512301
-2.9201523598856385	-0.6691247973668845
-2.9201524360729785	-0.6691243557728789
-2.9201525122653265	-0.669123914169214
-2.920152588462684	-0.6691234725558892
-2.9201526646650517	-0.6691230309329044
-2.920152740872429	-0.6691225893002586
-2.9201528170848157	-0.6691221476579529
-2.920152893302213	-0.6691217060059859
-2.920152969524621	-0.6691212643443579
-2.9201530457520395	-0.6691208226730684
-2.9201531219844696	-0.6691203809921169
-2.9201531982219113	-0.669119939301504
-2.920153274464365	-0.6691194976012287
-2.9201533507118302	-0.6691190558912907
-2.9201534269643084	-0.6691186141716902
-2.920153503221799	-0.6691181724424266
-2.920153579484302	-0.6691177307035001
-2.9201536557518186	-0.6691172889549099
-2.9201537320243487	-0.6691168471966559
-2.9201538083018925	-0.6691164054287375
-2.9201538845844506	-0.6691159636511552
-2.920153960872023	-0.6691155218639081
-2.9201540371646093	-0.6691150800669968
-2.9201541134622113	-0.6691146382604196
-2.920154189764828	-0.6691141964441777
-2.92015426607246	-0.66911375461827
-2.9201543423851084	-0.6691133127826965
-2.9201544187027717	-0.6691128709374571
-2.9201544950254523	-0.669112429082551
-2.920154571353149	-0.6691119872179789
-2.920154647685863	-0.6691115453437391
-2.9201547240235937	-0.6691111034598329
-2.920154800366342	-0.6691106615662591
-2.920154876714108	-0.6691102196630178
-2.9201549530668927	-0.6691097777501083
-2.9201550294246954	-0.6691093358275305
-2.9201551057875164	-0.6691088938952847
-2.9201551821553564	-0.6691084519533704
-2.9201552585282156	-0.6691080100017864
-2.9201553349060942	-0.6691075680405338
-2.920155411288993	-0.6691071260696116
-2.9201554876769107	-0.6691066840890201
-2.9201555640698498	-0.6691062420987582
-2.9201556404678093	-0.669105800098826
-2.9201557168707892	-0.6691053580892232
-2.9201557932787905	-0.6691049160699498
-2.920155869691814	-0.6691044740410053
-2.9201559461098583	-0.6691040320023895
-2.920156022532925	-0.6691035899541021
-2.9201560989610136	-0.6691031478961431
-2.9201561753941245	-0.6691027058285122
-2.920156251832259	-0.6691022637512088
-2.9201563282754166	-0.6691018216642327
-2.920156404723598	-0.6691013795675839
-2.9201564811768024	-0.6691009374612619
-2.9201565576350306	-0.6691004953452667
-2.920156634098284	-0.6691000532195981
-2.920156710566561	-0.6690996110842553
-2.920156787039864	-0.6690991689392384
-2.920156863518191	-0.6690987267845473
-2.9201569400015446	-0.6690982846201815
-2.920157016489923	-0.6690978424461411
-2.9201570929833274	-0.6690974002624251
-2.9201571694817585	-0.6690969580690338
-2.920157245985216	-0.669096515865967
-2.9201573224937	-0.6690960736532241
-2.9201573990072114	-0.669095631430805
-2.9201574755257504	-0.6690951891987095
-2.9201575520493175	-0.6690947469569373
-2.9201576285779116	-0.6690943047054878
-2.9201577051115346	-0.6690938624443614
-2.9201577816501865	-0.6690934201735574
-2.9201578581938663	-0.6690929778930758
-2.920157934742576	-0.669092535602916
-2.9201580112963144	-0.6690920933030781
-2.9201580878550835	-0.6690916509935615
-2.9201581644188828	-0.6690912086743662
-2.9201582409877123	-0.6690907663454916
-2.920158317561572	-0.6690903240069379
-2.9201583941404623	-0.6690898816587046
-2.9201584707243837	-0.6690894393007916
-2.9201585473133362	-0.6690889969331983
-2.9201586239073207	-0.6690885545559244
-2.9201587005063376	-0.6690881121689701
-2.9201587771103865	-0.669087669772335
-2.920158853719468	-0.669087227366019
-2.920158930333582	-0.6690867849500213
-2.92015900695273	-0.6690863425243418
-2.9201590835769107	-0.6690859000889806
-2.920159160206125	-0.6690854576439371
-2.9201592368403735	-0.6690850151892112
-2.920159313479656	-0.6690845727248026
-2.920159390123973	-0.6690841302507112
-2.9201594667733253	-0.6690836877669365
-2.920159543427713	-0.6690832452734781
-2.9201596200871354	-0.6690828027703363
-2.920159696751594	-0.6690823602575101
-2.920159773421089	-0.669081917735
-2.9201598500956196	-0.6690814752028053
-2.920159926775187	-0.6690810326609257
-2.9201600034597917	-0.669080590109361
-2.9201600801494325	-0.6690801475481113
-2.9201601568441116	-0.6690797049771761
-2.920160233543828	-0.6690792623965551
-2.9201603102485825	-0.6690788198062478
-2.920160386958375	-0.6690783772062541
-2.9201604636732066	-0.669077934596574
-2.920160540393076	-0.6690774919772071
-2.9201606171179857	-0.669077049348153
-2.9201606938479348	-0.6690766067094117
-2.920160770582923	-0.6690761640609824
-2.9201608473229514	-0.6690757214028654
-2.92016092406802	-0.6690752787350603
-2.92016100081813	-0.6690748360575668
-2.9201610775732796	-0.6690743933703844
-2.9201611543334707	-0.669073950673513
-2.9201612310987035	-0.6690735079669532
-2.920161307868978	-0.6690730652507029
-2.9201613846442944	-0.6690726225247633
-2.920161461424653	-0.669072179789134
-2.920161538210055	-0.6690717370438137
-2.920161615000499	-0.6690712942888033
-2.920161691795986	-0.6690708515241024
-2.9201617685965164	-0.6690704087497109
-2.920161845402091	-0.6690699659656274
-2.9201619222127095	-0.6690695231718521
-2.9201619990283723	-0.6690690803683852
-2.92016207584908	-0.6690686375552266
-2.9201621526748314	-0.6690681947323758
-2.9201622295056286	-0.6690677518998317
-2.9201623063414717	-0.6690673090575957
-2.92016238318236	-0.6690668662056657
-2.9201624600282945	-0.6690664233440428
-2.9201625368792756	-0.6690659804727266
-2.920162613735303	-0.6690655375917163
-2.920162690596377	-0.6690650947010114
-2.9201627674624984	-0.6690646518006124
-2.9201628443336674	-0.6690642088905189
-2.920162921209884	-0.6690637659707305
-2.9201629980911483	-0.6690633230412467
-2.9201630749774607	-0.6690628801020676
-2.9200147759129726	-0.6690608131460635
-2.9195541790658948	-0.6690537093417355
-2.9187798827795017	-0.6690421843945704
-2.9176915335242017	-0.6690258944832143
-2.9162892572388337	-0.6690046574710562
-2.914574405104318	-0.6689781884449506
-2.912550362132031	-0.6689461685252917
-2.9102235533801917	-0.6689082489864191
-2.9076046233004047	-0.6688640799943599
-2.9047097663554937	-0.6688133517685497
-2.901562153532314	-0.6687558596843572
-2.8981933541666662	-0.6686916102635754
-2.8946445878258182	-0.6686210213441315
-2.890967427602602	-0.6685464513553638
-2.8872235086238573	-0.6684751898334856
-2.8834722306225413	-0.6684071414771044
-2.8796990194944736	-0.668307279153069
-2.875830808101754	-0.6681943062328057
-2.8718003621753163	-0.6680770815378656
-2.8675530712162303	-0.6679473994412665
-2.8630461904983178	-0.6678013722624189
-2.8582519450562347	-0.6676359144817026
-2.853159982506916	-0.6674468736696794
-2.8477778515732584	-0.6672307836086564
-2.842130709113758	-0.6669901903521828
-2.8362606420421215	-0.6667308191784245
-2.830222112524847	-0.6664556778346411
-2.8240304163839025	-0.6661895426724995
-2.8176806238852836	-0.6659370519356796
-2.8111986088181773	-0.6656971327502158
-2.804584785763715	-0.665457198811679
-2.7978456181994225	-0.6651989260827402
-2.790952084983714	-0.6649036827716506
-2.78387254721247	-0.6645558490664033
-2.7766066591306306	-0.664142820865407
-2.7692338361020723	-0.6636581224106488
-2.761784330298942	-0.6630965559171897
-2.7543263676709064	-0.6624581745427541
-2.746822991571992	-0.661740437415079
-2.7392523232111965	-0.6609408419573902
-2.731549637485122	-0.6600432856767375
-2.723941941014291	-0.6590644923352386
-2.716571067442652	-0.6580297405009418
-2.709317205989691	-0.6569491250105911
-2.7019472315781705	-0.6558091466117538
-2.694409137422316	-0.654591120138234
-2.6867716398724992	-0.6532799776214869
-2.679150119244707	-0.6518818348923061
-2.6715077520220554	-0.6503949294812572
-2.663809865400585	-0.6488207981663878
-2.6560532115041817	-0.6471669611303821
-2.648447289378099	-0.6454924158788423
-2.6410734196211756	-0.6438079340977835
-2.6337189714319114	-0.6420322607173103
-2.6262381736507536	-0.6401025349936501
-2.6186761609915314	-0.6380125795831121
-2.611143989478216	-0.635788792086909
-2.603647151156076	-0.6334329262663875
-2.596184589209932	-0.6309456074273215
-2.5887633268844668	-0.6283377510756798
-2.5813730391560545	-0.6256505339572264
-2.5740091388680932	-0.6229487925450397
-2.566707724282112	-0.6202017990377232
-2.5594492183811615	-0.6173213304655485
-2.552247217922067	-0.6142422717809563
-2.545148677577145	-0.6109265853403902
-2.5381129283025206	-0.6074562453205169
-2.531128846973139	-0.6038692985622334
-2.5241926380402844	-0.6001641763335008
-2.5173082807574194	-0.5963497091413107
-2.510480790573145	-0.5924286944441253
-2.5036625076343824	-0.5883764042392123
-2.4969135808722145	-0.5842443667855773
-2.490264519499103	-0.5800500210824737
-2.483653250593638	-0.5757532259013058
-2.477098566620538	-0.5713734911999302
-2.4706257161742804	-0.5669251642737664
-2.464230712112495	-0.5624044063259701
-2.4578768297751385	-0.5577889947256423
-2.4515561288082313	-0.5530786244298473
-2.44527802946045	-0.5482880493455325
-2.439166475749485	-0.5435117917151362
-2.433209072347688	-0.5387446299216224
-2.4272511812937756	-0.5338807511586097
-2.4212160658213375	-0.5288873141535932
-2.415105441211743	-0.5237984636454948
-2.408963624533283	-0.5186788941944533
-2.402832188069756	-0.5135587543265043
-2.396708088977876	-0.5084273395755131
-2.3905919331850574	-0.5032874947087763
-2.3844836812103782	-0.49813841365573897
-2.378400692787647	-0.4929974747991181
-2.3724095015233444	-0.48792015875584877
-2.366545185630769	-0.4829537496645726
-2.360665219016771	-0.4779939099156168
-2.3546430832566774	-0.4729521016260455
-2.348473876520717	-0.4678433319738148
-2.342258699287036	-0.4627691932526835
-2.336045277049086	-0.45776892858166235
-2.3297763721737477	-0.45278406658407105
-2.3234567467580756	-0.4478105485725642
-2.317119149996964	-0.44286461549177264
-2.3107745239320034	-0.4379294363092578
-2.3044362767402293	-0.43299502167398735
-2.2981396107498204	-0.4280874142802624
-2.291833287992015	-0.423169551749995
-2.2855268026410758	-0.41825254045239835
-2.2792183602035125	-0.4133334073315012
-2.272908304184223	-0.4084132110836108
-2.266597406146934	-0.40349246446100073
-2.2602940935488602	-0.39857530096126514
-2.2540910166561563	-0.393740680913019
-2.247945129215968	-0.3889429950085131
-2.2417355676627433	-0.3840813061925631
-2.2354745977617987	-0.37915253657009845
-2.2292261355121266	-0.374201539122036
-2.222992463157454	-0.3692303846928415
-2.2167998884402085	-0.3642662026665392
-2.2105939796521814	-0.35926866404589886
-2.2043876851924353	-0.3542510526851433
-2.1981867282684453	-0.349219909588754
-2.1919912466434677	-0.34417810871211285
-2.1859008135832902	-0.33920101361450483
-2.1800170825716787	-0.33435571335429537
-2.1743614434359215	-0.32963103900138213
-2.168959080394632	-0.3250323128064267
-2.1638225312946417	-0.32056512017528627
-2.1589529445629685	-0.316234400706839
-2.1543418231591507	-0.31204439709313647
-2.1499731879768533	-0.3079983349134924
-2.1458266301851427	-0.3040976951570747
-2.141879062314731	-0.3003424071361621
-2.1381071964128884	-0.2967311755514079
-2.134484173779033	-0.293260892665541
-2.1309895912681713	-0.2899336213010925
-2.12762582854264	-0.28676800548546205
-2.1243957845950634	-0.2837791071614033
-2.121303342527961	-0.2809774390318425
-2.118352959757735	-0.27836833903344294
-2.115553898476811	-0.2759616349196976
-2.1129170751543667	-0.273764178449217
-2.110454450046084	-0.2717805959905476
-2.108078180934203	-0.26993339762208274
-2.1056878533809416	-0.2681292794670736
-2.1033090583764333	-0.2663664947180846
-2.1008623581386017	-0.26457048663004334
-2.0982417120035057	-0.2626587546219748
-2.0954471915814885	-0.2606347993168727
-2.0924735062629845	-0.25850118111520853
-2.089321172018199	-0.2562685637113347
-2.0859968506721436	-0.2539508764626367
-2.082510157389395	-0.25157227777492375
-2.0789972852293404	-0.2492402956698351
-2.0755501661590556	-0.2470132817004311
-2.0719993583144367	-0.24476513107278994
-2.068276180561199	-0.2424621774996353
-2.064380773109012	-0.24010943106977814
-2.060322771818416	-0.23771602184720916
-2.0561220338043955	-0.23529033547331968
-2.051797971606887	-0.2328332641109792
-2.0473316474409287	-0.23031916600268287
-2.042690963665204	-0.22771816841285553
-2.037852794220771	-0.22501114606253403
-2.03280581812154	-0.22218613844173227
-2.0275500152568213	-0.21924165494147566
-2.022094289655974	-0.2161931466261476
-2.0164602608736306	-0.2130670128211203
-2.010672006119423	-0.20989849152497603
-2.0047293320462614	-0.20670878695345588
-1.9986386314629718	-0.2035076044294931
-1.9924156189168543	-0.2003104984157994
-1.9860809732721538	-0.1971217795227891
-1.9796573589732567	-0.19393386905942483
-1.9731515402469675	-0.1907259933206832
-1.9664621461618135	-0.1874182625789
-1.9595672265184547	-0.18399308174648515
-1.9525153440218623	-0.18046092563695554
-1.9454124394335262	-0.1768628093076706
-1.9383255373606254	-0.17322997720580288
-1.9312486213281999	-0.16955867384349646
-1.9241972275030323	-0.16586464951190164
-1.917155399531781	-0.16214193998064286
-1.9101483799627272	-0.15839517701590247
-1.9031764006266725	-0.15460835808483994
-1.896259134805292	-0.15076484464014356
-1.8894051334186055	-0.14686291683105834
-1.882588433219751	-0.14288956934397085
-1.8757926007881742	-0.13883810913749206
-1.8690333292635293	-0.1347229154479358
-1.862309376621156	-0.13054204695531402
-1.855623039822679	-0.12629818134596468
-1.8489766939269525	-0.12199352622393626
-1.842372506181891	-0.11762693104699547
-1.835782559882468	-0.11319592482872003
-1.8291556207677389	-0.10869967870951246
-1.8225108186964551	-0.10419739158457735
-1.8158728399646453	-0.09975336839432773
-1.8092738208642443	-0.09543398283268023
-1.8027053730261882	-0.09125639658420553
-1.7960542524794882	-0.08717282684715981
-1.7892694511766656	-0.0831529133490434
-1.78230629001721	-0.07918308790233726
-1.775151840030201	-0.07527518375226198
-1.76789579997036	-0.0714972308060731
-1.7605650405959785	-0.06786194247886591
-1.753163906046906	-0.06437219276168019
-1.7456979197283178	-0.06102957859603596
-1.7381876668964622	-0.0578174764741334
-1.7306487156251569	-0.05470271813721335
-1.7230849835833884	-0.051669282848484675
-1.7154634954370518	-0.04876945441630166
-1.7078707269741904	-0.04612565492027948
-1.7004614418923532	-0.04380395220424518
-1.6932052152521135	-0.041681145546558496
-1.6861397466212373	-0.039723303311650804
-1.6792931854788047	-0.037910865995429706
-1.6726664404985347	-0.03621712732272226
-1.666271093692835	-0.03461958824427401
-1.6601516360855832	-0.03310780344516421
-1.6542814850380496	-0.031660077703385484
-1.64868269109941	-0.030265400313425776
-1.6433445625928813	-0.02891039976877793
-1.6380879480251054	-0.027541641403382503
-1.6327285152729953	-0.026120554874453458
-1.6272670580017996	-0.024665456986153883
-1.6217383841154125	-0.023198802203449474
-1.6161949551271073	-0.021745402107332047
-1.6107130926483477	-0.020334681698819797
-1.6053333203216091	-0.01898447209864107
-1.6000795261094056	-0.01770885709076457
-1.5949735069080746	-0.01651028101993716
-1.5900220889780872	-0.015401803597059104
-1.585244105623314	-0.014386647273992206
-1.5805518380014665	-0.0134594776807969
-1.575851004144715	-0.012582473044157494
-1.5711582809640863	-0.011735460023077602
-1.5664943558827693	-0.0108969636087388
-1.5619132114221739	-0.010051370143298504
-1.5575448911597627	-0.00920556774989771
-1.5533245795112136	-0.008343895676434437
-1.5492333546913617	-0.007469517342558667
-1.5453683240526348	-0.006600669936899538
-1.5415185371179052	-0.005679944439433771
-1.537437910412639	-0.0046401254840775456
-1.533139752278479	-0.003483318414009985
-1.528646472706128	-0.0022161477641607476
-1.5239885096410208	-0.0008482728497632556
-1.5191869316655264	0.0006081074184225792
-1.5142279267773182	0.0021412205407448787
-1.5090937799894568	0.003752056223377302
-1.5037811744911178	0.005441824616609706
-1.4983014336894143	0.007216730946009924
-1.492680750745673	0.009084491651931299
-1.4869518471500045	0.011050523020026778
-1.481117355863399	0.013136777158707645
-1.4751744738390544	0.015365731603523235
-1.4691310038502805	0.017745978424766898
-1.4630017856740432	0.0202721874181441
-1.4567976495277855	0.022950242415588157
-1.4504692475976055	0.02577978039365371
-1.4439720054206904	0.028774687768428037
-1.4373508122489973	0.03191799913190213
-1.4308632798284069	0.03509911644102486
-1.4247523070941646	0.03819487894907017
-1.418903655126206	0.04124785765192928
-1.413078459583871	0.04436128717101342
-1.4071148310672776	0.0476187701431952
-1.4010199162169645	0.05102267920596249
-1.394855316222823	0.054546790844504194
-1.3886786428276303	0.05814165513425336
-1.3825107661798168	0.0617829728996605
-1.376339562405113	0.06552455126375152
-1.3701989123044283	0.06942364002504554
-1.364073342926589	0.07340440551009039
-1.3579479654164117	0.07741859040144189
-1.3517833680202633	0.08144674150104014
-1.345529305150025	0.08547397809241941
-1.3390910101423659	0.08952239146201935
-1.3324493200082383	0.09358123667379872
-1.325642453558949	0.09760984181018625
-1.318714454618904	0.10157252597256682
-1.3117155312993054	0.10544270523626209
-1.3046656717706797	0.10919931781665228
-1.2974860702287787	0.112866744167438
-1.2901665713936679	0.11644464445805633
-1.2827895533896958	0.11988437140154565
-1.275355277415184	0.1231856241208501
-1.267849872455799	0.12635625037439743
-1.2602811101846318	0.12939694396746332
-1.2526607663633758	0.1323038517869765
-1.2449911952743342	0.13508243013687113
-1.2372780674291857	0.13772613816010204
-1.2296127949865092	0.1402012961799407
-1.2219830400118983	0.14250380983669883
-1.2143097814201909	0.14468175521328108
-1.2066309793252652	0.14676915658336578
-1.1988768380745585	0.14882382763091873
-1.1910690603949026	0.1508488897776185
-1.1832469883756493	0.152822306471426
-1.1754149452613236	0.15474127505946633
-1.1675788815439514	0.15660313735416984
-1.159730396927495	0.15841003237644438
-1.1519511702166216	0.1601488195262201
-1.1442618532375057	0.16181316833442366
-1.1365451356150205	0.16344654021865485
-1.1287502436678591	0.16507271028039205
-1.1209236901521973	0.16671729075950806
-1.1131597680992924	0.16838757357955633
-1.1053929669593165	0.17010402833967106
-1.097626377541259	0.17185575601603428
-1.0898594694158767	0.17364124438398248
-1.0820948825918553	0.17545646707904924
-1.0744498344628217	0.17727854034762786
-1.0670279902420392	0.17909223737585342
-1.0598286714021823	0.18091859356637252
-1.052863788155501	0.18276368525104675
-1.0461363129502332	0.18462475075246432
-1.0396415257957132	0.1864945270473661
-1.0333694158312463	0.18836571929083748
-1.0273036909059374	0.19022546947592145
-1.0214292203876485	0.1920587664241825
-1.0157509337901591	0.19384084698278006
-1.0102897052609334	0.19555128307597794
-1.0050658448190437	0.1971692113709299
-1.0000201400643118	0.1987058049317112
-0.9950643990279635	0.20019735482593323
-0.9901202581550176	0.2016827837319781
-0.98505171942482	0.2031991821948919
-0.9798102027705555	0.20474803904075684
-0.9743707077522523	0.20632423511702175
-0.9687311476622241	0.2079136498314472
-0.9628826897713819	0.20950163924071416
-0.9569845902267562	0.21103776125887927
-0.9512184572572111	0.2124870975539283
-0.945510103951273	0.21388162899901367
-0.9397367064363065	0.2152580780400373
-0.933876449173007	0.21662972409997622
-0.9279320580694334	0.21798944280909324
-0.9218532457326994	0.21936399781373592
-0.9155806633082371	0.2207730995337089
-0.9091230973478917	0.22222042401491546
-0.9024969870877977	0.22369358679219226
-0.8956818153148325	0.22518130603463288
-0.8886631150460712	0.22666894406072702
-0.8814519182250936	0.22813620524084635
-0.8740745513415896	0.2295607137141633
-0.8665810007044745	0.23091916511029845
-0.8590300518868887	0.2321925522851815
-0.8514661390545433	0.23339001875023782
-0.843854617098915	0.23449565054815946
-0.8361435414709435	0.23549652998829
-0.8282713048749335	0.23640049166122037
-0.8203591583572403	0.23718646461126713
-0.8124095830178405	0.23787510127907396
-0.8043193122048975	0.23847665380964214
-0.796214061679343	0.23896903403812111
-0.7881022363950358	0.23935563517455488
-0.7799881771900581	0.23963819359169714
-0.7718751417910348	0.2398236923652713
-0.7637708080136603	0.2399073767911803
-0.7556734595552427	0.23988832034576657
-0.7475675117659099	0.23977372503359
-0.7395746736094821	0.2395683490724972
-0.7318107323231081	0.2392822157827799
-0.7240978018830487	0.23892897656920928
-0.7162216271378861	0.238490276357497
-0.7081690049309594	0.23794194278155645
-0.7000772633112151	0.2372815781586823
-0.6919942413641186	0.23651454064014782
-0.6839204236485812	0.23564305469043742
-0.6758587555547241	0.2346689331153617
-0.6678116056841735	0.23359048405906127
-0.659886148739172	0.23241288606538615
-0.6522176503116932	0.2311543477234632
-0.644833423226775	0.22981099401499255
-0.6377534519366208	0.228388059297624
-0.6309860910086923	0.22689496600031422
-0.6245321125201715	0.22534496747400132
-0.6183863395232172	0.22375368820432137
-0.6125392868172572	0.2221378532351794
-0.6069782760556146	0.2205164329413837
-0.6016983799944426	0.2189068559747694
-0.59669465713679	0.21732299074090758
-0.5919408765784839	0.21577823071551108
-0.5874098152092323	0.21428317885751288
-0.5829587744648108	0.21280690736110988
-0.578415236661165	0.21128838398240155
-0.5736889029402812	0.20968824675275557
-0.5687772544257899	0.20799207019034122
-0.5636847261642153	0.20619426608690458
-0.5584248999790112	0.20429886776430994
-0.5530118055160831	0.20230718539702722
-0.5474700525184181	0.20023948607446032
-0.5418134213564836	0.19811319363907318
-0.5360229663104733	0.195936619281651
-0.5300916551080882	0.19371536750067594
-0.5240490774170445	0.1914628297383862
-0.5179944865930947	0.18921588902480407
-0.5119305815222969	0.18696549900151282
-0.505813444210569	0.18470245918061376
-0.4996041175394893	0.18241819510184512
-0.49326845819157017	0.18011286524816975
-0.4867771363327385	0.17779069103790884
-0.48012068927423357	0.17546552724981831
-0.4732992167777851	0.17315641873823273
-0.46632727865166484	0.17088629828073715
-0.4592386784791192	0.16867745294671715
-0.4520786501322178	0.16654777745435198
-0.4449050969192052	0.16447997777793683
-0.43771075186081243	0.1624801026393409
-0.4304216730693627	0.16060424830950493
-0.4229790466881127	0.15888599191898656
-0.41537916722168755	0.15727671815758817
-0.4077229617433192	0.1558046704693652
-0.40007774680880714	0.15444828117413745
-0.39242280526865114	0.15315302209412027
-0.38470093983120834	0.15186134270747245
-0.3768667146840501	0.15053878906086582
-0.3689709902906668	0.14920364394726332
-0.3610765385792146	0.14787104552062835
-0.3531905582859928	0.14654339674633676
-0.3453249257259552	0.14521955712586898
-0.3375098370980734	0.14390845436227245
-0.3298274797947878	0.14260429483977788
-0.32234349098689896	0.14130803238264839
-0.3151224715748695	0.14001817106178957
-0.30821471581519905	0.1387387944658072
-0.3016562945678829	0.137474032440796
-0.2954699664622432	0.1362294286698859
-0.2896671199645702	0.13501124959275573
-0.28425003335207644	0.13382594633651904
-0.2792141633337538	0.1326797354369419
-0.27455034503700865	0.1315782395976163
-0.2702452900275762	0.13052617095747338
-0.2662224472516306	0.12951062123239196
-0.2623907852626299	0.1285072982119672
-0.2587257680589825	0.1275043398803454
-0.25524149332101503	0.12650141469484139
-0.2519050219438477	0.1254863459756634
-0.24872048301578864	0.12446008333478273
-0.2456063429241499	0.1233962372514307
-0.24256922996957705	0.12229956829172929
-0.23955463050237888	0.12115382560186035
-0.2365082288010788	0.11993990090731131
-0.23343847234319948	0.11866799024402025
-0.2303392677793744	0.1173150540740607
-0.22720147205779387	0.11588165900926364
-0.22401151638964978	0.11435162747129733
-0.22071933557284798	0.11268848860571502
-0.21728492594968243	0.11085469779170297
-0.21367997218681015	0.10881572828500263
-0.20988841875404962	0.10654421588142353
-0.20595082313783755	0.10404854619623027
-0.20195449296070622	0.10137835940365425
-0.19789458233883786	0.09853559526656334
-0.1937850501805188	0.09553496373096493
-0.18965166708108128	0.09240119116574871
-0.18552827790880477	0.08917093968936157
-0.18144009963913516	0.08589484063612708
-0.17737834781458245	0.08259610771726825
-0.17336854138354948	0.07921960100925346
-0.1694634419901055	0.07576114634006667
-0.16552145608646138	0.07216981424574329
-0.16147044179623588	0.06840296684987145
-0.15730881344819345	0.06445532353866003
-0.15306554522083035	0.06036226561823902
-0.1487378120269933	0.05613697810724979
-0.1443329079150158	0.051801093252666824
-0.1398698601147201	0.04738568670503448
-0.13537444745311247	0.0429323660023765
-0.13088177329894593	0.038474179029841
-0.12638196370455382	0.033995203242670774
-0.12183812668845262	0.029467588676995664
-0.11721793570126587	0.024872332791109432
-0.11249530870362517	0.02019818582250496
-0.10765996185068209	0.0154573310482084
-0.10269807804727744	0.010663761284400552
-0.09757130447567543	0.005812313491917755
-0.09226706940126526	0.0009082803138487422
-0.08681721686924852	-0.004000716869558038
-0.08127221490835916	-0.008861922298403081
-0.07565570140974943	-0.013641555358836644
-0.0699477481341045	-0.018365595365173706
-0.06411260654741745	-0.02305563076436291
-0.05811350559207033	-0.027723094081384018
-0.051917970842078685	-0.03237022245057917
-0.0455644086685378	-0.03694590154490656
-0.039117532018606856	-0.04139733962283411
-0.03258054087751971	-0.04572258064145422
-0.025958542313458902	-0.04991889782909898
-0.019267806936383983	-0.053997260781309786
-0.012551666660326841	-0.05800674071534763
-0.0058581409152387645	-0.061954606328223596
0.0007768176783157625	-0.06575215071234315
0.007327308068893874	-0.06932027018352827
0.01376776818123233	-0.0725929104140752
0.020073449370794787	-0.0755171833795717
0.026187641928149864	-0.07812904400457941
0.03205247436853332	-0.08049114356505667
0.03764704811908284	-0.08260483260079819
0.042955931906898004	-0.0844773002604088
0.047968532034120714	-0.08611993022109792
0.05267450454092189	-0.08754619282179756
0.05721385630283341	-0.08881313296604376
0.06175410509529958	-0.08999575858048395
0.06629747311415157	-0.09112756248647198
0.07084483070812106	-0.09224027455159461
0.07548724394045409	-0.0933861006593814
0.08037466058584292	-0.09462121762078893
0.08554503405734318	-0.09596301797475444
0.09098142505774473	-0.0974136435639601
0.09664815565816727	-0.09897076194318646
0.10250826151005506	-0.10062755260557715
0.10848647034423811	-0.10236683353011858
0.11451819673086897	-0.10417333385449883
0.12053862748079508	-0.1059909621293018
0.12652922974450082	-0.10785390370073387
0.1325487395605155	-0.10981577364117943
0.13863708043072828	-0.11184495911237193
0.14482964288009026	-0.11394165552790227
0.1511438043494826	-0.11609888520573974
0.15760797775654883	-0.11831124731987187
0.16417280828878128	-0.12054543681753292
0.17087146069702544	-0.12279188643645052
0.1776778835803928	-0.12503031892619987
0.1845615621618811	-0.12724362282767804
0.19146966071510763	-0.1294061285217415
0.19840386804328472	-0.13152266189330916
0.20540235038293012	-0.13360620588005392
0.21250200152816884	-0.13565794671159134
0.2197250227159178	-0.1376655822309865
0.2270866495094747	-0.13961893908125902
0.23443392629447526	-0.14145910893484595
0.2416843301398538	-0.14317172919939755
0.2490914960214202	-0.14480024106971182
0.2566434060027383	-0.14632202058153707
0.26429929747385095	-0.14771574043273308
0.2720068416965309	-0.14896569441989344
0.27972232745808984	-0.15005881768928828
0.2874791395394088	-0.15100519882907557
0.2952620084817833	-0.15180027724782189
0.3030632470518055	-0.152443521952541
0.31088849073150876	-0.15293882715496962
0.318739252091386	-0.15330234759025035
0.3265972318745717	-0.1535322711367649
0.33445959937914876	-0.1536309428541404
0.3423185914162625	-0.15359846616191294
0.3501566802668682	-0.15343565414470828
0.35799688368045174	-0.15315129783916065
0.3658099843291861	-0.15273112039156408
0.3736308592361121	-0.15217373559519448
0.3814455033415659	-0.1514908064477804
0.38921557966041587	-0.15069223937814602
0.3968798098978149	-0.14980985078612571
0.4045551245900386	-0.1488571508452343
0.4123661776500462	-0.14780883832728708
0.42019026133108067	-0.14666694990566242
0.4280086368414876	-0.14543571568418787
0.43582053363165135	-0.14411929753003302
0.44362130955187107	-0.142723489782886
0.4514077212482769	-0.14126568695422903
0.4591644459221638	-0.13979624441268818
0.4668174717350514	-0.13828074271288163
0.47433932565042164	-0.1366483503585517
0.48184286620684535	-0.1348831788017612
0.48943627194221734	-0.13297439378205053
0.4970202931872299	-0.13093696875878583
0.5045863928321314	-0.1287813546578821
0.5121285510989297	-0.12651586690486666
0.5196421594751941	-0.12414150591087679
0.5271316125848919	-0.12165851239757408
0.5345892393392998	-0.11907492651129431
0.5419302387285484	-0.11641482666242998
0.5491716204796157	-0.11367705826440319
0.55636100067824	-0.11083380366011046
0.5634758565930305	-0.1079230553583721
0.5704904229815847	-0.10497487527098122
0.5774779958066242	-0.10195981968634407
0.5844685591359918	-0.09887387269455865
0.5915176222579931	-0.09570091891758328
0.5986628919735434	-0.09243058434193366
0.6058845371055575	-0.08908412283190917
0.6131130114329577	-0.08570657287995369
0.6203371683623733	-0.08230781268133858
0.6275535219194964	-0.07889063255695056
0.6347653513353623	-0.07545053331898519
0.6419598013110607	-0.0720026968150721
0.649155511069843	-0.06853621609477921
0.6563427925822395	-0.06506005767452386
0.6635159679426059	-0.06157357497188853
0.6706645017089343	-0.058083044375215755
0.6778152537271024	-0.05457528202174557
0.6849122568470499	-0.051084022641183696
0.691913797707407	-0.047658392182359864
0.6989692616029475	-0.044260275594165954
0.7062320214692093	-0.04084763185361784
0.7136004723772372	-0.03747894648246378
0.7209974239375542	-0.0341894736833185
0.7284077003903351	-0.030976201425288223
0.7358379068935769	-0.027836199152669258
0.7432731769372442	-0.02477240939124814
0.7507501726120869	-0.021761801730558937
0.7582696165516787	-0.018804247253538256
0.7658290593199499	-0.015883234806324458
0.7733962244143834	-0.012976770006811559
0.7808831877300965	-0.01007676268965873
0.7882808213246257	-0.00716661441371216
0.7956742072147522	-0.004217757197470234
0.8030653029047186	-0.0012333612071151246
0.810450525815886	0.001779109376501605
0.8178287335860419	0.004818536177492313
0.8251267493030945	0.007859636574813592
0.8322790414517865	0.010888315233939032
0.8394246731970417	0.013981433602401888
0.8466116510391255	0.01716095616868566
0.8537742974263592	0.020409027054685613
0.8608848712803474	0.02371470599444976
0.8679682304442815	0.02708300144593495
0.8750763837216549	0.030526944732211445
0.8821970298638535	0.03403822327781509
0.8892955703232501	0.03759591987175447
0.8963787534268206	0.04120348919829295
0.9033179072947224	0.04479447196786017
0.9099921429010708	0.048314803336193396
0.9164233898212785	0.051796923951117575
0.9225991469912842	0.05525374212859035
0.9284996990919282	0.058679289823384315
0.9341143982540087	0.06206585914823839
0.9394433778872254	0.06540125284951538
0.9444925015471367	0.06867630301593874
0.9492744636023186	0.07188036421772427
0.9538064517977648	0.07500337205625525
0.9581075811949077	0.07803635104688306
0.9622021869278057	0.08097456858159756
0.9662141287160556	0.08389012425789669
0.9702523599617627	0.08686795352243683
0.974372766474653	0.08996629507601145
0.9785782741688429	0.09320520319721108
0.9828482865956718	0.09658251158767188
0.9871663720692377	0.10008172637766609
0.9915687077341722	0.10372783502630809
0.9960714273188274	0.1075191406287129
1.0006807009910705	0.11143840743559427
1.005419033042815	0.1154858905088722
1.010298418283765	0.11965627419713108
1.0153140562937342	0.12393692295336362
1.0204365155935349	0.12830742733733588
1.0255720772433787	0.13270092671632722
1.0307229805904015	0.13710589439308266
1.0359288746250137	0.14155463282106678
1.0412339009064708	0.14607310085025874
1.0466783021473716	0.15068299801745055
1.052268745873779	0.15536872343827823
1.058048261815262	0.16013805774392134
1.0640337647490083	0.16498249839232054
1.0702225411505897	0.16987082536121212
1.0765815538734247	0.17475532743114683
1.083035025519915	0.17958753864622035
1.089524571947079	0.18436499179218413
1.0960661458027914	0.18907503279313637
1.1027226959489103	0.1936651692046177
1.1094831128444353	0.19813629360180732
1.1163063919847118	0.20252543495051747
1.1231970005547445	0.20682423392986413
1.1301378191809865	0.21102635843283174
1.1371228609810444	0.21514130302731685
1.1441514546406066	0.21917771297744618
1.1512203804900853	0.22313857190575354
1.1583277562382779	0.2270265092597782
1.1654684926716208	0.23084172441653333
1.17262166697895	0.23458157722886805
1.1798079635199337	0.23825315229823285
1.1870257155449582	0.2418473101017863
1.1942861704743972	0.245373617860788
1.2015879405909216	0.24883241933788738
1.2089025113615297	0.25221426430348237
1.216249309642306	0.25554404150403226
1.2236246194206297	0.25881883238504405
1.231019642524308	0.2620378183597514
1.238440752567546	0.26520931988856444
1.2458779920484004	0.2683280363079197
1.2533195478544958	0.2714017953465941
1.2607191449413293	0.274407013722282
1.2680458633477634	0.277315719750405
1.2753302783372706	0.2801539205400444
1.2826197859745185	0.2829534815374764
1.2899394985830552	0.28573330356070237
1.29729442150548	0.28848438794650133
1.3047084160318339	0.2912262363910153
1.3122168121096873	0.29398311974508506
1.3197416573910752	0.2967332265494856
1.3272768794315213	0.2994749513460589
1.3348084006278875	0.3022041399493275
1.3423347294851522	0.3049340643086625
1.3498596555000075	0.30766683815469764
1.3573789694583596	0.31040485839878407
1.364865602771403	0.313134598271076
1.3723599672647506	0.31587141993457524
1.3798682981136254	0.31861801968095244
1.3873659332190342	0.3213597090471233
1.3948699389424155	0.32410053473438094
1.4023806885821462	0.3268435119434949
1.4098993705956646	0.32958372911312256
1.4174238701266368	0.3323198190383278
1.4249528534717968	0.3350520480929251
1.432485871086633	0.33778119123536116
1.44002220116691	0.34050700206540424
1.4475576806494153	0.3432281467879185
1.4550866177603292	0.34594498032293153
1.4625940861488715	0.34865364192645987
1.4701129232289194	0.3513657214674046
1.4776356906346526	0.3540792413458578
1.4851835450336979	0.35679749526163046
1.492718621180633	0.35949395368952675
1.5002667824637532	0.3621771570472687
1.5078196647268303	0.3648472513372035
1.5153777967462694	0.3675068916276561
1.5229427767885615	0.37015797315938953
1.5305144677962836	0.37280020556140586
1.5380893734634016	0.37543253981690705
1.5456654315441551	0.3780554246049287
1.5532374544211807	0.38066927008933765
1.5607916587822779	0.38326770878551686
1.5683624011329622	0.3858643711565128
1.5759327105438035	0.3884519010073807
1.5834976422200722	0.39102958808619964
1.5910724313743339	0.39359852896071806
1.5986522440952964	0.39616071385832674
1.6062390926303212	0.39871656199757455
1.6138313483231475	0.4012660628139967
1.6214293730662508	0.4038099685912943
1.6290376336135217	0.4063478625581076
1.636654667149911	0.40887422481922825
1.6442735718901662	0.41138415085141056
1.6518835053053096	0.41388222011973264
1.6594854524526375	0.4163643408096794
1.6671005509255281	0.41884244819884814
1.6747149824790417	0.4213089715175552
1.6823259002070683	0.4237665890839929
1.6899431136109289	0.42621113097740804
1.697567362353165	0.42864738234953326
1.7052087213034925	0.4310746798653485
1.7128617480921644	0.4334836700091725
1.7205234026486755	0.4358752155037197
1.7281890660910642	0.4382489763589521
1.7358578331916643	0.44060834222192585
1.7435266411310644	0.442952632047506
1.751180740771926	0.4452829842061423
1.7588345831829986	0.44759906851412284
1.7665037517664945	0.4499084127245958
1.7741749074256776	0.4522057446660316
1.7818454256659653	0.454494887496495
1.7895160408859667	0.45676703541938485
1.7972088482072892	0.4590305947481126
1.8049144798719254	0.4612715023076474
1.8126279656320934	0.4634905006230334
1.8203504475411325	0.46568908163261447
1.828076429026538	0.46786682859061823
1.8358049021446474	0.47002729432827406
1.8435308960927423	0.47217151183819406
1.8512412070656954	0.47429601172769636
1.858966008599908	0.4764092476652578
1.8666814272016417	0.47850776612158613
1.874396942320362	0.4806071001307588
1.8821070939086408	0.4827134335753111
1.8898157573654413	0.4848176681597296
1.897531173385683	0.4869224094660994
1.905249023308656	0.4890260806687639
1.9129696871428792	0.49112913202562003
1.9206936559583105	0.49323266208630506
1.928419194741567	0.49533596812115976
1.9361428118266282	0.49743861085341745
1.9438624397008935	0.4995456841446542
1.951604062844237	0.5016669494392753
1.9593916339934068	0.5038365363418317
1.9671492501399142	0.5060599036695266
1.974781929494057	0.5083292608865938
1.9823782500820066	0.5106869100517724
1.9899106398889046	0.5131163237721345
1.997413731067568	0.515613205251191
2.00489672251048	0.5181814693855321
2.012362653055416	0.5208213886963104
2.019780164880642	0.5235258257261839
2.0271465204980474	0.5263238813612559
2.0344837261868727	0.5292296524518073
2.0417844334381696	0.5322341452482626
2.0490463229269085	0.535335984305957
2.0562694058660136	0.5385203603204888
2.06345416085495	0.5417262508093552
2.07060551363214	0.5449612445417163
2.0777221654751417	0.5483073330675844
2.084769734106431	0.5518314946907621
2.091652944428891	0.5554264688114116
2.0983667335930507	0.5590395092880646
2.1050078586537766	0.5627005974866258
2.1116768558485015	0.566421508314761
2.118485554577195	0.5702270106633295
2.125468240369389	0.574118868530239
2.13248619682822	0.578014831946884
2.139494859257303	0.5818948471091414
2.1465045487690197	0.585772828347818
2.1535006758913777	0.5896452212085092
2.160449985840683	0.5934970142322553
2.1673507546717534	0.5973054135771774
2.1742273054835075	0.6010604349361549
2.181132291281247	0.60475647130704
2.1882116362888953	0.6084396577289547
2.195452403189083	0.6120875906506078
2.2027512060814534	0.6156452346176041
2.2100901237471935	0.6191075417345305
2.2174698141181626	0.6224826935307987
2.224888129163717	0.6257710128821695
2.2323028273919205	0.6289536696285547
2.239714940627751	0.632027086337119
2.247162087515106	0.6350127207665108
2.2546892217395174	0.637912155072035
2.2622805035676783	0.6406959668881084
2.2699221839325694	0.6433686017304493
2.2776243312126296	0.6459386108847347
2.2853569319180673	0.6483995838243605
2.2931247053726107	0.6507583095975612
2.300927419536125	0.6530135730490263
2.3087510985658177	0.6551646702700411
2.3165931602408802	0.6572249149739299
2.3244547580350097	0.6591965270008575
2.3323253473228003	0.6610712297391346
2.340218527406356	0.6628581758032306
2.348135507859629	0.6645581561301691
2.3560695986584226	0.6661725111413714
2.364021783253684	0.6677007954061788
2.371981140648839	0.6691405836719737
2.3799485780873675	0.6704900229422384
2.3879511833864813	0.6717547516213542
2.3959746959333557	0.6729214754919617
2.4040100421880193	0.6739922289020205
2.41205309252585	0.674972436770442
2.420103387868496	0.6758616837709213
2.4281456489347715	0.6766546622252972
2.4362073997225364	0.6773611407231519
2.444127890910956	0.6779663748341995
2.4517218708815736	0.678457130578138
2.458975970505552	0.6788425902366159
2.465892875894647	0.6791362509715309
2.472488033942006	0.6793543207380252
2.478786617827052	0.6795133347273262
2.4848201856861833	0.6796286846288568
2.4906237557603323	0.6797149448586458
2.4962334599543485	0.6797843539712385
2.5016847814048364	0.6798424959045947
2.5070113210388145	0.6799058850016743
2.512243308730198	0.6799720848479566
2.5174066762349496	0.6800499160124052
2.5225125817982184	0.6801453267842562
2.527573048486561	0.6802523935035804
2.5325945351229238	0.6803461256066947
2.537560840322304	0.6804355295606132
2.5424631025576607	0.6805403112368648
2.5472974423102457	0.6806540446074755
2.552053754149864	0.6807765260145149
2.5567184606906133	0.6809099404903436
2.561277732837663	0.6810550603409941
2.5657177370180886	0.681212633959916
2.570025231489039	0.6813832436297713
2.574191347396785	0.6815674409392681
2.578210082439336	0.6817666716853782
2.5820761514383412	0.6819815558212208
2.585784211169873	0.6822123153847178
2.589328781559649	0.6824587469425846
2.5927043588544683	0.6827202725799331
2.595905370802712	0.6829959109586824
2.598925987189111	0.6832841380574582
2.6017602005104736	0.6835829051556224
2.604400878881245	0.6838903157054991
2.606837823980169	0.6842016911781333
2.6090610686931255	0.6845127956426735
2.6110797034986635	0.684821678231882
2.612973082180407	0.6851353543621511
2.614760740546301	0.6854516926876689
2.6164374032291557	0.6857644669648915
2.617981435383731	0.6860648431551287
2.6193975519293606	0.686348622503146
2.620686232786083	0.6866119215578818
2.62185381659249	0.6868555108405041
2.622859205091085	0.6870666215389426
2.6236483644099144	0.6872326791112489
2.6241382424343835	0.6873356136050504
2.6243312066467896	0.6873762589162987
2.6243267089789435	0.6873752666555654
2.624313209023193	0.6873724407752569
2.624301026641816	0.6873697645229195
2.6242888080990685	0.6873671068036892
2.6242762120346925	0.6873643214639478
2.624260569713586	0.6873607647296565
2.6242442348336334	0.6873569461395724
2.6242279204776295	0.6873530985532337
2.6242114259228884	0.6873491739527333
2.624195233645046	0.6873452679621244
2.624179258586672	0.6873413668693883
2.6241630702010275	0.6873373936846547
2.6241472514511717	0.6873334650229659
2.624131352294027	0.687329506717158
2.624115538578348	0.6873255274822481
2.6240998555554342	0.6873215567835649
2.6240842799672044	0.6873175868238975
2.6240686015215755	0.687313563309095
2.6240531637761033	0.6873095643465973
2.6240376975186415	0.6873055422906965
2.624022276002711	0.6873014953791227
2.624006738755886	0.6872973923441108
2.623991215913318	0.6872932563898515
2.6239758665557895	0.6872891396204928
2.623960488557012	0.68728499410688
2.6239454509846767	0.6872809053150792
2.623930404749714	0.6872768062783514
2.6239155343884173	0.6872727174495841
2.623900665797033	0.687268613625156
2.6238859397456573	0.6872645168441109
2.6238711005895743	0.6872603729612977
2.623856508931103	0.6872562577023834
2.6238418390888167	0.6872521154369966
2.623827339043143	0.6872479803926479
2.623812813301177	0.6872438277235401
2.6237984316558474	0.6872396820981257
2.6237840058651978	0.6872355113181239
2.6237695341838982	0.6872312950055778
2.6237551938510606	0.6872270883547295
2.6237408254688694	0.6872228608609486
2.6237267961826016	0.687218697490216
2.6237127564350713	0.6872145321254131
2.6236989845798244	0.6872104109514552
2.6236853187601175	0.6872063140586541
2.6236716112502485	0.6872021823381382
2.6236577404925763	0.6871979777898203
2.623644116641613	0.6871938177677209
2.623630588325643	0.6871896812242102
2.6236172806456652	0.6871855855648586
2.623603930760269	0.6871814720332124
2.623590566281885	0.6871773192671056
2.6235773546879617	0.6871731873886645
2.6235641168383954	0.6871690458999942
2.623551099426068	0.687164933565778
2.6235380556419496	0.6871608215835305
2.6235252266779767	0.687156734028501
2.6235124710207867	0.687152675696747
2.6234997676657428	0.6871486106084561
2.6234869638370166	0.6871445016453731
2.6234743334912696	0.6871404048023001
2.623461671591305	0.687136310690154
2.6234492246691543	0.6871322418080857
2.623436748015865	0.6871281787674431
2.623424534842254	0.6871241485967042
2.6234122940635487	0.6871201347323389
2.62340004953004	0.6871160856692867
2.6233877832901906	0.6871120142159136
2.6233754958053335	0.687107917009389
2.623363359334392	0.6871038380487412
2.623351199108358	0.6870997611502881
2.623339413796953	0.6870957415320957
2.6233274700021383	0.687091719915623
2.623315804765596	0.6870877096761128
2.623304254849207	0.6870837579913573
2.623292692220531	0.6870797959553071
2.623280839715383	0.687075734005386
2.623269201046273	0.6870716657470236
2.623257512192929	0.6870676225145256
2.6232462290788767	0.6870636371636141
2.623234859330284	0.6870596778872486
2.623223485044422	0.6870556799547275
2.6232121009924727	0.687051664980369
2.623200693272628	0.6870476295862525
2.6231894193633614	0.6870436063340951
2.6231781092156248	0.6870395839404473
2.623167123828738	0.6870356087317832
2.6231559714837513	0.6870316323601537
2.6231448210058645	0.6870276093989187
2.623133989031482	0.6870236479229062
2.6231231835604807	0.6870197290488895
2.623112310328124	0.6870157837145768
2.623101490938752	0.6870118221504183
2.6230906375582568	0.6870078534185688
2.6230797670205934	0.6870038619064824
2.62306901188374	0.6869998798179735
2.6230583903228983	0.6869959348336097
2.62304772222882	0.6869919882636124
2.6230369617343787	0.6869879970771426
2.6230263714779487	0.6869840142918086
2.6230157352009953	0.6869800441726398
2.6230053311170733	0.6869761016850038
2.622994831080962	0.6869721644106113
2.622984549194126	0.6869682451018762
2.6229741894333536	0.6869643338217291
2.622963874593788	0.6869604076887839
2.622953497499694	0.6869564645335757
2.622943190158997	0.6869525146455353
2.622932838421396	0.6869485584853832
2.6229227723751984	0.6869446472837151
2.6229125868706147	0.6869407426148977
2.622902628339725	0.6869368609493646
2.6228926872460514	0.686933005797553
2.6228826689326277	0.686929131289497
2.6228726562570337	0.6869252338460702
2.622862742244542	0.6869213482851476
2.6228527740058976	0.6869174599706175
2.622842921222325	0.6869135779070763
2.622833012876392	0.6869096933157925
2.6228231036087917	0.6869057913054061
2.6228134264127316	0.6869019300172268
2.622803538669385	0.6868980464531629
2.622794146808806	0.6868942395076083
2.6227844871874852	0.6868904204686627
2.622775097166643	0.6868866351364972
2.6227655860855155	0.686882845773511
2.6227561592197213	0.686879054627945
2.622746737020543	0.6868752649453884
2.6227373066460404	0.6868714679630951
2.622727865865204	0.6868676586288653
2.6227186472939183	0.6868638884562723
2.6227093058782907	0.6868601102981667
2.622700041949943	0.6868563313744417
2.622690739129716	0.6868525431925467
2.622681560596116	0.6868487693727431
2.6226723097796953	0.6868449884896287
2.6226630112319476	0.6868411837092094
2.6226540471139357	0.6868374385385276
2.6226449100326232	0.6868336789704678
2.622636059659444	0.6868299784164238
2.622626952729492	0.6868262352824221
2.622618069113284	0.686822516236863
2.622609078275598	0.6868187847098816
2.622600018223565	0.6868150274592344
2.622591274422738	0.686811323766585
2.622582507163839	0.6868076348520651
2.62257368029667	0.6868039430989414
2.6225648675281525	0.6868002420509419
2.6225564259667165	0.6867966273019179
2.62254776728294	0.6867929785695123
2.6225391352696223	0.6867893367051447
2.622530484939746	0.686785678062165
2.622521836736481	0.6867820107440689
2.6225134703181663	0.6867784069074542
2.622504912289777	0.6867747705779251
2.6224965417147375	0.6867711756804064
2.6224910005189344	0.6867684758367597
2.6224842860383317	0.6867662154954793
2.6224784039131563	0.686763693553701
2.622471680404972	0.6867609560318365
2.622465461801177	0.6867582164003994
2.6224590291232235	0.6867554466860799
2.622453095023145	0.686752844717892
2.622446769436209	0.6867501961194789
2.6224405915386924	0.6867475803591273
2.6224344990530275	0.686744993934006
2.6224435162233246	0.6867435680018074
2.6224450411522393	0.6867447934713352
2.6224473927431546	0.6867453162389888
2.622449656640989	0.6867455937485342
2.622452389020509	0.6867463169322422
2.622455014646472	0.6867470091115634
2.6224576454121813	0.6867476538317525
2.622460375216924	0.6867483312592342
2.6224631658679485	0.6867490458225157
2.6224660423650303	0.686749788661712
2.622467762872027	0.6867501126038696
2.6224696657092363	0.6867503963298545
2.6224716165450106	0.686750876769673
2.6224738169880752	0.6867514289041152
2.6224760401133884	0.6867520116678866
2.622478100236958	0.6867524880281327
2.6224802241921785	0.6867529849844116
2.622482368453435	0.6867535130619046
2.622484528982034	0.6867540432853612
2.62248667831405	0.6867545703369198
2.622504904827739	0.6867615230170286
2.6225124008082696	0.6867648477863836
2.622522668330516	0.6867683516097645
2.6225308567713417	0.686771569730235
2.622538638068679	0.6867738829589443
2.622546884352239	0.6867767088911695
2.6225554999999914	0.6867797279686603
2.622564412185377	0.6867829826464353
2.622573267055313	0.686786254545827
2.6225820940011273	0.6867894851231494
2.622580469547127	0.6867918748330277
2.622581155309027	0.6867907104579178
2.622581404326473	0.6867903008676018
2.6225815556063337	0.6867900597292039
2.6225842660676895	0.6867896726738476
2.622586229669017	0.6867904702836363
2.6225877975545537	0.6867907258972707
2.6225893766163657	0.6867911113602876
2.6225910737766447	0.6867915848246792
2.6225927468119608	0.6867920185005333
2.622594212724982	0.6867923261271844
2.6225956576406757	0.6867926749473658
2.6225971231708933	0.6867930471512698
2.622598567543191	0.6867934004608487
2.622599974206063	0.6867937329680289
2.622601363703688	0.6867940645511458
2.622602709226119	0.686794372414789
2.622604035984826	0.6867946809060659
2.622605356514065	0.6867949903437447
2.6226066600857787	0.6867952899046852
2.622607937797731	0.6867955766607848
2.622609199239474	0.686795860128543
2.622610445255567	0.6867961379504104
2.622611662118596	0.6867964007575726
2.622612863139087	0.6867966618991987
2.622614049703567	0.6867969178951636
2.6226151240318423	0.6867971005539188
2.6226161713299856	0.6867973072964426
2.622617212125354	0.686797517243116
2.622618230338058	0.6867977138701605
2.622619323663966	0.6867979686524931
2.62262032558871	0.6867981313103232
2.6226213054952967	0.6867983129688786
2.622622197820944	0.6867984359245923
2.622623068492845	0.6867985826549481
2.622623917346502	0.6867987182190327
2.622624748762476	0.6867988504729564
2.622625564875103	0.6867989762835618
2.622626322569876	0.6867990617495638
2.6226270619429575	0.6867991620210185
2.622627721958203	0.6867991997878777
2.622628360529352	0.6867992661219121
2.6226290059563513	0.6867993422629634
2.622629636719862	0.6867994011272913
2.62263020346291	0.6867994116294297
2.622630751575974	0.6867994442752495
2.6226312649630183	0.6867994479053177
2.6226317594543813	0.6867994586340287
2.622632240556148	0.6867994638609666
2.6226327070291773	0.6867994630247981
2.6226331371406926	0.6867994355802196
2.622633475696544	0.6867993393320517
2.622633770907981	0.6867992695736933
2.6226340491792883	0.6867992010148614
2.6226343193872403	0.6867991345218405
2.6226345748527247	0.6867990560836276
2.6226348147816214	0.6867989730131402
2.6226350402665424	0.6867988848086024
2.6226352517466296	0.6867987913798504
2.6226354497395743	0.6867986922886843
2.6226357226614243	0.6867986794916274
2.6226359939297494	0.6867985975188781
2.6226362530386265	0.6867985224196288
2.6226364198243357	0.68679835376753
2.6226365674664582	0.6867982483117012
2.622636701249206	0.6867981203238412
2.622636822687091	0.6867979954466163
2.6226369413769928	0.6867978737449337
2.622637050609429	0.6867977423060092
2.6226371457280298	0.6867976042699936
2.622637183854317	0.6867974128398673
2.622637199103879	0.6867972500013372
2.622637211193479	0.6867970895123312
2.6226372114941894	0.6867969170045718
2.622637201546814	0.6867967447680828
2.6226371821792003	0.6867965683652056
2.6226371535317843	0.6867963890611379
2.6226371028508515	0.6867961916293938
2.622637041595053	0.6867960034223674
2.6226369715145452	0.6867958092509279
2.6226380467400197	0.6867964438817658
2.6226392667324956	0.686796717999508
2.6226403359385233	0.6867968600766613
2.622641140653623	0.6867968665389613
2.622641893302158	0.6867969283441657
2.622642747768425	0.6867970759122198
2.6226436200021848	0.6867972015981499
2.6226444847925756	0.6867973182839192
2.6226453612178067	0.686797444549274
2.622646261298482	0.6867975829010207
2.6226470412102034	0.6867976329633051
2.6226478179669424	0.6867977298694365
2.6226486057556637	0.6867978309014914
2.6226493994110465	0.6867979344669687
2.6226502529927127	0.6867980768308162
2.6226510757726245	0.6867981748572782
2.622651900656533	0.6867982895410841
2.6226527320154123	0.6867984061470488
2.6226535690728534	0.686798525608669
2.6226544130523757	0.686798648037696
2.62265517189224	0.6867987070713478
2.6226559268428042	0.6867988029385577
2.6226567016994293	0.6867989099755145
2.622657451757837	0.6867989920553916
2.622658202220431	0.6867990871757782
2.6226589261262507	0.686799160185089
2.62265967930205	0.6867992699236952
2.622660393843337	0.6867993337181295
2.622661105397645	0.6867994183670331
2.6226618178902363	0.6867995012877186
2.6226624202270283	0.6867994968566026
2.6226630095872387	0.6867995462455363
2.622663600586935	0.6867995912474909
2.6226642022240987	0.6867996471359772
2.6226648042605927	0.6867996964052414
2.622665405457591	0.6867997462099878
2.622666006302049	0.686799795982552
2.6226665769784194	0.6867998207305758
2.6226671417692966	0.6867998598175442
2.622667705975322	0.6867998982591278
2.622668500361076	0.6868001155078696
2.6226693265249392	0.6868002355637159
2.6226701329642017	0.6868003436946397
2.622670944604652	0.6868004622914325
2.622671646833752	0.6868004942332516
2.6226724215542903	0.6868006414256459
2.6226732272407527	0.6868007636163317
2.622673907047215	0.6868007816169117
2.6226745603030914	0.6868008484384504
2.6226752182207256	0.6868009210665746
2.6226758767495038	0.6868009931150203
2.622676443463163	0.6868009876613554
2.6226769616228363	0.6868009994625898
2.622677522005227	0.6868010681009636
2.622678083453307	0.6868011058665263
2.6226786127662916	0.6868011221949791
2.6226791037464006	0.6868011245727745
2.6226795889631607	0.6868011442537552
2.6226800614335075	0.6868011516445319
2.622680529486633	0.6868011647477306
2.6227053758106207	0.6868110724094633
2.622722472730052	0.6868176997448299
2.622738483275283	0.6868240246683672
2.622751031072269	0.686829243767628
2.6227633231938436	0.6868335784933263
2.622776191076285	0.6868383071253148
2.62278923814256	0.6868432057366881
2.6228020175697413	0.6868480005171689
2.622814710368403	0.6868526934128334
2.6228273046771258	0.68685734616249
2.622828574640753	0.6868596589244728
2.6228297833001473	0.6868574132835242
2.622830166716462	0.6868574267456182
2.6228329391349616	0.6868589942167638
2.622836067435218	0.6868598795720928
2.622838616064384	0.6868604158612743
2.622841155129878	0.6868610438376173
2.6228437380660785	0.6868617094042327
2.6228464053526555	0.6868624060491065
2.6228491121862483	0.6868631060101512
2.6228383273189646	0.6868627470674175
2.622829155955214	0.6868586347321034
2.6228187284392477	0.6868547399133366
2.622811281719477	0.6868517214759908
2.6228037285234995	0.686848832647856
2.622795942825101	0.6868458355247942
2.622787291513301	0.6868426009291695
2.6227786461457425	0.6868392654200587
2.6227701649072084	0.6868360177424178
2.6227615351514437	0.6868327472261088
2.6227675422535217	0.686831142520883
2.622771144046229	0.6868330015356978
2.6227755664099783	0.6868341231677776
2.6227779206893787	0.6868344734074543
2.622780110804166	0.6868349481905183
2.622782870626224	0.6868357440572099
2.6227857230931204	0.6868364969485842
2.622788621626749	0.6868372383312643
2.6227914741810756	0.6868379593024002
2.6227943151045894	0.6868386786728938
2.6227970679927757	0.6868393676038806
2.6227998249802877	0.6868400713814583
2.622802619883771	0.6868407968620992
2.6228054454218377	0.6868415313541877
2.6228083071797323	0.6868422773374038
2.6228112176549345	0.6868430393832063
2.622814125802375	0.6868437966238243
2.6228170652096443	0.6868445657835967
2.6228199839437707	0.6868453255810612
2.6228229240017717	0.6868460967594793
2.6228258944675265	0.6868468808721918
2.622818258360547	0.6868475330703009
2.62280922991413	0.6868438255219036
2.622801833707345	0.686840623115652
2.62279378199087	0.6868374553913654
2.622786088284242	0.6868343343177469
2.622777957420034	0.6868311696688272
2.6227697365369473	0.6868279796088711
2.6227612659470445	0.686824725763413
2.622752897010965	0.686821499192791
2.622758593866325	0.6868197465183926
2.6227623798784685	0.6868216860289887
2.6227669156730093	0.6868228436899565
2.6227693349767534	0.6868232133684826
2.622771542302436	0.6868237023903531
2.6227737392626618	0.6868242452185432
2.622776572526414	0.686825080398259
2.6227795066873263	0.6868258678700833
2.622782412773086	0.686826606328228
2.6227852840052286	0.686827336152829
2.6227882088044194	0.6868280964891581
2.622791172211743	0.6868288703076173
2.6227939853574544	0.6868295749552832
2.622796817959934	0.6868303086511042
2.6227996774483504	0.6868310584950115
2.622802570122909	0.6868318185996536
2.622805476417272	0.6868325806658573
2.622808413392683	0.6868333543530213
2.6228113510973605	0.6868341262324058
2.6228143165652353	0.6868349101194265
2.622804181430967	0.6868348436832393
2.62279572323302	0.6868308341316494
2.622785681802496	0.6868270136539414
2.622778483532801	0.6868240414786739
2.622771257562519	0.6868212018122931
2.622763703789782	0.6868182335582549
2.6227553385725284	0.6868150476199275
2.62274702543988	0.68681181478385
2.622738523865608	0.6868085537510749
2.622730217200304	0.6868053523216647
2.6227217509979734	0.6868021319285661
2.622728013267744	0.6868006658049538
2.6227317328130315	0.6868025370004405
2.6227362798804252	0.6868037043288359
2.6227388538017053	0.6868041494594754
2.6227412711941764	0.6868046893608406
2.6227436908994597	0.6868052992173996
2.622746698820808	0.6868061582656185
2.622749737215356	0.686806966642197
2.6227528736154633	0.6868077830860413
2.6227560706570614	0.6868086215991424
2.6227589324092935	0.6868093156480943
2.622761800750606	0.6868100466902758
2.6227647125005165	0.6868108127555719
2.6227675355597087	0.686811534565406
2.622770503566428	0.6868123272633592
2.622773461714132	0.6868131075023824
2.622776442133801	0.6868138902819861
2.6227794393706594	0.686814682123164
2.62278246642776	0.6868154846490144
2.6227854579841203	0.6868162705537285
2.6227884708234366	0.6868170687984183
2.6227915097902454	0.6868178791508537
2.622794580218927	0.6868186997689864
2.6227976707778438	0.6868195257837323
2.6228007881924427	0.686820360730297
2.622803932336987	0.6868212044828654
2.6228070356829174	0.6868220293540266
2.622810158639809	0.6868228666658043
2.6228132422812616	0.6868236904246567
2.6228037387005805	0.6868238577270696
2.6227957248478173	0.6868200246667263
2.622788752527648	0.6868170510954066
2.622781943733953	0.6868142615256241
2.6227740522902523	0.6868111570757343
2.6227661309553425	0.6868080205340442
2.6227579243132384	0.6868048401188475
2.622749549139452	0.686801615215396
2.6227411748205136	0.6867983973217884
2.622732724730906	0.6867951709568739
2.622737748687402	0.6867931846493031
2.622741543175928	0.6867951427847317
2.6227459701403943	0.6867962797535412
2.6227482130417386	0.6867965337467233
2.6227502340185347	0.6867969975498361
2.6227529295058085	0.6867978301039552
2.6227556819830147	0.6867985562476678
2.6227584257911976	0.6867992561417178
2.6227611879531962	0.6867999694553142
2.6227639398513842	0.6868006772654313
2.6227667340352343	0.6868014073278964
2.6227695939603413	0.6868021627631775
2.622772495144164	0.686802926515639
2.6227753349717258	0.6868036567657188
2.622778202665617	0.6868044093039238
2.622781108020957	0.6868051779779948
2.6227840472546506	0.6868059563201394
2.6227870195292704	0.6868067450064378
2.622789961231342	0.6868075153527999
2.622792928571138	0.6868083030242949
2.6227871631035353	0.6868095740656732
2.622778316335068	0.6868060986381669
2.622768934207979	0.6868023068103526
2.622761796736161	0.6867994056220394
2.6227544779361955	0.6867965643009247
2.622746902897088	0.6867935983908582
2.622738579284686	0.6867904331816141
2.622730207800499	0.686787201563822
2.6227216762804844	0.6867839401720256
2.622713166857724	0.6867806872159579
2.622718839975981	0.6867789356140573
2.6227225917503447	0.6867808785937864
2.6227248267965777	0.6867811019643444
2.62272689589086	0.6867815758750057
2.622729036703231	0.6867821245327795
2.622731658719006	0.6867828950977881
2.6227343676437616	0.6867836097955805
2.6227371245580233	0.6867843270685084
2.6227399297672864	0.6867850605362067
2.622742706663411	0.686785772081606
2.622745506866415	0.6867864993468022
2.622748329667822	0.686787236122342
2.6227511157812393	0.6867879539951832
2.622753932506036	0.6867886932809047
2.622756786264376	0.6867894474375735
2.622759653671909	0.6867902022594986
2.622762554068243	0.6867909705195455
2.6227654887853133	0.6867917493469103
2.6227684049806683	0.6867925151179596
2.622771316233411	0.6867932824874743
2.6227742662522617	0.6867940705305056
2.6227772463529524	0.6867948674497727
2.6227802718868953	0.6867956803946405
2.6227833272376926	0.686796499921958
2.622786381543922	0.6867973142762939
2.62278946116378	0.6867981401691163
2.622792496747394	0.6867989460889081
2.622795551924227	0.6867997668451689
2.6227986189601897	0.6868005937926711
2.6228017077948786	0.686801428536958
2.622792041823727	0.6868014727016705
2.622783806787932	0.6867975729918768
2.6227768106007674	0.6867946696887455
2.6227696365624342	0.6867918186735967
2.622761652221939	0.6867886999080073
2.6227535135169546	0.6867855231479777
2.622745146030474	0.6867823039317832
2.6227368720471302	0.6867791200609633
2.622728410017774	0.6867759052895911
2.622719921980112	0.6867726782083289
2.622724913076137	0.6867707529848271
2.622728759249121	0.6867726754047025
2.6227332148553977	0.6867738334677007
2.622735611941327	0.686774159536076
2.622737787745877	0.6867746701429138
2.62273999200882	0.6867752343513879
2.6227422240703606	0.686775807581953
2.6227449559680687	0.6867766238846542
2.6227477715771403	0.6867773740603692
2.6227504165741973	0.6867780226217295
2.6227531565503805	0.6867787552728295
2.622755965218056	0.6867795035177557
2.6227587525583522	0.6867802279470137
2.6227615518130127	0.6867809640790512
2.622764384575679	0.6867817148381902
2.6227672080073785	0.6867824552574324
2.6227700598786265	0.6867832121322527
2.622772923730742	0.6867839709813921
2.6227758161131844	0.6867847419537627
2.622778719432349	0.6867855138988208
2.6227711711286172	0.6867860830032607
2.6227621815050806	0.6867824133653658
2.622752196148039	0.6867785426832043
2.622741891458048	0.6867746645023972
2.622734661635541	0.6867717310338048
2.6227270902787536	0.6867688519257984
2.6227193529138106	0.6867658563925467
2.6227109609644583	0.6867626824182063
2.6227026027838254	0.6867594668130723
2.622694091583362	0.6867562269839231
2.622699707237983	0.6867544899116782
2.6227034910907534	0.6867564206979745
2.6227079641221214	0.6867575833768561
2.6227104747786045	0.6867579724721053
2.6227127846091207	0.6867585186268077
2.622715566930689	0.686759337939119
2.622718460124668	0.6867601154512845
2.62272134362515	0.6867608644882032
2.622724229156201	0.6867616182158127
2.6227270452963998	0.6867623412738628
2.6227299325876983	0.6867631113079209
2.6227328211703482	0.6867638719175678
2.622735787786705	0.6867646668360313
2.622738692927478	0.6867654236534237
2.622741625074393	0.6867662028310102
2.622744527191093	0.6867669660251717
2.6227475095052264	0.6867677740928363
2.6227505091342485	0.6867685770386132
2.622753539957827	0.6867693908648128
2.6227565416253085	0.6867701866480422
2.6227596142373226	0.6867710204106247
2.622762662655626	0.6867718339941503
2.6227657343932895	0.6867726611137445
2.6227688325393137	0.6867734990969312
2.6227719454415697	0.6867743401669194
2.622775082814249	0.6867751904988992
2.622778231905225	0.6867760424011707
2.6227814077979934	0.6867769041238201
2.622784584403905	0.6867777643648563
2.622787784068287	0.686778634818475
2.6227783388956047	0.6867787067709237
2.6227701980653944	0.6867748598509659
2.622760333296186	0.686771086460098
2.6227502424621525	0.6867672614082808
2.6227431391171185	0.6867643574381747
2.622735757570441	0.6867615064273129
2.622727606108687	0.6867583789526132
2.6227193692167643	0.6867551899375842
2.6227110686852573	0.6867520039765787
2.6227027123630915	0.6867488160648493
2.622694234468128	0.6867455976442315
2.622699781737321	0.6867438912571536
2.622703611360657	0.6867458018072297
2.6227081521012847	0.686746991586129
2.6227107425537346	0.6867474175775837
2.622713018307435	0.6867479343016755
2.622715864746691	0.6867487950828274
2.6227187712776363	0.6867495706742343
2.622721718597082	0.6867503480492855
2.622724536512305	0.686751060617994
2.622727337375206	0.6867517903941858
2.6227301245406878	0.6867525200903049
2.622732943858499	0.6867532702698141
2.622735817190185	0.6867540419970095
2.6227387269482354	0.6867548210877861
2.622741670397702	0.6867556097724291
2.6227446479442182	0.6867564080601596
2.6227476017182276	0.6867571892308605
2.622750582436763	0.6867579889801432
2.6227535868027996	0.6867587968077775
2.622756593169596	0.6867596016017693
2.62275962583378	0.6867604197818737
2.622762661833975	0.6867612358797788
2.622765722363574	0.6867620639428458
2.6227687491282428	0.6867628732851424
2.6227717910382284	0.6867636979104226
2.6227748462007643	0.6867645278973489
2.622777925113752	0.6867653666686875
2.6227810265943328	0.686766211783365
2.6227841526494453	0.686767064409072
2.6227770998592392	0.6867677799715187
2.622768439101676	0.686764285680361
2.6227612157998483	0.6867611631894212
2.622753355649357	0.6867580736133707
2.622745656518927	0.686754998192564
2.6227376725955174	0.686751905938596
2.6227295561517394	0.6867487899954637
2.6227212129978783	0.6867456169654333
2.622712750022202	0.686742405879224
2.6227043356843778	0.6867392142014004
2.6227259787819066	0.6867438454677955
2.62274200926642	0.6867506809905615
2.6227422500428874	0.6867504631302623
2.622744207823952	0.6867508223519475
2.622746187669866	0.6867514151416755
2.622748757453807	0.6867521887339108
2.622751420033252	0.6867528983538315
2.622753953962215	0.6867535233795439
2.6227565199623735	0.6867541901932621
2.622759158962119	0.6867548880692356
2.6227616141003773	0.68675548285858
2.622764071810873	0.6867561196576191
2.6227665596077694	0.686756773108135
2.6227690480683994	0.6867574213042221
2.6227716047189173	0.6867581047734997
2.622774198482139	0.686758792732637
2.6227767602732523	0.6867594574621578
2.622779347300086	0.6867601443191947
2.6227819344951313	0.6867608257507776
2.6227845478068956	0.6867615222665184
2.6227738954930344	0.6867610867125482
2.622764317530742	0.686757001655305
2.622753897862823	0.6867531760743822
2.6227463416599837	0.6867501835456153
2.622738569225232	0.686747265334743
2.622730684406538	0.6867442798477711
2.622722746041649	0.6867412808586895
2.6227140932904773	0.6867380959010101
2.6227055983128422	0.6867348698423527
2.6226969515868186	0.6867316365385961
2.6227026705524565	0.6867300550341371
2.6227066679387967	0.6867320151927796
2.622711315211383	0.6867332434162183
2.622714047872762	0.6867337436586558
2.6227165198925677	0.6867343394312675
2.6227194684078032	0.6867352085047267
2.622722505374235	0.6867360298648697
2.622725423901366	0.6867367772528982
2.622728374010701	0.6867375621027292
2.622731432079803	0.6867383953191645
2.6227342972814744	0.6867391184262576
2.6227371494122527	0.6867398729166424
2.6227400359458937	0.6867406507915388
2.6227429138959253	0.6867414178221215
2.6227458442861584	0.6867422143765036
2.622748809280803	0.6867430179401485
2.6227517968553142	0.6867438260750529
2.62275479387022	0.686744635238639
2.622757819164963	0.686745457625697
2.622760862944507	0.6867462840428848
2.622763813473183	0.6867470619874438
2.6227667793194747	0.6867478700958598
2.622769689432016	0.6867486485572062
2.6227726752269507	0.6867494787801423
2.6227756888529052	0.6867503062330932
2.622778730002065	0.6867511401729515
2.622781711375315	0.6867519419612713
2.622784705694871	0.6867527649234847
2.622787645656789	0.6867535594356103
2.6227905997733982	0.6867543751712031
2.622780911245814	0.6867543141511703
2.622772481140876	0.6867504028217324
2.6227624753319265	0.6867466646886918
2.6227553176366603	0.6867437771320553
2.6227478188137323	0.6867408848653727
2.6227397165200697	0.6867377805667829
2.622731559797551	0.686734643716666
2.622723288119704	0.686731495378256
2.622715079372284	0.6867283767668475
2.622706688220665	0.6867252193287289
2.6227120517168	0.6867235518179285
2.6227159184812234	0.6867253943279655
2.622720407656758	0.686726579070325
2.6227249927144265	0.6867278236228136
2.6227276816558187	0.6867282932892108
2.622730058096494	0.6867288917362045
2.622732485233701	0.6867295424984553
2.622735252689711	0.6867303530972072
2.622738127539404	0.6867311404810283
2.6227409762928766	0.6867318929588944
2.6227438291209344	0.6867326541901496
2.622746705382767	0.6867334279615956
2.6227496153846204	0.6867342146575537
2.6227525580734516	0.6867350115064571
2.622755529523675	0.6867358166192497
2.6227585113052747	0.686736621738676
2.6227614878896213	0.6867374233600664
2.6227644934158074	0.6867382417092016
2.622767503079873	0.6867390568855218
2.622770537834543	0.6867398845996618
2.622765083722681	0.6867411636852806
2.622756281876282	0.6867377208030315
2.622746590371568	0.6867339116886484
2.622739322235373	0.6867310347500294
2.6227319336027346	0.6867281973419573
2.622723711409062	0.6867250983806835
2.622715552413935	0.6867219642900505
2.6227072662468034	0.6867188243601209
2.6226989894536574	0.6867156923990201
2.622690548502565	0.6867125217101699
2.6226959358414637	0.6867108668212714
2.622700035956881	0.6867128242743338
2.6227046240634784	0.686714030986609
2.6227072989183595	0.6867145009615077
2.6227096248577113	0.6867150556011024
2.62271200616214	0.6867156933795675
2.6227148900365593	0.686716563025227
2.6227178403149862	0.6867173624546542
2.622720751615234	0.6867181274700648
2.6227236341221705	0.6867188894126265
2.6227265673346203	0.6867196826037882
2.6227294500172746	0.6867204436053814
2.6227323150038324	0.6867212066748615
2.6227352094889738	0.6867219905686942
2.622738136308773	0.686722785316939
2.6227410945981826	0.6867235896991191
2.6227440702305573	0.6867243969387503
2.622747034257329	0.6867251959002506
2.622750023426194	0.6867260111517853
2.6227530184225025	0.6867268249440762
2.6227560512615518	0.6867276571914261
2.6227591166377975	0.6867284983015906
2.622762213103258	0.6867293474292484
2.62276527286037	0.6867301740731994
2.6227683520914957	0.6867310202137117
2.622771385430613	0.6867318415385667
2.6227744344349455	0.6867326829021138
2.622777560583812	0.686733556755174
2.6227806007797434	0.6867343848234922
2.622783614959142	0.6867352183555484
2.6227739247839947	0.6867351549746118
2.6227654151701207	0.6867312170468155
2.62275522021685	0.6867274378528503
2.6227480205009	0.6867245593998744
2.622740788342279	0.6867217488719746
2.6227332570549065	0.6867188434195935
2.622725029483702	0.6867157456464196
2.6227167965724405	0.6867126069556602
2.6227084647307874	0.6867094618436163
2.622700016990161	0.6867062861045866
2.6227058156411287	0.6867047890623528
2.6227098641031494	0.6867067373507558
2.622712375835262	0.6867070910919121
2.6227146414928524	0.6867076539888217
2.6227173933991517	0.6867084863743386
2.622720230267113	0.6867092542437746
2.622723110321675	0.6867100246229807
2.6227259341001905	0.6867107633260483
2.622728790655313	0.6867115293128087
2.622731661684327	0.6867122985172982
2.6227344607452867	0.6867130298377605
2.6227372349453897	0.686713766309419
2.6227400378889696	0.6867145244330023
2.6227429190354568	0.686715316014782
2.6227457970733523	0.6867160897846322
2.6227486881571505	0.6867168719878426
2.622751607599956	0.6867176668542719
2.6227545556013343	0.6867184706668025
2.6227575317019323	0.6867192830704226
2.6227604926361847	0.6867200830209315
2.622763312291645	0.6867208162709361
2.622766150280064	0.6867215967783139
2.6227690052749124	0.6867223815439875
2.622771879330122	0.6867231727326638
2.6227747724538584	0.686723970058601
2.622777684001517	0.6867247729309076
2.622780618471923	0.6867255829230648
2.62278357521824	0.68672639956471
2.622786505756414	0.6867271992820856
2.622789334111909	0.6867279558786606
2.622783929303324	0.6867292951591479
2.6227752263471635	0.6867259153585659
2.6227654791586383	0.6867220995354403
2.6227582532793696	0.6867192737203495
2.622750699330604	0.6867164067226448
2.622742955476427	0.6867134466560413
2.6227345380455174	0.6867103033236456
2.622726046684824	0.6867070923763996
2.622717607274448	0.6867039158050063
2.6227090606892163	0.6867007233098734
2.622714516816678	0.6866991698206427
2.6227184957039102	0.6867010306091252
2.622720946771617	0.6867013552428992
2.6227231637455084	0.6867019136345718
2.6227258838448964	0.6867027461243032
2.6227286894029134	0.6867035068108619
2.6227313496512052	0.6867041789230607
2.6227340317290326	0.6867048949674174
2.6227367249050357	0.6867056140831079
2.622739455597246	0.6867063503567249
2.6227422043111916	0.6867070887901987
2.6227449881058122	0.6867078419325344
2.6227477596554034	0.6867085824769
2.622750561025553	0.6867093418422304
2.6227533903288425	0.686710109751104
2.622756250053384	0.6867108874500898
2.622759133298365	0.6867116712390222
2.6227620444415143	0.6867124647992241
2.622764939085381	0.6867132452550625
2.6227678547766207	0.6867140412268442
2.6227577856018995	0.6867137604669848
2.622748573746058	0.686709740192922
2.6227413061772027	0.6867069177005686
2.622733674288132	0.6867040257175303
2.62272531625534	0.6867008876657518
2.622716973834576	0.6866977070255103
2.62270875471724	0.6866945932401936
2.6227003774182447	0.6866914541172391
2.6226918773179784	0.6866882727336583
2.6226834707809505	0.6866851200669125
2.6226889392659642	0.6866835838483872
2.622693216662768	0.6866855835648101
2.622698010177956	0.6866868572016748
2.622700632812999	0.686687298101932
2.622702883693943	0.6866878615030279
2.622705833773096	0.6866887979997276
2.6227088953709	0.6866896409760205
2.6227117647744618	0.6866903682297524
2.6227146557419356	0.6866911448096368
2.622717703569515	0.6866919949634486
2.622720637207195	0.6866927623173799
2.6227235428248794	0.6866935377092045
2.6227264041332212	0.6866943001337295
2.622729345027122	0.6866951131240326
2.622732322580328	0.6866959278941752
2.6227353316470707	0.68669675108255
2.622738383016516	0.6866975895959843
2.622741398651796	0.686698402231376
2.6227444377043705	0.6866992357280373
2.622747504409563	0.6867000789626161
2.622750443687305	0.6867008542760538
2.6227533912272163	0.6867016666604611
2.6227563365708333	0.6867024756355763
2.6227593335921195	0.6867033117505474
2.622762327973774	0.6867041345720722
2.6227653409815925	0.6867049700825569
2.622768361859344	0.6867058058603877
2.6227714011490093	0.6867066503989963
2.6227743952814566	0.6867074736256147
2.6227773880155905	0.68670830785308
2.622767714954393	0.6867082060593606
2.622758870403031	0.6867042058966494
2.622751703373673	0.6867014021808735
2.6227442503211784	0.6866985330477837
2.6227360406316853	0.6866954097076629
2.6227277217185097	0.686692229191704
2.622719517824939	0.6866891053482028
2.622711124627738	0.6866859520849652
2.6227027297557806	0.6866827952115666
2.6226942203378885	0.6866796140010015
2.6227010361313523	0.6866785577120758
2.622705090050276	0.6866804660747106
2.6227097852210295	0.6866817115738683
2.6227125083924276	0.6866822065360301
2.6227149107421095	0.6866828201795624
2.622717759532572	0.6866836808915086
2.622720686920723	0.6866844808203594
2.622723527159218	0.6866852234273066
2.622726395196906	0.6866859994500516
2.6227293012085253	0.6866867901357364
2.6227322783506763	0.6866876077408108
2.6227352630856298	0.686688416448665
