-1.300142275365333	-2.6991834215064174
-1.3001423508863337	-2.6991829811916395
-1.3001424264123491	-2.6991825408672625
-1.3001425019433803	-2.6991821005332852
-1.3001425774794273	-2.6991816601897067
-1.3001426530204903	-2.699181219836528
-1.3001427285665696	-2.6991807794737492
-1.3001428041176655	-2.69918033910137
-1.3001428796737784	-2.6991798987193887
-1.3001429552349082	-2.699179458327807
-1.3001430308010558	-2.699179017926622
-1.300143106372221	-2.699178577515834
-1.3001431819484048	-2.6991781370954446
-1.3001432575296066	-2.699177696665453
-1.3001433331158272	-2.699177256225858
-1.3001434087070665	-2.69917681577666
-1.3001434843033253	-2.6991763753178595
-1.3001435599046036	-2.6991759348494546
-1.3001436355109015	-2.699175494371446
-1.3001437111222198	-2.699175053883833
-1.3001437867385581	-2.6991746133866155
-1.3001438623599173	-2.6991741728797938
-1.3001439379862976	-2.699173732363367
-1.300144013617699	-2.699173291837335
-1.3001440892541223	-2.699172851301698
-1.3001441648955674	-2.699172410756455
-1.3001442405420345	-2.6991719702016064
-1.3001443161935233	-2.699171529637151
-1.3001443918500355	-2.6991710890630896
-1.3001444675115705	-2.6991706484794213
-1.3001445431781284	-2.699170207886146
-1.30014461884971	-2.6991697672832635
-1.3001446945263155	-2.6991693266707735
-1.3001447702079452	-2.699168886048676
-1.3001448458945992	-2.6991684454169707
-1.300144921586278	-2.699168004775657
-1.3001449972829817	-2.6991675641247346
-1.300145072984711	-2.699167123464203
-1.3001451486914655	-2.6991666827940635
-1.300145224403246	-2.699166242114314
-1.3001453001200527	-2.699165801424955
-1.3001453758418857	-2.6991653607259862
-1.3001454515687456	-2.6991649200174077
-1.3001455273006326	-2.699164479299219
-1.3001456030375464	-2.6991640385714195
-1.3001456787794883	-2.6991635978340085
-1.3001457545264576	-2.699163157086987
-1.3001458302784552	-2.6991627163303544
-1.3001459060354816	-2.6991622755641096
-1.3001459817975363	-2.6991618347882538
-1.3001460575646202	-2.6991613940027857
-1.3001461333367337	-2.6991609532077048
-1.3001462091138765	-2.699160512403012
-1.300146284896049	-2.699160071588706
-1.3001463606832522	-2.699159630764787
-1.3001464364754858	-2.699159189931254
-1.3001465122727498	-2.6991587490881077
-1.3001465880750454	-2.699158308235347
-1.300146663882372	-2.6991578673729726
-1.3001467396947302	-2.699157426500984
-1.3001468155121203	-2.6991569856193802
-1.3001468913345429	-2.699156544728161
-1.3001469671619978	-2.699156103827328
-1.3001470429944857	-2.699155662916878
-1.3001471188320062	-2.6991552219968145
-1.3001471946745606	-2.6991547810671337
-1.3001472705221488	-2.6991543401278357
-1.3001473463747706	-2.699153899178922
-1.3001474222324263	-2.699153458220391
-1.300147498095117	-2.699153017252244
-1.3001475739628423	-2.6991525762744795
-1.3001476498355806	-2.6991521352871475
-1.300147725713247	-2.699151694290571
-1.300147801595861	-2.699151253284616
-1.3001478774834443	-2.69915081226915
-1.3001479533760076	-2.6991503712441154
-1.3001480292735548	-2.6991499302094875
-1.3001481051760886	-2.699149489165255
-1.3001481810836084	-2.6991490481114147
-1.300148256996116	-2.699148607047962
-1.300148332913612	-2.6991481659748957
-1.3001484088360964	-2.6991477248922164
-1.3001484847635694	-2.6991472837999244
-1.3001485606960315	-2.699146842698017
-1.300148636633483	-2.6991464015864963
-1.300148712575923	-2.699145960465361
-1.3001487885233538	-2.699145519334611
-1.3001488644757753	-2.6991450781942445
-1.3001489404331854	-2.6991446370442644
-1.300149016395588	-2.6991441958846667
-1.30014909236298	-2.6991437547154535
-1.3001491683353987	-2.699143313536413
-1.3001492443128488	-2.699142872347521
-1.3001493202953072	-2.699142431148909
-1.3001493962827684	-2.699141989940618
-1.3001494722752291	-2.6991415487226638
-1.3001495482726888	-2.699141107495054
-1.300149624275147	-2.699140666257793
-1.3001497002826041	-2.6991402250108805
-1.3001497762950598	-2.6991397837543167
-1.300149852312514	-2.699139342488102
-1.3001499283349682	-2.6991389012122364
-1.3001500043624217	-2.69913845992672
-1.300150080394875	-2.6991380186315523
-1.3001501564323286	-2.699137577326733
-1.3001502324747827	-2.6991371360122622
-1.3001503085222375	-2.6991366946881388
-1.3001503845746931	-2.6991362533543626
-1.3001504606321501	-2.699135812010934
-1.3001505366946091	-2.6991353706578525
-1.3001506127620694	-2.699134929295118
-1.3001506888345322	-2.69913448792273
-1.300150764911997	-2.699134046540689
-1.3001508409944647	-2.699133605148994
-1.3001509170819352	-2.699133163747644
-1.300150993174409	-2.69913272233664
-1.3001510692718865	-2.6991322809159812
-1.300151145374368	-2.699131839485667
-1.3001512214818536	-2.699131398045698
-1.3001512975943432	-2.6991309565960737
-1.3001513737118378	-2.699130515136794
-1.3001514498343372	-2.6991300736678574
-1.300151525961842	-2.6991296321892646
-1.3001516020943522	-2.699129190701015
-1.3001516782318685	-2.6991287492031093
-1.3001517543743908	-2.6991283076955463
-1.3001518305219197	-2.699127866178326
-1.300151906674455	-2.6991274246514476
-1.3001519828319972	-2.6991269831149114
-1.3001520589945466	-2.6991265415687167
-1.300152135162104	-2.699126100012864
-1.3001522113346689	-2.6991256584473526
-1.300152287512242	-2.6991252168721833
-1.3001523636948233	-2.699124775287354
-1.3001524398824136	-2.699124333692866
-1.3001525160750125	-2.6991238920887186
-1.300152592272621	-2.6991234504749104
-1.3001526684752385	-2.699123008851443
-1.3001527446828658	-2.699122567218314
-1.3001528208955033	-2.699122125575525
-1.300152897113151	-2.699121683923075
-1.30015297333581	-2.699121242260964
-1.3001530495634794	-2.699120800589191
-1.3001531257961605	-2.6991203589077566
-1.3001532020338522	-2.6991199172166604
-1.3001532782765566	-2.699119475515902
-1.3001533545242725	-2.6991190338054807
-1.3001534307770009	-2.6991185920853975
-1.300153507034742	-2.6991181503556505
-1.300153583297496	-2.6991177086162406
-1.300153659565263	-2.6991172668671677
-1.3001537358380435	-2.69911682510843
-1.3001538121158378	-2.699116383340029
-1.3001538883986468	-2.699115941561963
-1.3001539646864693	-2.699115499774233
-1.3001540409793069	-2.699115057976838
-1.3001541172771591	-2.699114616169778
-1.3001541935800267	-2.699114174353053
-1.3001542698879098	-2.699113732526662
-1.3001543462008087	-2.6991132906906055
-1.3001544225187232	-2.6991128488448832
-1.3001544988416542	-2.6991124069894936
-1.3001545751696024	-2.6991119651244375
-1.300154651502567	-2.6991115232497154
-1.300154727840549	-2.699111081365325
-1.3001548041835482	-2.6991106394712676
-1.3001548805315657	-2.6991101975675433
-1.300154956884601	-2.69910975565415
-1.3001550332426544	-2.699109313731089
-1.3001551096057267	-2.6991088717983596
-1.3001551859738179	-2.6991084298559613
-1.300155262346928	-2.6991079879038944
-1.3001553387250577	-2.6991075459421587
-1.3001554151082073	-2.699107103970753
-1.300155491496377	-2.6991066619896773
-1.3001555678895664	-2.699106219998932
-1.3001556442877769	-2.6991057779985157
-1.3001557206910084	-2.6991053359884294
-1.3001557970992608	-2.699104893968672
-1.3001558735125347	-2.6991044519392444
-1.3001559499308306	-2.699104009900145
-1.300156026354148	-2.6991035678513735
-1.300156102782488	-2.699103125792931
-1.3001561792158507	-2.699102683724816
-1.300156255654236	-2.699102241647029
-1.3001563320976448	-2.699101799559569
-1.3001564085460764	-2.699101357462437
-1.3001564849995324	-2.699100915355632
-1.3001565614580124	-2.6991004732391524
-1.3001566379215164	-2.6991000311130002
-1.3001567143900448	-2.6990995889771736
-1.3001567908635985	-2.6990991468316734
-1.3001568673421773	-2.6990987046764983
-1.3001569438257814	-2.699098262511649
-1.3001570203144113	-2.6990978203371245
-1.300157096808067	-2.699097378152925
-1.3001571733067492	-2.6990969359590498
-1.3001572498104583	-2.699096493755499
-1.300157326319194	-2.699096051542272
-1.3001574028329568	-2.699095609319369
-1.300157479351747	-2.6990951670867895
-1.300157555875565	-2.6990947248445334
-1.300157632404411	-2.6990942825926
-1.3001577089382854	-2.69909384033099
-1.3001577854771884	-2.6990933980597025
-1.3001578620211203	-2.699092955778737
-1.3001579385700814	-2.699092513488093
-1.3001580151240715	-2.699092071187771
-1.3001580916830917	-2.6990916288777704
-1.3001581682471415	-2.699091186558091
-1.3001582448162217	-2.6990907442287324
-1.300158321390333	-2.699090301889694
-1.3001583979694746	-2.699089859540977
-1.300190898971759	-2.6990885979891326
-1.3002733830155366	-2.6990919625178322
-1.300402846697759	-2.699098917008299
-1.3005589895570109	-2.6991105971132523
-1.3006150003476906	-2.6991195456056816
-1.300663674365988	-2.699128291938547
-1.3006886771562136	-2.699135566324468
-1.3007120366800415	-2.699143125836007
-1.3006932529464215	-2.6991449712981224
-1.3006715751918947	-2.699145917717766
-1.3006497562267263	-2.6991464484688827
-1.3005755518834967	-2.699135531764717
-1.3004973873885088	-2.699122145091827
-1.3004111830821283	-2.6991051290065298
-1.3003246111952136	-2.699086196761383
-1.3001749961269795	-2.6990466822104002
-1.2999791894070296	-2.6989893785349035
-1.2997384654404467	-2.6989124570826446
-1.2994959472787935	-2.6988295117971832
-1.2991777714341903	-2.6987111938024877
-1.298830767094815	-2.698575006923209
-1.2984882489360055	-2.6984318190220002
-1.298083648572734	-2.6982519652012975
-1.2977333936452875	-2.6980898548170913
-1.2973882067724867	-2.697918859837049
-1.2969391525260994	-2.6976839217810427
-1.2964015784279725	-2.697388190937107
-1.2957783185369096	-2.6970321105847304
-1.2950543838360413	-2.6966058910491473
-1.2942129708351522	-2.696101139106959
-1.2932563837924136	-2.695512118887026
-1.2921667682085425	-2.694825889113911
-1.2909214643141826	-2.694027977876074
-1.289500484851616	-2.693100615261195
-1.2878849447105627	-2.692026672336008
-1.2860592363934096	-2.6907900290695523
-1.2840127021452683	-2.6893769760299
-1.2817414056423015	-2.6877779796641863
-1.2792497093630397	-2.6859898701460763
-1.2765520807158786	-2.6840181897616273
-1.2736734007562214	-2.6818800710645263
-1.2706484267084825	-2.679605187332586
-1.2675258096075288	-2.677219739460543
-1.2643014836599378	-2.674748090699644
-1.2609708634370431	-2.67218762205213
-1.2575418183299119	-2.6695353350452513
-1.254024462479892	-2.6667999604924804
-1.2504225106212972	-2.6639690580856743
-1.246718113528831	-2.661007591484957
-1.2428983469671304	-2.6578895019329973
-1.2389610252269883	-2.654599922506324
-1.2349138180575594	-2.6511359848203875
-1.2307740855496991	-2.647504562785589
-1.2265501691548464	-2.6437286584491098
-1.222217159109981	-2.639806329048239
-1.2177377133570895	-2.635718321064699
-1.2130858177922115	-2.631452088467609
-1.2082500904579923	-2.627000078815762
-1.203236004125557	-2.622366375014385
-1.1981055559103768	-2.6175980764075457
-1.1928860559103454	-2.6126961360813805
-1.1876071804597654	-2.607664296285287
-1.1823196886109715	-2.6025248446031544
-1.1770498995650853	-2.597295101871237
-1.1718053816300553	-2.5919714580368023
-1.1665898391863259	-2.5865584764729235
-1.161385107950226	-2.581082059638594
-1.156123080728476	-2.5755050162983597
-1.1507407457929237	-2.569785275919797
-1.145265372507079	-2.5639708584906247
-1.139778567439914	-2.558144451727096
-1.1342894253835512	-2.552314939197901
-1.1288000510574587	-2.546484055217521
-1.123326151618891	-2.5406724298465617
-1.117875053865464	-2.534928663283231
-1.1124449965477892	-2.5292751109104987
-1.1069581140541547	-2.5236443655374905
-1.101376857985823	-2.518014007511712
-1.0957252657773302	-2.5124184881707587
-1.0900267951664726	-2.5068796090350753
-1.0842755666791295	-2.501381391713782
-1.0784338227249834	-2.495870713993849
-1.072553198898175	-2.490383564464836
-1.0666429721580286	-2.4849333487151184
-1.060657167343324	-2.4795189326668705
-1.0546010986464835	-2.474150396053653
-1.048494090878617	-2.4688328820493024
-1.0423573490809785	-2.463587315576674
-1.0361794749733106	-2.4583938996749897
-1.029962605012213	-2.4532512634496535
-1.0237053499512414	-2.448156765215833
-1.0174189888891367	-2.443118599777984
-1.0111654597954078	-2.438184363906161
-1.004981995339636	-2.4333583194219033
-0.998889089535163	-2.4286248565764037
-0.9928740278428947	-2.423932132982853
-0.986929493107535	-2.4192294713497886
-0.9809707823785381	-2.4144064074665903
-0.9749564104887097	-2.409399679499547
-0.9689808841012338	-2.40427151277185
-0.9630841446852948	-2.3990562255247023
-0.957284820527986	-2.3937692954175276
-0.9515716993177314	-2.3884112168840264
-0.9459202230703471	-2.3829619170572522
-0.9402821654356428	-2.3773991138847967
-0.9346445635967451	-2.3717417003820946
-0.928992211561388	-2.366019614826143
-0.9233296351465876	-2.3602917303831483
-0.9176601818451399	-2.354600344180017
-0.9119669377494828	-2.348926520775857
-0.9062614956093944	-2.3432769733504637
-0.90054626437822	-2.3376399428907506
-0.8948522088756745	-2.3320533119366624
-0.8892151648624145	-2.3265804615393777
-0.8836121292360068	-2.321231815131489
-0.8779454227802136	-2.315938130781434
-0.8721209546956467	-2.3106351111678336
-0.8661188703439751	-2.3053202015165515
-0.8599982683667785	-2.3000722856223152
-0.8537940917181593	-2.2949224741445198
-0.8474742556043245	-2.289841551745032
-0.8410644622142034	-2.2848411721945068
-0.8345816800209727	-2.2799316295932726
-0.828020398465816	-2.275103206362244
-0.8213551727349835	-2.270315452188523
-0.8145707069525245	-2.265522863342605
-0.8077284357464084	-2.2607318193674697
-0.8009754716537391	-2.2560167715703767
-0.7943753548438693	-2.2514020284642573
-0.7878405597153475	-2.246814081576369
-0.7813097719743191	-2.2422140464048987
-0.7747860649901765	-2.2376020445652633
-0.7682756266075245	-2.23299490192976
-0.7618833905603764	-2.22845762640763
-0.7557235868572162	-2.224069184469343
-0.749789098469382	-2.2198187250664665
-0.7439901759733617	-2.215638527101093
-0.7383182264760101	-2.2115129820716937
-0.7327184531261254	-2.207398928563054
-0.7271915803043822	-2.2032898101060114
-0.7217354892082344	-2.199186918556457
-0.7163556238282784	-2.195088181558352
-0.7110458734093839	-2.190981069710335
-0.7057467372223512	-2.1868243153329696
-0.7003985374018835	-2.1825879512905675
-0.6951484147729282	-2.1784014545536343
-0.6900880086992631	-2.174332903612304
-0.6852585090261217	-2.1703881920383736
-0.6806851757178142	-2.1665811933313526
-0.6763886488158605	-2.162925074963512
-0.6723816602965794	-2.1594332334522934
-0.6686658266857515	-2.1561146281258976
-0.6652317215223138	-2.152973401693522
-0.6618665519125625	-2.1498242129525735
-0.6583950554420537	-2.146510513530858
-0.654804090149133	-2.1430116303292177
-0.6511246029070108	-2.139342807079587
-0.6474025702271785	-2.135519589683369
-0.6436874241007724	-2.1315675177358275
-0.6400115755103042	-2.12751636501348
-0.6363364087355067	-2.12332873192237
-0.6326355428076812	-2.1189809918548757
-0.6288956348108001	-2.1144621296337225
-0.6251075270564106	-2.1097941001959195
-0.6212794480304037	-2.1050129056654385
-0.6173725448105323	-2.1001095606279208
-0.613360701361326	-2.0950700523464
-0.6092664111661389	-2.089941911932666
-0.6051251482830614	-2.0847749321992417
-0.6009703784402901	-2.079609163584121
-0.5967748864694076	-2.074424951445501
-0.5924995671313148	-2.0691827741039885
-0.5881081225342416	-2.063851531870044
-0.5835671043213894	-2.0584119486276964
-0.5788498645753275	-2.0528588862790773
-0.5739373797118227	-2.0472009089215466
-0.5688215891716002	-2.041464551117088
-0.5635097836145629	-2.0356907195545593
-0.5580409740519858	-2.029926166491745
-0.5525082992842362	-2.0241918729473074
-0.5469365824266726	-2.018492455635521
-0.5412350401878304	-2.0128367058177465
-0.5353171450945078	-2.0072523942081095
-0.5292370563350809	-2.001877334783925
-0.5231104293699516	-1.9967115466350063
-0.5169033536042382	-1.9915787365915436
-0.5106273542816393	-1.9864811792546013
-0.5043005668881435	-1.9814402799559387
-0.4979189479830182	-1.9764549622810765
-0.49148488188204864	-1.971532878129068
-0.4850046993778815	-1.966677707521767
-0.47848624339886003	-1.9618868578367228
-0.47193667435322584	-1.957170471524993
-0.46539518137072994	-1.9525549645203382
-0.4589394431745977	-1.9480873604521594
-0.45263539719953666	-1.9437861168074195
-0.44653558386429204	-1.9396713964721444
-0.44068246928977983	-1.9357565821304394
-0.4351066979848536	-1.9320507525729764
-0.4298283834206111	-1.928559171110882
-0.42485879658493153	-1.9252840668885924
-0.4202025159721125	-1.9222251168019078
-0.4158587926972367	-1.9193804806047399
-0.41182346732910474	-1.916747183431121
-0.40809036080820105	-1.9143216190022476
-0.4046524738211295	-1.9120999253185675
-0.4015029951480782	-1.91007831458159
-0.39863660396751943	-1.9082530698016409
-0.39605716386408535	-1.9066262432660863
-0.39376848812428705	-1.9051992984581483
-0.3917750656811457	-1.9039716390742827
-0.3900309876049262	-1.9029110362392783
-0.38847917913536095	-1.90197616660784
-0.38713523503844655	-1.9011692702006437
-0.38599675095563596	-1.9004844257939184
-0.38506844310828614	-1.8999217998773847
-0.38435150450176886	-1.8994813279702498
-0.3838361244184747	-1.89915960701577
-0.38352055636972465	-1.8989592247605966
-0.38340419330944264	-1.8988861414948763
-0.38347853533836124	-1.8989432221196798
-0.38361506320119604	-1.899047341794828
-0.38370888814660237	-1.8991224063786736
-0.38369974194644185	-1.8991177722370898
-0.3837209201612206	-1.899136846500563
-0.3837972016068774	-1.899201801942388
-0.38387459007380903	-1.899269345800736
-0.3839505606337396	-1.899337233962752
-0.38402547430803546	-1.8994058380399848
-0.3840981351513793	-1.8994739519073243
-0.3841703198504198	-1.8995431866356065
-0.3842407579918731	-1.8996123276176673
-0.38426519729051306	-1.8996381880939495
-0.3842029374201728	-1.8995785678548849
-0.3840684052057063	-1.8994474947702107
-0.38385529627795967	-1.8992409284971192
-0.3835555352404584	-1.8989524648270735
-0.38318789196740843	-1.8986050899479472
-0.382877294577103	-1.8983196086870084
-0.38264581204822057	-1.8981117510960879
-0.38248893859471	-1.8979741916678303
-0.3823458844082685	-1.8978517487260727
-0.3822001694689437	-1.8977318584934624
-0.3820381366744759	-1.8976039236558158
-0.38187202281344473	-1.8974779878147665
-0.3817033064743042	-1.8973551541854905
-0.38153205744027474	-1.8972355316442728
-0.38135857846301563	-1.897119313906311
-0.38118286232241144	-1.897006485906617
-0.3810048594750091	-1.896897026245446
-0.38082493405352685	-1.8967911459927718
-0.3806429886487408	-1.8966888360305045
-0.3803075275793538	-1.8965158501404678
-0.37969127826196264	-1.8962127461237348
-0.3788414552020302	-1.8958156728539444
-0.37777766680990027	-1.8953404784007994
-0.37651448546049726	-1.8947991831486604
-0.3750712634237218	-1.894204404547545
-0.373473384231178	-1.893568320986658
-0.37175522208482276	-1.8928964385437632
-0.36994022764755186	-1.892202198718902
-0.36802252551525927	-1.89147823231132
-0.36598920232147336	-1.8907174513664815
-0.36383264842532426	-1.8899091318569583
-0.36155313559532504	-1.8890621385906223
-0.3591448887690673	-1.8881784562051234
-0.3565887535401772	-1.8872593859353075
-0.35383030653133196	-1.8862926213316584
-0.350828615632274	-1.88527390049014
-0.347555608663854	-1.8842010839417942
-0.34399723654280023	-1.8830764293612492
-0.34015616050353065	-1.8819059906713982
-0.3360533205162347	-1.8806992078403184
-0.33172878149847584	-1.8794687431547306
-0.3272406427601655	-1.8782308279251017
-0.32266133581139367	-1.8770063952293687
-0.3180619915570632	-1.8758046621809557
-0.31343782088482114	-1.8745989049285565
-0.30870954247327365	-1.873407429993913
-0.3038179683975755	-1.8722049344820348
-0.2987102115088147	-1.8709765472483084
-0.29334482395164696	-1.8697112105540754
-0.28769461646962474	-1.8684015128347775
-0.2817487719370613	-1.867044670156287
-0.27557795949506536	-1.8656555473210161
-0.26928225609722145	-1.8642495871227407
-0.2629059390361355	-1.8628282262308145
-0.2565076663298416	-1.8613924435767066
-0.25009228286992663	-1.8599456209028484
-0.24362054979040668	-1.8584777941903914
-0.23705518616080026	-1.8569709173901645
-0.23038004017917366	-1.855404933006266
-0.22360150700458817	-1.8537655113303333
-0.21668667163529232	-1.8520179645317654
-0.20961311203918878	-1.8501338502459985
-0.2023716388070665	-1.8480909556230016
-0.19497500293695055	-1.8458785620184122
-0.18748704589934062	-1.8435096235920612
-0.18002214787091428	-1.8410191256051363
-0.17261558490323597	-1.8384151442353152
-0.16522988116024326	-1.8356951754576059
-0.15787644833126405	-1.8328732125395428
-0.15054683315148407	-1.8299485821979793
-0.14325184127947418	-1.8269350308723125
-0.13605141518993738	-1.8238547723684995
-0.12888158644591982	-1.820702485383071
-0.12170321375002865	-1.8174595449288187
-0.11459183517553283	-1.8141583005430242
-0.1075056119148214	-1.8107807208580393
-0.10042204538322042	-1.807326286018931
-0.09331264266437365	-1.8037900913821074
-0.08622346844469167	-1.8002042947412629
-0.07915770278908336	-1.7965814301873089
-0.072264270442509	-1.7929987006621853
-0.06566763845387656	-1.7895181610323776
-0.059117293261885286	-1.786008700537273
-0.05243503265317593	-1.7823680756974791
-0.04563640551526903	-1.7785848675016298
-0.038772371486685456	-1.7746686275289592
-0.03192911486068967	-1.7706735093726165
-0.025128769079647117	-1.7666121603303422
-0.01840727781927983	-1.7625103689218282
-0.011736912428368693	-1.7583591244401664
-0.005148731824754164	-1.7541634716502719
0.0013046839829167294	-1.7499507914321788
0.007750914649578612	-1.7456448753241522
0.014240426033377794	-1.741218128133282
0.02072485988180993	-1.7366974636120454
0.02718084199801608	-1.7321087025526236
0.03360752719020396	-1.7274615106514852
0.040001397921211906	-1.7227609724195716
0.046369097853438415	-1.7180053137675488
0.052708034587172395	-1.7132033027396578
0.05902372439114525	-1.7083539108357575
0.06531675163578776	-1.7034720141207953
0.07157883670945198	-1.6985722399857013
0.07779610996864926	-1.693669434630632
0.08397690937193934	-1.6887089047318529
0.09015447192161201	-1.6837060933372665
0.09632076789938222	-1.6786760901789015
0.10247445360265657	-1.6736215231691003
0.10861731835578664	-1.668542996783003
0.11475633223745087	-1.6634406407835072
0.12073888198522277	-1.6584488068253187
0.12643984331713493	-1.65367271799222
0.13208049750598705	-1.64893078348489
0.13783493678642936	-1.6440854542178336
0.1436273557086564	-1.6392015651451644
0.14942984033777873	-1.6342919059316257
0.15521571318810312	-1.6293681705384955
0.16099553554397147	-1.6244196464948342
0.16682940105762864	-1.6193953206110265
0.17274682383674778	-1.614255165342253
0.17867135324822717	-1.6090617416715152
0.18456981658596824	-1.6038850806208071
0.19060382138807852	-1.5986355813361943
0.19670681797938738	-1.5933836850129022
0.20278188146301399	-1.5882022969147855
0.20887571128870985	-1.5830241862480403
0.21499145168582573	-1.5778382808008553
0.22110739459109918	-1.5726581893570994
0.22723018806532833	-1.5674796181063306
0.23335096134896677	-1.5623163434985716
0.2394571849847638	-1.5571662679787723
0.24550466832218432	-1.5520716181599603
0.25150158075791657	-1.5470341781861243
0.2575377759252447	-1.542019297971985
0.2637570185284018	-1.536940644413277
0.2700639253502213	-1.53188531539387
0.27640491623946895	-1.5268920002736923
0.2827840879307759	-1.5219435143698747
0.2891963401277474	-1.5170424557401947
0.29564192404026074	-1.5121832553748553
0.3020485788318031	-1.507419040669767
0.3083876303714004	-1.5027732381287566
0.31469349826305365	-1.4982009622749328
0.32096296690673226	-1.4937247662712108
0.3271538582654073	-1.4893936506171352
0.3331960746831485	-1.485217471307444
0.339043031921005	-1.4812198932869147
0.34465583970828834	-1.4774169249797375
0.3500047859168057	-1.4738197578794592
0.3550682856941768	-1.4704353790739377
0.3598313674465221	-1.4672673581289266
0.3642860127393527	-1.4643167543228992
0.3684291047977898	-1.4615810898996973
0.3722616961579397	-1.459057395215839
0.37578745282435083	-1.4567411652805489
0.379012311891882	-1.4546274604791076
0.38196797979568803	-1.4526964201461496
0.3847455012762702	-1.4508920538176173
0.387361617181061	-1.4492127043211107
0.3898263454488563	-1.4476589692467663
0.3923208481488657	-1.4461238541196932
0.395008558221143	-1.444509617998997
0.3978735826614027	-1.442826069101201
0.40089226717876014	-1.4410826559629322
0.4040320533889085	-1.4392821050396791
0.4072925329494946	-1.4374230788324993
0.4106916268584681	-1.4354803623454129
0.41424618744682523	-1.433436635007423
0.4179681002095723	-1.431279242037109
0.4218596417898484	-1.4289995543645873
0.4259260785342827	-1.42659953310943
0.43016389869848315	-1.4240903681316277
0.4345535924546903	-1.4214966982766764
0.4390955390580222	-1.4188376290223912
0.443762213491248	-1.4161460226885771
0.4483574756133398	-1.413538186290089
0.4527714034703922	-1.4110747632246632
0.45700867970649867	-1.4087479978046993
0.46108170554674166	-1.4065540095218891
0.4650062311188215	-1.404486661518716
0.4687984010179362	-1.4025415771958174
0.4725737866574386	-1.4006705133438961
0.4764553883203124	-1.3988037895950525
0.480498363347943	-1.396906267731789
0.4847346544106722	-1.3949597915017207
0.48918849339715165	-1.3929513411431194
0.49380086222830366	-1.390909828835221
0.4985420416539339	-1.3888634989011046
0.5034548061572112	-1.386815561746107
0.5085419323308729	-1.3847859531698266
0.5138324812521388	-1.3827851937731133
0.5192480183999264	-1.3808400167069155
0.5247730242830353	-1.37894350327033
0.5303302928548329	-1.3771223043155347
0.5359130245524714	-1.3753685237353592
0.5415449330632436	-1.373667741647757
0.54725614416221	-1.3720308612322973
0.553063680462171	-1.3704302216886088
0.5590215823915926	-1.3688367672490693
0.5651651626936292	-1.3672308656520846
0.5712305418638101	-1.3656666741816363
0.5769747480696176	-1.3642103460779818
0.5826070148134521	-1.3628060758783236
0.5883900555837508	-1.361387497687559
0.59437603439575	-1.3599424749321083
0.6004570608681769	-1.3584929564608876
0.6065765258352823	-1.357039336185309
0.6127102266785196	-1.3555948609795447
0.6188970753985351	-1.3541474628698602
0.6251790954091918	-1.3526803847098883
0.6315862114032441	-1.3511753119246135
0.6381371586018801	-1.3496099601741065
0.6448238706999383	-1.3479681941151973
0.6516180543094672	-1.3462347217825523
0.6585317750581411	-1.3443807949439268
0.6655638149629141	-1.342386149582288
0.6726930332399427	-1.3402505238694242
0.6798260679318548	-1.337993004031646
0.6869386805236015	-1.3356149131854247
0.6940730638525258	-1.3331043127830122
0.7012640099836285	-1.3304368897592174
0.7085209313156384	-1.327589397839143
0.7157462310844493	-1.324586146224474
0.7229147874630771	-1.321438186115415
0.7300238606112046	-1.3181462879208048
0.7370698522261317	-1.3147116148586342
0.7440481192357834	-1.3111381418500634
0.7509629655948671	-1.3074577079268108
0.7578399236775186	-1.3037394512646128
0.7646740011045636	-1.3000020337640192
0.7714517775209097	-1.2961758490125914
0.7781631903970344	-1.2921832314381936
0.7847489296032606	-1.2879796608403884
0.7911746897226181	-1.2835316727926476
0.7974766045166061	-1.2789014489253612
0.8036912455207352	-1.2741474483193507
0.809816388898388	-1.269267972268379
0.8158480660095071	-1.2642679175955
0.8217824731459787	-1.259151942831647
0.8276185428434373	-1.253918490724833
0.8333514880581958	-1.2485790326643151
0.8389940002479506	-1.2431330620314616
0.8445433748399702	-1.237583171579599
0.8499977825072104	-1.231938973308788
0.8553497242521035	-1.2262044555541003
0.8605699884976664	-1.2204079170319135
0.865675585061202	-1.2145396595649212
0.8707229145997576	-1.2085521314697099
0.8756989761800359	-1.2024612559045982
0.8805206287196241	-1.196368157495747
0.8852593152623789	-1.1901943656418807
0.889992859684038	-1.1838604844522813
0.8946916951235684	-1.1774433970693294
0.8993406699769425	-1.1710029920082392
0.903946990938691	-1.1645442618576316
0.9085170318026149	-1.1580413780093817
0.9130518439614456	-1.1515064996342608
0.917552888058858	-1.144939197483318
0.922021687176817	-1.138349814140524
0.9264344050710956	-1.1317686447571302
0.9307549588599084	-1.1252556774945823
0.9349910298429515	-1.1188165245409127
0.93915583360624	-1.1124000097308284
0.9432638166402981	-1.1059499090474194
0.94733917005923	-1.0994297888892308
0.9514128179228705	-1.0928067887099258
0.9555013353975413	-1.0860489352499683
0.9595553202315491	-1.0792293831641209
0.9635673449158195	-1.0723732596308058
0.9675361182737572	-1.065487894968921
0.97138045010867	-1.0587157401902159
0.9750505010363061	-1.052164876926228
0.9786804599519975	-1.0456176377609776
0.9823284621285816	-1.038950577720708
0.9859501663125647	-1.0322151686467127
0.989533983066674	-1.02543482969423
0.9930989495235857	-1.0185899791232906
0.9966901632585607	-1.0116434363746942
1.0003338842016813	-1.004564804419543
1.0039409710363953	-0.9975161913032289
1.0074535868884837	-0.9905373351742905
1.0108559214330903	-0.9835560567023469
1.0141799235034015	-0.9764395892304989
1.0174015348541066	-0.969251923337397
1.0205270855623363	-0.9620034402916315
1.0235622498361596	-0.954705494888035
1.0265059870277018	-0.9473748444037184
1.029374824124916	-0.9400196661888182
1.0321873427694668	-0.932681314400775
1.034896675834602	-0.9253130016223935
1.037441147951689	-0.9179708242770925
1.0398945139196443	-0.9106722128850777
1.0423253504314018	-0.9032862349332111
1.0447782660578733	-0.8957391720257692
1.0472353050456453	-0.8881332848579445
1.0496830808544064	-0.8805334652280257
1.0521133031280863	-0.8729239343561407
1.0545259597835284	-0.8653079419664438
1.056920063238809	-0.8576845023151332
1.0592957800185514	-0.850059208647094
1.0616360689014506	-0.8424700778382332
1.0639407780217156	-0.8349018041903555
1.0662241981204301	-0.8272963650201657
1.0684690147974139	-0.8196528355224145
1.070642431819702	-0.8119927917134661
1.0727028517350061	-0.8043805425485305
1.0746761988331528	-0.7967354330054721
1.0765680550059769	-0.7890615151518027
1.0783824632726777	-0.781358033489061
1.0801000102062412	-0.7736974760778241
1.0817156768572154	-0.7660037865258721
1.083229031379589	-0.758268854793675
1.0846359272298782	-0.7505194628088971
1.085949956265176	-0.7427352339177731
1.0871723866680165	-0.7349323568348209
1.0883033603086842	-0.7271167149929846
1.08933851838445	-0.7193074232999431
1.0902797129197954	-0.7114951986333509
1.0911326122199585	-0.7036498125591768
1.0918992787086983	-0.6957863723367673
1.0925723296140122	-0.6880406702924241
1.0931348574582915	-0.6805262848173653
1.093582674670081	-0.6732634859153295
1.0939073643412929	-0.6662321646064714
1.0940916932463831	-0.6594424366790165
1.0941318166982572	-0.652935435102345
1.0940290230449694	-0.6467445225021397
1.0937917545564342	-0.6408948402239634
1.0934342973288365	-0.6354032770993973
1.0929735936306253	-0.6302739850075038
1.0924286884013026	-0.6254958707370536
1.0918211594767266	-0.6210782004846236
1.091169667229891	-0.6170130398605327
1.090491285533402	-0.6132894796563749
1.0898010174539448	-0.6098933424271054
1.0891123324505323	-0.6068107432507952
1.0884375942800635	-0.6040300258849525
1.087784554997344	-0.6015247969621588
1.0871477146131674	-0.5992285066028006
1.0865369413212156	-0.5971286751607696
1.0858992390106446	-0.5950185360025947
1.0851759566129524	-0.5927167089133988
1.08436701834612	-0.5902457791218155
1.0834743535244253	-0.5876363084380253
1.0825040348053045	-0.5849259371836757
1.081469861066713	-0.5821585425547543
1.0804060928678512	-0.5793778905200258
1.0793387239267953	-0.5766089319346527
1.078214777139824	-0.5738366586071455
1.076940570652635	-0.5710223211628549
1.0755320231683765	-0.5680828164454346
1.0739852587923167	-0.5649872996319661
1.0722715298287193	-0.5616944570243257
1.07037020266491	-0.5581825645872118
1.0682682047719807	-0.554446687426852
1.0659614628783476	-0.550500338548351
1.0634635636793321	-0.5463883176289921
1.0608420368691385	-0.5422298443323461
1.0581350497347248	-0.5380921513939828
1.0553528917741855	-0.534005070997036
1.0524760820279275	-0.5299237689460744
1.0494777464141367	-0.5258061131560842
1.0463364477662487	-0.5216218754269561
1.0430603223762516	-0.5173571251411665
1.039640340308819	-0.5129842848370882
1.0360691664249442	-0.5084753657486962
1.0323482342616355	-0.5038208415103561
1.0285115515142846	-0.4990574059927927
1.0246114320994533	-0.49423823158846847
1.0206822614347326	-0.4894171151638188
1.0167367754872498	-0.4845924915445639
1.0127413141027128	-0.4797221028754315
1.008670196614513	-0.47476108038820886
1.0045033659352163	-0.4696727331106307
1.0002329258036005	-0.4644262201576062
0.9958630858665067	-0.45900104730404845
0.9914095821405691	-0.4533914301880016
0.9869040244569781	-0.44760431637967474
0.9823880162466793	-0.4416650515023954
0.9779320878474315	-0.43567909684530165
0.9735657019093164	-0.42970476224837045
0.9692734918855076	-0.42370534521530845
0.9650580057074473	-0.4176185036025999
0.9608750725109616	-0.41141002681895184
0.9566985608906637	-0.40504203920887316
0.9525200067378969	-0.3984712785467575
0.9483456177068322	-0.39166858573558144
0.9442073898694527	-0.38464257933288837
0.9401938888417153	-0.3775183142251444
0.9363160246600389	-0.3703180270051057
0.9326313270975473	-0.36316146604981747
0.9291850514342783	-0.35613956311437756
0.9259568665039146	-0.34921634827370746
0.9229042995099791	-0.3423713013945766
0.9199784731335064	-0.3355883278171811
0.9171329447543773	-0.3288523974040813
0.9143449227856223	-0.3221554308217328
0.9116153806245575	-0.3155019988214158
0.9089685808482192	-0.3089036470592338
0.906432761292619	-0.30237751878959934
0.9040293148162739	-0.2959378540204842
0.9017729019122419	-0.2895963571834039
0.8996705333599175	-0.2833605156032834
0.8977209554828356	-0.2772335647269216
0.8959195559313058	-0.27121607207775844
0.8942613738383973	-0.26530827572726157
0.8927411122013356	-0.2595102346410793
0.8913553175068082	-0.2538236074499948
0.8901152942830202	-0.24826379925694664
0.889032812965526	-0.24284900483475716
0.8881167752416173	-0.23759705454355656
0.8873649650591732	-0.23251593672199752
0.8867745287909471	-0.22761439652729856
0.8863443057872235	-0.22290472830856242
0.8860770027446957	-0.21828074302460243
0.8859763573605604	-0.21369276335356532
0.886045492871462	-0.2091984798870332
0.8862925385528619	-0.20478834797698292
0.8867173143168129	-0.20050341752027634
0.8873329916040095	-0.19631597059623837
0.8881477370161442	-0.19222776542318104
0.8891521731005803	-0.18830298156268463
0.8903461131662977	-0.1845680125229637
0.8917278141968923	-0.1810483881807308
0.8932854958458878	-0.17775604097652029
0.8949549643104056	-0.1746687748255431
0.8966207657356956	-0.17174338510895484
0.8982643354702325	-0.1689817674083684
0.8998688326127453	-0.1663845555490548
0.9014236287841977	-0.1639558386553199
0.9029106102548692	-0.16170198175474398
0.904320520572032	-0.1596194796404902
0.9056407087271353	-0.15770980657466385
0.9068596416106942	-0.1559749494502795
0.9079685795742197	-0.1544143349768291
0.9089581908704685	-0.15303055194150503
0.9098212573643011	-0.1518251619368167
0.9105519438689912	-0.15080067043960105
0.9111449668869237	-0.14996189019572959
0.9115985980076065	-0.14931174672705458
0.9119079881406145	-0.14886102638101342
0.9120846737386161	-0.14859928001743236
0.9121345816138655	-0.1485284911516164
0.9120740639271003	-0.14863532078124014
0.9119941194563436	-0.14877932473279273
0.9119172251979547	-0.14892433011704206
0.9118444624406277	-0.14906786925486312
0.9117752604991761	-0.149210859892791
0.9117095297583142	-0.1493531397744753
0.9116462304402922	-0.14949686544589705
0.9116094094289512	-0.14958691889957607
0.9116177962833938	-0.1495715592331187
0.911665622557551	-0.1494623234318174
0.9117400685257532	-0.14928827730435398
0.9118187870995133	-0.14909748484242213
0.9118588279372758	-0.14900215354760832
0.911891814465896	-0.1489226893504172
0.9119212859337015	-0.14885327803910986
0.9119493640539958	-0.14878788958454955
0.9119774245380232	-0.14872344056442918
0.912071770891115	-0.1485205081676709
0.9122899176705527	-0.1480536126876879
0.9126270922338261	-0.14733609805475242
0.9130818163585265	-0.1463916994849057
0.9136521985645045	-0.14522857701825898
0.9143390429582853	-0.14385881649551735
0.9151405374230833	-0.14229833481463994
0.9160572245436299	-0.1405695653072927
0.9170885364609674	-0.13869766840746345
0.9182346245191524	-0.136701390656319
0.9194861081957099	-0.13460640901921198
0.9208435615289243	-0.13244571422515095
0.9222943507179576	-0.13022736805147178
0.923850466296876	-0.12797558611503707
0.9254980099781572	-0.1257037639055993
0.9272579893381697	-0.12338623378231625
0.9291583313216687	-0.12097917974318746
0.931223975046824	-0.11845122922452721
0.9334756157707409	-0.1157864295970094
0.9359216625329236	-0.11297908386923866
0.93857178168258	-0.11003294556317086
0.9414223819121383	-0.10696873688940306
0.9443212123544121	-0.10395629993354116
0.9471529034018688	-0.101101795576963
0.9498833655048012	-0.09840821425411667
0.952496981840091	-0.09587230143740257
0.9549936077072619	-0.09347597216290814
0.957347377470001	-0.09122481402636282
0.9595294713650564	-0.08914122685829921
0.9615353876839169	-0.08722303519831943
0.9633627640298592	-0.08546972148799789
0.9650714296038011	-0.08382218964170023
0.9666888155345583	-0.0822467277092063
0.9681780970421389	-0.08077489538593212
0.9695408131988483	-0.07940438121041304
0.9707774706039209	-0.07813400420347348
0.9718858182785701	-0.07696680018162887
0.9728717863437886	-0.07589849402499182
0.9737309803687636	-0.07493696815516769
0.9745114773969464	-0.0740339964134922
0.9753545743624679	-0.07302500871945099
0.9763317552370432	-0.07182309838164265
0.9774330814519019	-0.07042651200812804
0.9786463475189264	-0.06883718215410167
0.979955867364211	-0.06706051802143398
0.9813422771359308	-0.0651066729378321
0.9827819420825867	-0.06299134059642303
0.9842413249339159	-0.0607337980342879
0.98569416138562	-0.05836444979183056
0.9871253220621966	-0.05589162055290815
0.9885282789328441	-0.05331145395341193
0.9898970517361121	-0.05062858949361186
0.9912170196974103	-0.047846998658949105
0.9924969000332893	-0.04498167061403521
0.9937357339320767	-0.0420448863081328
0.9949376089873636	-0.03904915846915054
0.9960660625236816	-0.036115218636889504
0.9970768468165455	-0.03338478306317107
0.9979437577942654	-0.03094862456899658
0.9986908995358612	-0.0287527047282513
0.9993342127893154	-0.026759432074914803
0.9999529265818486	-0.02471253830547871
1.0006058342517854	-0.022398685199600987
1.0012892039212946	-0.019801077764646388
1.0019973598733833	-0.016906488158146514
1.0027235097921618	-0.013705929338580728
1.0034598080347494	-0.010196657850600296
1.004197614822241	-0.006384409780384392
1.0049279635093677	-0.0022857578811253353
1.005642244777403	0.0020696301248262273
1.0063331741995896	0.006637475914141625
1.0069936086418476	0.011356284460840957
1.0076198142715016	0.01615658674127138
1.008215804352516	0.021003583873065335
1.0087559363880443	0.025907655266432926
1.009274305520134	0.030930470019520984
1.0097629762788571	0.0361369472446369
1.0102237407208814	0.0415810090798833
1.010654912741013	0.047303889646968335
1.0110550092934347	0.053331500566532686
1.0114223914931546	0.059672041308924326
1.0117554506353166	0.06629144107012087
1.0120582083122824	0.07309294002109533
1.0123444772939456	0.08005555033687829
1.012623002632706	0.08712806337494083
1.0129019872394116	0.09424718685423279
1.0131609582946894	0.10136738368728682
1.0134273481270577	0.10853884888774831
1.013714547439064	0.11583859351201663
1.014028109300153	0.1233160509966747
1.0143668163233404	0.13082949440392697
1.0146953785793054	0.13817169915127298
1.0150002581494701	0.14548377958749892
1.0153083241317207	0.15298440573276534
1.0156433061449004	0.1607034522326175
1.0160202604076076	0.16860794916310948
1.0164528300491926	0.17663523197722233
1.0169364397658651	0.18469902559076978
1.0174693668351533	0.19274352656687205
1.0180509367777313	0.20077542046025496
1.0186815210216464	0.20871962097085933
1.0193506870730873	0.21660655563330564
1.020097206715708	0.22459041905615046
1.020929604610039	0.23262868365231287
1.0218353899700774	0.24064716768825511
1.0228078100630882	0.24866342863206917
1.02384544238898	0.2566696656441302
1.0249449301734874	0.26467057194048405
1.026106725322696	0.2726649657391662
1.0273231229076116	0.2806452590994696
1.0285834021523383	0.288526683230367
1.0298973794059072	0.29629010778049675
1.0312808967320257	0.3040528281190013
1.0327620869498497	0.3119111115810877
1.034341645224464	0.3197961594252471
1.0360003570275815	0.32760831020617914
1.0377486947724957	0.33542605900743255
1.0395784516809523	0.3432440549076732
1.0414796115336025	0.3510808832460594
1.043437879912838	0.3589048727684053
1.0454306491236738	0.3666485588739382
1.047454397940281	0.37435343926944015
1.0495100337737224	0.3821061265445512
1.0515729792767798	0.3898387334162864
1.053649647930976	0.3975763762824858
1.0557401932149262	0.405309144567368
1.0578433122273798	0.413039969260869
1.0599545824238918	0.4207620305168159
1.062075274893442	0.4284633559241746
1.064179422246758	0.43606154237305644
1.0662618781056927	0.443594066921414
1.0683712240673613	0.4511936927149688
1.070543744330649	0.4589209442753476
1.0727613201671056	0.46665817282592886
1.0750125854093133	0.47439988850372744
1.0772818909474886	0.48212244926426434
1.0795667513980791	0.489820082350414
1.0818635206879912	0.4974954638113347
1.0841789168539206	0.5051709494006741
1.0865096664358016	0.5128411123206832
1.0888234822640337	0.5204190328241118
1.0910753688441341	0.5278330072088695
1.093298763563505	0.5352395867986338
1.0955120826489289	0.542701042715442
1.0977346683364702	0.5503018564084663
1.099938555215645	0.557957528115407
1.1021109869469374	0.5656242472800578
1.1042542345331292	0.5733048817807689
1.1063689240029033	0.5809956192305447
1.1084507902215845	0.5886644236352699
1.1104992659175332	0.5962895640928532
1.112533459782178	0.6038630433181553
1.1146148495680686	0.6115162655522023
1.1167458640925783	0.6192237056446807
1.1188991145900429	0.6268657497000426
1.1210771939723927	0.6344849098876502
1.1232982472524493	0.6421528985308638
1.1255474275634263	0.6498457841026508
1.1278119640183517	0.6575390996116475
1.1300940977209406	0.6652327882767237
1.132381849549822	0.6728645840371023
1.1347103119894189	0.6804986328924647
1.1370954439109822	0.6881489084794599
1.139521860760077	0.6958089033818718
1.141975168273623	0.7034487356712896
1.1444519890273284	0.7110840355392898
1.1469489426937904	0.7187083810626339
1.1494675017467193	0.7263195541100298
1.1520059159918519	0.7339012689358869
1.1545753609801457	0.7414947599818802
1.1571404404453367	0.7490096037524439
1.1597080528675914	0.7564880028150316
1.1622842968325704	0.7640173134332997
1.164848514130593	0.7715743785505879
1.167398513685598	0.7791428029438497
1.1699340858025673	0.7866980669550602
1.1724605171198808	0.794272195882352
1.1749761212112995	0.8018504498662705
1.177482437784354	0.8094346796697027
1.1799779974559697	0.817020354492812
1.1824842494969305	0.824662551727283
1.1850077574906093	0.8323206242437844
1.1875428122376737	0.8399312015982551
1.1901024389882227	0.8475410428679259
1.1926809993305705	0.855135863725535
1.1952702036446152	0.8627215256467685
1.1978676258741814	0.8703032556913066
1.2004742818907654	0.8778824904777928
1.2030880641028556	0.8854422090649041
1.2057124369015513	0.8930052849093758
1.2083457809603393	0.9005668501118016
1.2109630799045048	0.9080738850105667
1.21354919051472	0.915549964072247
1.216105281206242	0.923038607736034
1.2186528079174699	0.9305657962267211
1.2211899988118686	0.9381245248890003
1.2237101128615548	0.9456964289690032
1.226213534188179	0.9532753106725682
1.2287004053308117	0.9608644011706301
1.2311715134865657	0.9684584025572471
1.233627467762037	0.9760842752813522
1.2360512200537273	0.9836828676015268
1.2384479222566802	0.9912770237627001
1.2408246288638713	0.9988877795148033
1.2431825168315038	1.0065072973200604
1.2455182667077291	1.014126907769336
1.247833622383527	1.02174515081502
1.2501369609956048	1.0293677333467919
1.2524305830298246	1.0370126156112607
1.2547101138420038	1.0446636055617573
1.2569796342927417	1.0523158956112835
1.2592692289211302	1.0599959390348879
1.2615799064857354	1.0676816730302932
1.2639021233915233	1.0753598658879775
1.2662409981399707	1.083020198732704
1.2685898752282383	1.0906693792054967
1.2709453182181298	1.0983194805653462
1.273307293263034	1.1059682145477192
1.2756722964882499	1.1136133767786118
1.2780400829422707	1.1212334555038632
1.2804308929670085	1.1288780517068828
1.2828603230177698	1.1365274627029758
1.2853187099700616	1.1441687097789555
1.2877996907000548	1.1518041275296487
1.290303667968861	1.159435282866228
1.292826424862402	1.1670579359188176
1.2953656977223977	1.174663095284321
1.2979223701655211	1.1822560426235373
1.3004966139620855	1.189844210313108
1.3030876090601442	1.1974315999767022
1.3056824499672064	1.2049846115294043
1.308266821962244	1.2124950287542904
1.3108454451079186	1.2199960958807803
1.3134310411030314	1.2275064360665815
1.3160311701912983	1.2350486684984172
1.3186343471866289	1.2426103172610263
1.321234974575289	1.2501748485583009
1.3238322724352127	1.2577425367998827
1.3264222096077267	1.2653128362503017
1.3290087389107001	1.2728784558105515
1.3315822520460674	1.2804263887853158
1.3341315952605166	1.2879574020511806
1.3366570639920656	1.2955135659334345
1.3391553750950014	1.303078018776424
1.3416321896620633	1.3106649715005612
1.3440858084777996	1.3182383891883964
1.3465249417080298	1.3258172168919928
1.348952638427363	1.3334176717994548
1.3513637314450877	1.3410261173001687
1.3537600157898804	1.3486441707176169
1.356139519796498	1.3562820593813503
1.3584767647370442	1.3639110494638966
1.3607769820002935	1.3715432969495203
1.3630403506835793	1.3791670158956075
1.3652738110264475	1.386806465867363
1.3674818095065615	1.3944618053628244
1.3696633503418707	1.4021222836481118
1.3718190247176576	1.4097978578319053
1.37395027128702	1.41745974192637
1.3760650537407533	1.4251448323632494
1.3781514259096297	1.4328128370467608
1.3802251019968013	1.4405068585327876
1.3823187337582352	1.4482469453691413
1.384425113607968	1.455986433022473
1.3865411586102443	1.4637197822079082
1.3886487225528814	1.4714378087327733
1.3907565808973126	1.4791413166745875
1.3928694088114144	1.4868609584534096
1.3949845126187883	1.4945744993526568
1.3971000984338053	1.5022866542664577
1.399236086665007	1.5100599405117376
1.4013863403948956	1.5177941306215021
1.403510040934283	1.5254082317894357
1.4055849014623287	1.5329179132905524
1.4076142468498665	1.540457186291981
1.4096035060459673	1.5481140564003628
1.4115286283728703	1.5558098818820145
1.4133948823413052	1.5635272770602289
1.4152025745605845	1.571257223416122
1.416949223871444	1.5790043590604934
1.4186321299021927	1.5867316655012562
1.4202693337564942	1.5944868758227906
1.4218724953228348	1.6022768941741983
1.4234371985223147	1.6100403571974893
1.424974670063916	1.617836959544657
1.4264806467342965	1.625649222873883
1.4279553428633613	1.6334724318335816
1.4293995392573655	1.6413056933323542
1.4308138805372026	1.6491507077503667
1.432199498995063	1.6570046566409657
1.4335572494191344	1.6648686784472764
1.4348877330959828	1.6727366344090335
1.4361881613933685	1.6806080921272601
1.4374567522868003	1.6884659192151594
1.4386987368622453	1.6963308849915508
1.4399089975601649	1.7041833502635835
1.4410973638640385	1.7120297159564901
1.4422668499868063	1.7199060990982757
1.443412617336689	1.7277897880992947
1.444536238504021	1.7356819383832207
1.4456383217965718	1.743581757227523
1.4467200394752182	1.751491009291102
1.4477826160888305	1.7594066000608446
1.4488264313630528	1.7673291830487792
1.4498518255208734	1.7752549179151849
1.450858809197429	1.783183008052897
1.4518430462949383	1.791106922962404
1.4528065013928977	1.7990108416489456
1.4537481502445198	1.8069026595265287
1.4546764449087919	1.8148030400489723
1.4555828727771651	1.8226985672971001
1.456457523660002	1.83060755771177
1.4573016646030834	1.8385248358605737
1.4581168421346673	1.8464529900663165
1.4589064326384262	1.8543910233724685
1.4596712748384169	1.8623346955752502
1.4604114233754757	1.870285691499664
1.4611282724518913	1.8782413555697277
1.461821955391753	1.8861976784760592
1.4624913167887548	1.8941543180959968
1.4631346217173622	1.9020944935881787
1.463754432759542	1.9100415747345514
1.4643810542740117	1.918005857048689
1.4650165198807703	1.9259801563607004
1.4656606487387582	1.9339574477761672
1.466310016085871	1.9419294750606662
1.4669596196457848	1.9499051296400207
1.467609925842757	1.9578847330707652
1.468261835648246	1.9658700413031325
1.4689169105226425	1.9738584500534788
1.4695711545230212	1.9818421500510262
1.4702139410785968	1.9898174664814199
1.4708433500104332	1.9977919858747641
1.4714576579415484	2.005747962680972
1.4720618298288854	2.0136938235824093
1.4726602771533488	2.0216500191434634
1.4732496402720492	2.029608243848254
1.4738310049624017	2.037571166014466
1.4744043233179398	2.0455392751335086
1.4749700886986754	2.0535123401976496
1.4755286559424878	2.0614903474165494
1.476080373280106	2.0694729315586406
1.4766256183366138	2.0774593701700406
1.4771652487602398	2.0854487419499357
1.4776986393511768	2.09343726029858
1.4782240094116277	2.1014217269984203
1.4787354709063116	2.1093780261990815
1.4792418847761455	2.117324170687682
1.4797430034240764	2.125288686054411
1.480236926450952	2.1332554593580726
1.4807207966090818	2.1412152400185747
1.4811881508550406	2.149181108786099
1.4816398557540575	2.1571523535449866
1.4820771873331051	2.1651312623715064
1.4825020260616062	2.1731151452187367
1.482913997700534	2.18110235988889
1.4833134466704323	2.1890926077613626
1.4837010926909853	2.1970834337976295
1.4840769653819879	2.205070640682038
1.484433435946481	2.213028254881671
1.4847800003309335	2.220984465054173
1.4851136249775645	2.228952402826538
1.485436006294303	2.2369224525751132
1.4857467747209123	2.2448966099576704
1.4860455393531564	2.252875407437103
1.4863324777075004	2.260858681581712
1.4866022345492649	2.2686689063114147
1.4868566203395177	2.276184234450941
1.4871003615021785	2.283392327105624
1.4873356886188314	2.290343470100002
1.4875657046601758	2.2970915566038195
1.4877949525920817	2.3036910527438983
1.4880233717009206	2.310194698669059
1.488237232760875	2.316647780853133
1.4884591985607198	2.3230510406079437
1.4887166612247935	2.3293515332999566
1.4889811440997949	2.3355073743262587
1.4892503815399551	2.341480204183403
1.489522122385863	2.347238102298419
1.489794531767677	2.3527550908434702
1.4900656580736409	2.35801064778955
1.49033354470545	2.362989158499702
1.4905962932773171	2.3676793909171914
1.490852113549151	2.3720740533674354
1.491099394011714	2.3761695615028016
1.491336472284143	2.3799652235829347
1.4915621378146517	2.383461246439011
1.4917752704762617	2.386657842337861
1.4919748241627768	2.389555240713524
1.4921597656903447	2.392153685109983
1.492329143964688	2.3944527660707533
1.4924810060964175	2.396451450084811
1.4926138485496916	2.3981491013963
1.4927259507023125	2.399545834531158
1.4928158096506043	2.4006417242200286
1.4928821243348975	2.4014368375655812
1.4929237789964898	2.4019312260462695
1.4929398834392613	2.4021249167758563
1.4929406180978242	2.402130422731219
1.492940043074933	2.4021330403581733
1.49295028662401	2.4022452008855493
1.492962474292858	2.4024126126639467
1.4929667385721206	2.4024450887747646
1.4929627373347698	2.402383899931116
1.4929598545801541	2.402335844209081
1.4929571353716737	2.402290746450958
1.4929545706254665	2.4022432910539298
1.4929522150751264	2.402195878388427
1.4929500833050513	2.402149155195907
1.492948169678183	2.402103255843348
1.4929471284045643	2.40207727836859
1.4929489035964745	2.4020960921902885
1.4929478115080894	2.40211092528519
1.4929475391774627	2.4021217641123775
1.4929473177068306	2.402132350658127
1.4929471137020032	2.4021429419879063
1.4929468264395378	2.4021483262746908
1.492946350058674	2.4021530058506424
1.4929459701509111	2.402157512195358
1.4929456495572153	2.402163372273399
1.4929510512627415	2.402235072004725
1.4929517475305767	2.4022698381261183
1.492949953144881	2.4022439830357336
1.4929486529176281	2.402227036427513
1.49294737955539	2.4022104870322107
1.4929460492275473	2.4021923033374195
1.4929447200020927	2.4021739105970004
1.4929434169672882	2.4021555916768915
1.4929421455903031	2.402137716226965
1.492940914258214	2.4021205475048477
1.4929397105344206	2.4021036418694863
1.492938528606533	2.4020870216134966
1.4929373562819084	2.4020701429406177
1.4929361981417453	2.402053385607572
1.4929350573350486	2.4020366608736126
1.4929339364747811	2.4020202086852542
1.4929328314207306	2.4020037532002156
1.4929317411071175	2.4019874081528467
1.49293066436244	2.4019710249139585
1.4929296024712395	2.4019547614380183
1.492930680556917	2.4019497894696844
1.4929299386719606	2.401949369931106
1.4929294713381676	2.4019453476851598
1.4929288337121691	2.4019409516597556
1.492928259186595	2.401937162755167
1.4929276496269368	2.401933298139641
1.492927025877375	2.4019293443154024
1.4929263966762467	2.4019253791678428
1.4929257566148757	2.4019212890192088
1.4929251118334557	2.4019172271834237
1.492924989406157	2.401922946479683
1.4929245956286459	2.40193095440188
1.492924332040781	2.4019389443459582
1.4929240052495534	2.4019438913179703
1.4929235948783333	2.401948267092005
1.4929232365686103	2.4019534418212625
1.4929229170690188	2.4019583620016234
1.4929225750286417	2.4019631072617136
1.4929222298115958	2.4019675783154066
1.4929218879426371	2.4019720288231867
1.4929190430328876	2.4019649146823943
1.4929175333693108	2.4019343613508854
1.4929154762304986	2.401903104608856
1.4929134974551304	2.4018716263494224
1.4929119324072362	2.401848291060035
1.4929104358087815	2.401826298959074
1.4929088951714884	2.401802391041527
1.4929073989520847	2.4017786011179405
1.4929059617381648	2.4017552648110567
1.492904567876369	2.4017321391598445
1.4929034554515548	2.4017166875033906
1.492902356414329	2.4017014738434397
1.492901210480731	2.401684513398893
1.4929000684084108	2.401667474689714
1.4928989558027335	2.401650853952276
1.4928978633107814	2.4016343884183358
1.492896780947799	2.4016177720351415
1.4928957133645173	2.4016012861759313
1.4928946612015088	2.4015848171568073
1.4928936219930566	2.4015683438343016
1.4928947648527313	2.401562985833543
1.492893932958243	2.401562525823682
1.4928934528902709	2.401562171115827
1.4928930056720688	2.401557898441216
1.4928923679694728	2.401552997400555
1.492891814472253	2.401548961999243
1.4928912150854152	2.401544947825494
1.4928905953519607	2.401540666604018
1.4928899678147494	2.401536333426733
1.4928893366827902	2.401531988796197
1.492889291105834	2.401537938370093
1.4928888301033714	2.4015477741658744
1.4928886246549717	2.4015574470956897
1.4928883686294447	2.401563905427262
1.492887993543455	2.4015694959179066
1.4928876861717986	2.401575942145749
1.4928874217071608	2.401582052049287
1.4928871331546922	2.401587938665824
1.4928868533697344	2.4015937868810706
1.4928865874034472	2.4015997085247376
1.4928843383416361	2.4015910705235513
1.4928827932159852	2.4015761109913427
1.492881434052897	2.4015612779937046
1.492881099706832	2.4015508008662887
1.4928795828412627	2.401540940204708
1.492878013619249	2.401530486001144
1.4928768498115508	2.4015197966239397
1.492875598060351	2.401509387693079
1.4928744693491123	2.4014989827864293
1.4928733201562874	2.401488580685089
1.4928743913752385	2.401484710614009
1.4928736042494943	2.401481447771636
1.4928729100458775	2.401478172165849
1.492872211402994	2.4014748982111724
1.4928714950385864	2.4014696342908515
1.4928706596266355	2.401463974152573
1.49286987869797	2.401458896303937
1.4928690827486308	2.4014538463787694
1.4928682735972552	2.4014486819833163
1.4928674507442428	2.401443335423986
1.4928646330937076	2.401428702232929
1.4928652920068226	2.4014206763856993
1.4928644317793882	2.401415611621006
1.4928636616853241	2.401410948725609
1.4928628644834117	2.4014063145180238
1.4928620863757278	2.401398801468046
1.4928611077313623	2.4013910304110295
1.4928601955315963	2.401383876742998
1.4928592687111941	2.401376833895275
1.492858332926598	2.4013696292655813
1.492857473792151	2.4013606927353695
1.4928564439691285	2.4013515970811934
1.492855439288366	2.4013425109346054
1.4928544233467707	2.4013337992926385
1.4928534148151553	2.4013251562261786
1.4928524003160708	2.4013165127057188
1.4928513857746335	2.401307810961859
1.4928503681664635	2.401299101046097
1.4928493507017373	2.4012903036219413
1.4928483286819256	2.4012814945137846
1.4928475053069405	2.401276048694135
1.4928467124674076	2.4012687021305963
1.4928457022061572	2.4012610893483175
1.4928447162535259	2.4012534719689085
1.4928437508051777	2.401245452880665
1.4928427369425676	2.401237377618677
1.4928417328277532	2.401229403051767
1.4928407282805707	2.401221403330751
1.492839719484827	2.4012133820891677
1.492838707830196	2.401205296336729
1.4928377600552334	2.4011963862683547
1.4928367093731436	2.401187357145851
1.492835667418248	2.4011785385373035
1.4928346221182391	2.4011697563159315
1.4928335787101845	2.401160910874309
1.492832531389102	2.401151990097222
1.4928314793488737	2.4011430920163073
1.4928304286249556	2.4011341967583633
1.4928293776017854	2.4011252995761363
1.4928283266496198	2.401116400838741
1.49282729943857	2.401108011670227
1.4928262704170283	2.4010997013411575
1.4928252376795574	2.4010913629419686
1.4928242034715764	2.4010829191213334
1.4928231637001936	2.401074456413956
1.4928221244368907	2.4010660072728296
1.492821085593724	2.4010575641847978
1.4928200464482557	2.401049120643043
1.492819006704866	2.4010406426583377
1.4928179651919227	2.401032159763281
1.492813272531972	2.401003614323041
1.4928100557521866	2.400951404089586
1.4928066215953903	2.4009010199727183
1.4928040025114657	2.4008602320313828
1.4928014324547105	2.400820153527797
1.492799067627232	2.400780874565399
1.4927967744848498	2.4007398448776036
1.4927946238628653	2.400698827102009
1.4927926291227311	2.4006581358865806
1.492790791205338	2.400618039705653
1.492789094575698	2.400577967928897
1.4927926940401643	2.400623774137061
1.4927975138027803	2.40069678304396
1.49279672861226	2.4007155396783633
1.4927966170585572	2.4007280105215014
1.4927962694358703	2.400730266815162
1.4927957430572592	2.400731208156605
1.4927953594381922	2.4007330434482843
1.4927948901607837	2.400734723833787
1.492794425900345	2.4007361749466063
1.4927939351403476	2.4007360837630087
1.4927934493323118	2.4007359588812873
1.4927929701073617	2.400735795411316
1.492792489932264	2.4007358257223785
1.4927919876747018	2.400735566115735
1.4927914791079855	2.4007353096994155
1.4927909570927689	2.4007347523948797
1.4927904273211212	2.4007341953312027
1.4927899030281997	2.4007337574969783
1.4927893692267549	2.4007331564416132
1.4927868779796805	2.400718935311883
1.4927851618242078	2.4006966145078277
1.4927836343641656	2.4006746540806336
1.4927823324193028	2.4006579887984514
1.492781056703492	2.400641839444629
1.4927797989770175	2.400625806241988
1.492778517293283	2.4006085080662967
1.49277724038317	2.4005912025518383
1.492775980263484	2.400573824958266
1.4927747340202755	2.4005564342174024
1.4927763493044823	2.4005531855526634
1.4927747043145991	2.400558062144574
1.4927742223350773	2.4005554916160055
1.4927737269849155	2.4005550419858177
1.4927733539716666	2.400557188074875
1.4927729006179091	2.400559338923348
1.4927724096207886	2.4005602390878864
1.4927719166474627	2.400561070284002
1.4927714198069477	2.4005615719733564
1.4927709426762599	2.400562484558673
1.4927692337698564	2.4005537747652035
1.4927671069408275	2.4005336401041015
1.4927654195314441	2.400513500696063
1.492763901921039	2.4004935559089313
1.4927624048776145	2.4004739237883164
1.4927610201378776	2.4004567894495232
1.4927596860123888	2.400439894154914
1.492758333715521	2.400422415618934
1.4927569953186406	2.4004049866723003
1.492755677127138	2.400387634200522
1.4927569685351574	2.4003829765567053
1.492756177387117	2.4003888163540843
1.4927558939014578	2.4003949044930515
1.4927555681627585	2.4003957320503226
1.4927550029955348	2.4003961518497166
1.4927544999823361	2.400396056269626
1.4927540596814446	2.400397274932734
1.4927535729701427	2.4003983743107202
1.492753077206077	2.400399245367373
1.4927525851699228	2.4004000847413147
1.4927498532129577	2.4003855333531607
1.4927480669207671	2.4003640955843517
1.4927466460945131	2.4003482199844166
1.492745243005315	2.4003328320678317
1.4927438620010287	2.4003174881223934
1.4927424978691808	2.4003022367369793
1.4927410961022034	2.400285774958319
1.4927396932557777	2.4002692601411892
1.4927383142627058	2.4002529363632017
1.4927369540944477	2.4002367546110195
1.492735522857009	2.400218315784715
1.4927340792924633	2.4001995706818153
1.492732680412249	2.4001815066516508
1.4927313095196022	2.4001634608905618
1.4927299524698219	2.400145444461605
1.4927286125800026	2.400127422150498
1.492727291739628	2.4001094744796765
1.4927259905824284	2.400091617739246
1.4927247095353517	2.4000739124073927
1.4927234487010148	2.4000563007743483
1.4927251445313099	2.4000539854254037
1.4927266708966223	2.400100891201486
1.4927263667733246	2.4001119528257244
1.4927257819144604	2.4001108213109577
1.4927251860751736	2.4001091213620933
1.4927248496009413	2.4001101455227305
1.4927243637173926	2.4001117140375205
1.4927238693293992	2.400112457379409
1.4927233817497247	2.4001131605071855
1.492722886327367	2.400113622401661
1.4927223974341581	2.4001141779858353
1.4927197308669007	2.4000991997019794
1.4927179178173122	2.400076814311536
1.4927165067504589	2.400060324266098
1.4927150920417958	2.4000442134427225
1.4927136563179408	2.400026802769357
1.4927122185375723	2.4000092322257345
1.492710809209365	2.399991905562095
1.492709429449286	2.3999749229290526
1.4927080665359311	2.3999579666680257
1.4927067193052321	2.3999410887075374
1.4927087285344744	2.3999432609206948
1.492707366464538	2.399953480086128
1.4927070691588225	2.3999549044763415
1.4927066043997133	2.3999582602657785
1.492706217794851	2.3999614116470567
1.4927059161127285	2.399966020316144
1.4927055978877544	2.399970544431484
1.4927052913294017	2.399975047895782
1.4927049713323854	2.399979013693364
1.4927023179377499	2.3999687768948306
1.4927004306462608	2.3999430714593615
1.4926983094138646	2.3999153178143557
1.4926967227190846	2.399895522456775
1.492695071033611	2.3998760431441317
1.4926933975575807	2.399854824135215
1.4926917372281947	2.3998335143629226
1.4926901338379808	2.3998127677554306
1.4926885736565028	2.399792351838696
1.4926870276707052	2.399771727692788
1.4926856368941785	2.3997545922469103
1.4926843003155432	2.399737861171548
1.4926829719994048	2.3997212901500578
1.4926816275354575	2.3997037542829003
1.4926802890661492	2.3996862074224112
1.4926789688430337	2.399668654194272
1.4926776716333432	2.3996514228659906
1.4926763971152943	2.399634277223609
1.4926751391250868	2.3996172861803746
1.492673897136632	2.3996002872842297
1.492675531995945	2.3995978808402056
1.492674381856334	2.399604047854021
1.4926740901773385	2.399604521912878
1.4926735492130603	2.3996045538969657
1.4926730927099736	2.399604501698669
1.4926726228342035	2.399604453645612
1.4926721987107883	2.399605417311932
1.4926717108114522	2.399606388716895
1.492671234040405	2.399607380900928
1.4926707449114864	2.399608094501869
1.4926681038004395	2.399593190504884
1.4926663260210304	2.3995709535979897
1.4926649696292664	2.399554488961567
1.4926635807386925	2.3995384487556985
1.4926621987806596	2.3995213473074486
1.4926608183062133	2.3995041536659136
1.4926594633995127	2.3994872169672514
1.492658129504221	2.399470440278733
1.4926568093936057	2.3994536724137876
1.4926554985416303	2.399436804605936
1.4926569414925965	2.3994342059581593
1.4926559604895684	2.399439305777921
1.4926556806016769	2.3994441988704103
1.4926553259823243	2.399444143950332
1.4926547372781207	2.3994433769115835
1.4926543146480482	2.399443775360339
1.4926538206151483	2.3994443050546836
1.4926533358746348	2.399444721509893
1.492652834644768	2.3994447802687096
1.492652338277518	2.399444828341995
1.4926497734248843	2.3994313068330464
1.4926479867033493	2.3994115393195603
1.4926465420774069	2.3993955455808678
1.4926451273931205	2.3993806752022557
1.4926437765328353	2.3993660557561283
1.4926423872086025	2.39935019000757
1.492640980731951	2.3993343220388867
1.4926396069138061	2.399318769168392
1.492638249478311	2.399303259881219
1.4926369006064637	2.3992877522703306
1.4926354637952928	2.399269156320584
1.4926339761320422	2.3992505898539784
1.4926325387204633	2.39923203301637
1.4926311265099286	2.399213786597154
1.4926297552714267	2.3991962391000543
1.4926284172929354	2.399178847930237
1.4926270827960542	2.399161254048491
1.492625762812844	2.399143761318741
1.4926244626501215	2.3991263708746726
1.4926231828842635	2.3991091901562505
1.4926248533868638	2.3991067880319257
1.4926237018580075	2.399112798338539
1.4926234543414474	2.3991184244583614
1.4926231150206406	2.3991183934444993
1.4926225804649431	2.3991180140768087
1.4926221986937778	2.399118629195987
1.4926217290108315	2.3991193754550486
1.492621263463377	2.3991199192325308
1.492620789695517	2.399120210753415
1.492620322765337	2.3991205017121287
1.4926167563010762	2.3991029994555677
1.4926155833036823	2.3990770134823816
1.4926136534162553	2.399053101465469
1.492612430144258	2.3990375962032906
1.4926110267548438	2.3990233847024274
1.4926096877312904	2.399006319415242
1.4926082673021095	2.3989889593351608
1.4926068507096317	2.3989702644307567
1.4926054305511718	2.39895154350637
1.4926040461754027	2.39893323605133
1.4926049113768827	2.3989379298303675
1.492607040017969	2.3989446747820034
1.4926057097220076	2.3989516844374097
1.4926054704019045	2.398951487592787
1.4926049132284607	2.3989506765504367
1.4926044594292964	2.3989497623852025
1.4926040704916221	2.3989502230276374
1.4926036012746762	2.3989508920294544
1.4926031411134144	2.398951485470292
1.492602681543928	2.398952077502371
1.4926011385901243	2.398948297513729
1.4925991636893916	2.398927734925785
1.4925974069961032	2.3989045214924625
1.492595701174855	2.3988811764288407
1.492594337667731	2.3988635750257394
1.4925928878488248	2.3988466560852943
1.4925914951842398	2.3988285624170653
1.4925900828192535	2.3988102378662433
1.4925887009647516	2.3987923725810107
1.492587356472208	2.398774663059163
1.492586025349903	2.3987569752160978
1.4925874693493137	2.3987532328349706
1.4925864378474805	2.398757653556413
1.492586133987337	2.398761674259174
1.4925857476017275	2.3987605740390756
1.4925852206618169	2.3987592368956445
1.4925847393411242	2.398757523065297
1.4925843137206138	2.3987569716002497
1.4925838293297686	2.3987563065805175
1.4925833323598112	2.3987553578412566
1.4925806337639334	2.3987391923412495
1.4925787198706315	2.398715972721165
1.4925773479005313	2.3986985493067086
1.492575839624826	2.3986812929743064
1.4925744253603688	2.3986640854139387
1.4925729935821004	2.3986459127169346
1.492571548718425	2.398627605823399
1.4925701432112548	2.3986096866290576
1.4925687669196666	2.3985920027918985
1.4925674060653387	2.398574124880607
1.4925701338573083	2.3985795842052853
1.4925689249694882	2.3985881560353435
1.4925686161557559	2.3985882707097277
1.492568123940033	2.398588013062676
1.4925677719524213	2.398588998504266
1.4925673045815986	2.3985898418402964
1.4925668406595098	2.398590219730213
1.49256639318693	2.3985905726419925
1.4925659293871716	2.3985907194301417
1.4925654584589134	2.398590682913248
1.4925626887182302	2.3985748675635112
1.4925607241677485	2.3985519499143995
1.4925589515968405	2.398529369115164
1.4925575378453013	2.39851236805319
1.4925560113102196	2.3984956017016987
1.4925545852181639	2.3984790803087828
1.492553132553099	2.3984613209082886
1.4925516580757905	2.39844341889111
1.4925502116243008	2.398425511264076
1.4925487981823045	2.3984081831758353
1.4925508629496922	2.398410573575947
1.492549551212115	2.3984201041225903
1.4925493183270382	2.39842247624257
1.4925487929403276	2.3984246864266714
1.49254866406722	2.398430088791269
1.4925484108572935	2.39843595415337
1.4925481541499312	2.398440587210271
1.4925478848357843	2.398445117602816
1.492547609576187	2.398449282923609
1.4925473512206917	2.398453630269917
1.4925443354646188	2.398441719413899
1.4925423768671533	2.398414635893708
1.4925399550632745	2.39838549694257
1.4925381652974423	2.3983627319156584
1.4925362238795805	2.3983406047866223
1.492534412677742	2.39831848145285
1.4925326336313665	2.3982965648002144
1.4925308825785304	2.3982745162438905
1.4925291528058617	2.3982524150342632
1.4925274716608166	2.398230757129379
1.4925260625334222	2.3982131049627604
1.4925245739028925	2.398195929275168
1.4925231630512932	2.3981788061563325
1.4925217542805753	2.398160813621802
1.4925203097642739	2.398142756469483
1.4925189037644395	2.398124691853496
1.4925175248097993	2.398107009981802
1.492516171925674	2.398089483151281
1.4925148332374978	2.3980719660864502
1.4925135082570042	2.3980544524394802
1.492515086655841	2.3980518049772077
1.492514056197247	2.398056319080505
1.492513713812874	2.398055328227061
1.4925132545655242	2.39805418243399
1.4925129022449433	2.3980540265895613
1.4925124898373145	2.398053943012139
1.492512065349087	2.398053619427986
1.4925116427493033	2.398053283943075
1.492511197811506	2.3980527621658325
1.4925107506608488	2.398052233411318
1.4925070247530647	2.3980331907605805
1.492505794314843	2.398005817828054
1.492504322198823	2.3979897330268267
1.4925028384590773	2.3979741568272814
1.4925013493110415	2.3979542350686653
1.4924996946752458	2.3979335475605397
1.4924981458411322	2.3979128448273483
1.4924966916020943	2.3978935400083348
1.4924952305728996	2.3978742496720877
1.4924938131540626	2.397855150287265
1.492494810351969	2.3978590299776243
1.4924967060403471	2.397864990152203
1.4924954730394142	2.3978710693289615
1.4924952040150576	2.397869969844561
1.492494743480017	2.397868673535241
1.492494391659991	2.397868571252957
1.4924939819667138	2.3978686780340976
1.4924935408970774	2.3978682057512337
1.4924931169199198	2.3978677050973665
1.4924926800413405	2.397867136184851
1.4924913169172287	2.397863185639645
1.4924891701024225	2.3978421100400436
1.492487365504713	2.3978180077889126
1.4924856277564431	2.3977937823232587
1.4924839203767766	2.397769563932371
1.4924826113954741	2.3977510587244497
1.4924811241278442	2.397733172489573
1.4924797555071956	2.397715381637825
1.4924784047652528	2.397696506923387
1.4924770036141515	2.3976775390125358
1.4924795187397215	2.397680395669094
1.4924782873544946	2.3976890150895875
1.4924780579323578	2.397688511192229
1.4924776228858163	2.397687741836325
1.492477304511902	2.3976882876379473
1.4924768916990352	2.3976890759213902
1.492476485157828	2.3976898724905027
1.4924760478262842	2.397690110865747
1.4924756211377466	2.397690097422555
1.4924751988555147	2.3976900710248907
1.4924743490816696	2.3976950870625995
1.4924726762982603	2.397677951557928
1.4924708474602613	2.397653994923765
1.4924693493128809	2.3976340787969903
1.4924677408467182	2.3976143069139026
1.4924663110287935	2.3975964378944665
1.492464866568214	2.3975786252359064
1.4924634354683717	2.3975596120927007
1.4924619566172095	2.3975405564255565
1.4924605354735208	2.397521550394064
1.4924624078788218	2.397522475762858
1.4924610688569135	2.3975274925442673
1.4924608205090335	2.397532792205937
1.4924604541204813	2.3975321104090823
1.4924600209548182	2.397531221044925
1.4924596887970565	2.3975314385381643
1.4924592815075655	2.3975317131278326
1.492458877135078	2.397531902510546
1.4924584481097982	2.3975317078513236
1.4924580189025591	2.3975313219200554
1.492462511954274	2.3975752657051803
1.4924614011303503	2.397580983652149
1.4924591728339531	2.397555574789101
1.492457259182927	2.39753082957172
1.4924557663567564	2.397511971088472
1.4924541479942368	2.3974937397075275
1.49245260313293	2.3974741898123355
1.4924510130681308	2.397454444969619
1.4924494842218279	2.3974351936264418
1.492447981481197	2.3974159662945054
1.4924499484794638	2.3974173470217246
1.4924486250038662	2.397423079791382
1.4924481934638296	2.397421256903405
1.4924476893504155	2.397419676834389
1.4924472776139286	2.397418118529012
1.4924468557305597	2.3974165814196824
1.4924466982698517	2.397418220817925
1.4924462790809623	2.397420253636969
1.492445841255644	2.3974214017810698
1.4924454101227287	2.3974222423551192
1.4924423438580279	2.3974053160049698
1.4924403543627625	2.3973827511279286
1.4924385221837988	2.3973604064668477
1.4924370343018234	2.3973438647611713
1.4924354707404723	2.397327562535589
1.4924339470376085	2.3973100387639734
1.4924323864552276	2.3972924373832987
1.4924308640699802	2.3972748421859764
1.4924293688616797	2.3972576780069703
1.4924278980511065	2.39724058756895
1.492426420569449	2.3972224535195203
1.4924248986129065	2.397204340317604
1.4924234243098677	2.39718621265134
1.4924219704852921	2.3971682716728044
1.4924205439134368	2.3971505816615712
1.4924191332479304	2.397132905570588
1.4924177395640117	2.3971153075827245
1.4924163627615203	2.3970977624623795
1.4924150001141698	2.3970802169976397
1.4924136580095322	2.3970627995436384
1.4924157106446079	2.3970658635566124
1.4924187867177277	2.39712418234653
1.492418568453817	2.39713773975527
1.4924182138615492	2.397143692910535
1.4924178895522136	2.3971438992925442
1.4924174809310116	2.3971438873716635
1.4924170829879213	2.397143471360259
1.4924167521928071	2.3971443858006514
1.4924163389345504	2.3971453799188045
1.4924159303260265	2.39714637747948
1.4924167919075884	2.397173341950603
1.4924163335445169	2.3971709054221186
1.4924145365440815	2.397149691026721
1.4924127945358938	2.3971288373111714
1.4924110842908198	2.3971080070191726
1.4924095258585806	2.3970895418742466
1.4924079595581217	2.3970712424791216
1.4924064316963654	2.397052926617886
1.492404922354401	2.3970348056237527
1.492403428972853	2.3970162190945916
1.4924056674565678	2.3970230986348064
1.4924044801814833	2.3970308204964454
1.4924043067440758	2.397030951498937
1.492403895792628	2.3970314768188143
1.4924034925795773	2.397031796712778
1.492403166196364	2.397033412716319
1.4924027769309027	2.397035139359157
1.492402364302664	2.3970366696341663
1.4924019333605174	2.397037689115325
1.4924015197669014	2.3970386966786754
1.4924011027167874	2.3970397163840924
1.492401759503031	2.3970676348413424
1.492402062165548	2.3970678159351517
1.492399661361843	2.3970403278574977
1.4923976564900818	2.397016162033581
1.4923956548694683	2.3969922333339575
1.4923938875874023	2.3969711189880605
1.4923921256475134	2.3969505898968437
1.4923904244294737	2.3969301082136667
1.4923887149190023	2.39690886362077
1.4923871388379533	2.396889988243581
1.4923855568487125	2.396871273681289
1.4923840157553312	2.3968521256577966
1.4923824665083516	2.396833045690935
1.4923809593656954	2.396814163205958
1.4923794800095018	2.396795508950732
1.492378017261705	2.396776786154835
1.4923765798701498	2.3967583385477385
1.4923751656758812	2.396739980563009
1.4923737667384156	2.3967215996733824
1.4923765609992146	2.3967338972655488
1.4923753846796928	2.39674157824969
1.492375158791558	2.3967474088555822
1.4923748123221703	2.396747088251862
1.4923744045108818	2.396746566073438
1.4923740874334812	2.396747189980972
1.492373691087386	2.3967479459592536
1.4923732803842424	2.3967483754853274
1.4923728697258833	2.3967485954418444
1.4923724643630685	2.3967488474271965
1.492369146453421	2.396730042387652
1.4923673644995301	2.3967070190634545
1.4923655686146644	2.396684082550394
1.4923637772485312	2.396661334940224
1.4923620307031933	2.3966387303409533
1.4923606315837854	2.396621676789232
1.4923591360480954	2.3966051025220696
1.4923577214403532	2.3965871776073935
1.4923562306094253	2.3965692156186864
1.4923547990519475	2.3965512373508693
1.4923568384745507	2.3965546422982595
1.4923555503512402	2.3965596708435486
1.4923550911122299	2.3965571124916893
1.4923545802521554	2.3965547245166583
1.4923542004884522	2.3965523707342413
1.492354096857212	2.396553548153021
1.4923536589848243	2.396555266848676
1.4923532289945078	2.3965560587030295
1.4923528255155716	2.3965567552167117
1.4923524224036382	2.396557620941989
1.4923491959622968	2.396539441662978
1.4923473674082302	2.396517665423438
1.4923455700741604	2.3964958918555697
1.4923440922943325	2.396479738824116
1.492342576377195	2.39646408348272
1.4923411020167963	2.39644715717385
1.4923395673553808	2.3964300320162764
1.492338080841772	2.396413261003013
1.4923366174977604	2.396396508509222
1.4923351631196533	2.3963798262659095
1.4923336815008514	2.396360298964233
1.4923320386996615	2.396340834368847
1.492330515470238	2.3963215821958936
1.4923290105283264	2.396302378239442
1.4923275490528078	2.396283845136798
1.4923261165295318	2.3962654416309928
1.4923246936011911	2.396246875517516
1.4923232879355257	2.3962284009051626
1.4923219022179048	2.39620996908285
1.4923205378233706	2.3961916875136415
1.4923218926880029	2.3961888697512355
1.492321076716523	2.396190729359962
1.4923207301045271	2.3961925614631188
1.4923202878503028	2.3961892266084908
1.49231989994297	2.396185803880359
1.492319572397136	2.396182416925846
1.4923192359626225	2.3961790493471113
1.4923189315324459	2.3961767313051534
1.4923186021563553	2.396174532389197
1.4923181217251376	2.396165453301328
1.4923177357963988	2.3961662233817487
1.492317437393778	2.3961701588315316
1.4923171812542033	2.3961741612759493
1.4923168609994444	2.3961746626371503
1.4923164383334204	2.396174829187226
1.492316082901494	2.3961757513354285
1.4923156749268263	2.3961765438639704
1.4923152610016746	2.396177151391458
1.4923148531058656	2.396177759668978
