-2.7001471946746216	-1.2991547810672242
-2.70014727052221	-1.2991543401279273
-2.7001473463748313	-1.2991538991790132
-2.700147422232488	-1.299153458220483
-2.7001474980951787	-1.2991530172523358
-2.7001475739629037	-1.2991525762745715
-2.7001476498356425	-1.299152135287239
-2.7001477257133093	-1.2991516942906625
-2.7001478015959233	-1.2991512532847087
-2.700147877483506	-1.2991508122692423
-2.700147953376069	-1.2991503712442083
-2.700148029273617	-1.2991499302095806
-2.7001481051761496	-1.299149489165349
-2.7001481810836694	-1.2991490481115069
-2.7001482569961786	-1.2991486070480538
-2.700148332913672	-1.2991481659749888
-2.7001484088361583	-1.2991477248923102
-2.7001484847636297	-1.2991472838000173
-2.700148560696092	-1.2991468426981112
-2.7001486366335423	-1.2991464015865903
-2.700148712575982	-1.2991459604654547
-2.7001487885234154	-1.299145519334703
-2.7001488644758345	-1.2991450781943377
-2.7001489404332446	-1.2991446370443551
-2.7001490163956476	-1.2991441958847596
-2.700149092363044	-1.2991437547155469
-2.7001491683354635	-1.299143313536507
-2.7001492443129145	-1.2991428723476144
-2.7001493202953726	-1.2991424311490032
-2.7001493962828325	-1.299141989940712
-2.700149472275295	-1.2991415487227576
-2.700149548272754	-1.2991411074951482
-2.700149624275212	-1.2991406662578868
-2.7001497002826693	-1.2991402250109747
-2.7001497762951234	-1.2991397837544107
-2.7001498523125793	-1.2991393424881963
-2.700149928335034	-1.2991389012123309
-2.7001500043624866	-1.2991384599268148
-2.70015008039494	-1.2991380186316475
-2.7001501564323944	-1.2991375773268279
-2.7001502324748485	-1.2991371360123565
-2.700150308522303	-1.299136694688233
-2.7001503845747585	-1.2991362533544573
-2.7001504606322153	-1.2991358120110295
-2.700150536694674	-1.2991353706579485
-2.700150612762134	-1.2991349292952137
-2.700150688834597	-1.299134487922826
-2.700150764912062	-1.2991340465407848
-2.7001508409945303	-1.2991336051490894
-2.7001509170820013	-1.2991331637477392
-2.7001509931744754	-1.2991327223367353
-2.700151069271953	-1.2991322809160768
-2.7001511453744347	-1.2991318394857625
-2.70015122148192	-1.299131398045793
-2.7001512975944095	-1.299130956596169
-2.7001513737119045	-1.2991305151368884
-2.700151449834404	-1.299130073667952
-2.7001515259619087	-1.2991296321893595
-2.7001516020944196	-1.2991291907011098
-2.700151678231935	-1.2991287492032044
-2.700151754374457	-1.2991283076956408
-2.700151830521986	-1.2991278661784202
-2.700151906674521	-1.2991274246515425
-2.7001519828320637	-1.299126983115007
-2.700152058994613	-1.2991265415688138
-2.70015213516217	-1.2991261000129615
-2.700152211334735	-1.299125658447451
-2.700152287512308	-1.299125216872281
-2.7001523636948894	-1.2991247752874528
-2.70015243988248	-1.2991243336929637
-2.7001525160750783	-1.2991238920888162
-2.700152592272686	-1.2991234504750082
-2.700152668475304	-1.2991230088515406
-2.700152744682932	-1.2991225672184117
-2.7001528208955694	-1.2991221255756231
-2.7001528971132176	-1.2991216839231727
-2.700152973335876	-1.2991212422610614
-2.700153049563545	-1.299120800589289
-2.7001531257962257	-1.2991203589078544
-2.7001532020339183	-1.299119917216758
-2.700153278276622	-1.2991194755159994
-2.7001533545243386	-1.2991190338055782
-2.700153430777067	-1.2991185920854946
-2.700153507034808	-1.2991181503557476
-2.7001535832975625	-1.2991177086163375
-2.7001536595653297	-1.2991172668672641
-2.7001537358381102	-1.2991168251085266
-2.7001538121159054	-1.2991163833401254
-2.700153888398714	-1.2991159415620597
-2.7001539646865367	-1.2991154997743293
-2.700154040979374	-1.2991150579769335
-2.700154117277227	-1.299114616169874
-2.7001541935800946	-1.2991141743531485
-2.7001542698879777	-1.2991137325267577
-2.700154346200877	-1.299113290690701
-2.7001544225187915	-1.2991128488449777
-2.700154498841722	-1.2991124069895887
-2.700154575169671	-1.2991119651245324
-2.7001546515026353	-1.2991115232498096
-2.7001547278406175	-1.2991110813654196
-2.700154804183617	-1.2991106394713627
-2.700154880531634	-1.2991101975676376
-2.7001549568846697	-1.2991097556542446
-2.7001550332427233	-1.2991093137311835
-2.700155109605795	-1.299108871798454
-2.700155185973886	-1.2991084298560558
-2.7001552623469967	-1.2991079879039886
-2.7001553387251267	-1.2991075459422523
-2.700155415108276	-1.299107103970847
-2.700155491496445	-1.2991066619897713
-2.700155567889635	-1.299106219999026
-2.7001556442878454	-1.2991057779986104
-2.7001557206910762	-1.2991053359885238
-2.700155797099329	-1.299104893968767
-2.7001558735126028	-1.2991044519393389
-2.7001559499308985	-1.2991040099002398
-2.700156026354216	-1.2991035678514689
-2.7001561027825556	-1.2991031257930261
-2.700156179215918	-1.2991026837249113
-2.7001562556543037	-1.2991022416471245
-2.7001563320977127	-1.2991017995596648
-2.700156408546145	-1.2991013574625325
-2.7001564849996003	-1.2991009153557265
-2.70015656145808	-1.2991004732392477
-2.7001566379215842	-1.2991000311130951
-2.700156714390113	-1.2990995889772685
-2.7001567908636672	-1.299099146831768
-2.700156867342246	-1.299098704676593
-2.70015694382585	-1.2990982625117433
-2.70015702031448	-1.2990978203372188
-2.7001570968081356	-1.2990973781530188
-2.700157173306818	-1.2990969359591436
-2.700157249810527	-1.2990964937555927
-2.700157326319262	-1.2990960515423662
-2.700157402833025	-1.2990956093194632
-2.7001574793518155	-1.2990951670868833
-2.700157555875634	-1.2990947248446274
-2.70015763240448	-1.2990942825926943
-2.7001577089383537	-1.2990938403310839
-2.7001577854772565	-1.2990933980597963
-2.700157862021188	-1.2990929557788307
-2.700157938570149	-1.299092513488187
-2.7001580151241393	-1.2990920711878648
-2.70015809168316	-1.2990916288778644
-2.700158168247211	-1.2990911865581853
-2.7001582448162917	-1.2990907442288266
-2.7001583213904032	-1.2990903018897888
-2.7001583979695445	-1.2990898595410718
-2.7001584745537177	-1.2990894171826743
-2.700158551142922	-1.299088974814597
-2.7001586277371583	-1.2990885324368393
-2.7001587043364266	-1.299088090049401
-2.700158780940727	-1.299087647652282
-2.70015885755006	-1.2990872052454818
-2.7001589341644263	-1.299086762829
-2.700159010783825	-1.2990863204028364
-2.7001590874082577	-1.299085877966991
-2.7001591640377245	-1.299085435521463
-2.700159240672224	-1.2990849930662525
-2.7001593173117584	-1.2990845506013602
-2.7001593939563278	-1.2990841081267843
-2.7001594706059318	-1.2990836656425253
-2.700159547260571	-1.299083223148583
-2.7001596239202454	-1.299082780644957
-2.7001597005849556	-1.299082338131647
-2.7001597772547026	-1.2990818956086525
-2.700159853929485	-1.2990814530759738
-2.7001599306093045	-1.29908101053361
-2.700160007294161	-1.2990805679815607
-2.700160083984054	-1.2990801254198265
-2.7001601606789842	-1.299079682848407
-2.7001602373789524	-1.2990792402673017
-2.7001603140839587	-1.2990787976765104
-2.7001603907940037	-1.2990783550760328
-2.700160467509087	-1.299077912465868
-2.7001605442292087	-1.2990774698460168
-2.70016062095437	-1.2990770272164782
-2.700160697684571	-1.2990765845772523
-2.7001607744198113	-1.2990761419283388
-2.7001608511600916	-1.2990756992697374
-2.700160927905412	-1.299075256601448
-2.7001610046557736	-1.2990748139234702
-2.7001610814111756	-1.2990743712358035
-2.700161158171619	-1.2990739285384476
-2.700161234937104	-1.2990734858314033
-2.7001613117076304	-1.2990730431146684
-2.700161388483199	-1.2990726003882447
-2.7001614652638097	-1.299072157652131
-2.7001615420494636	-1.299071714906326
-2.70016161884016	-1.299071272150831
-2.7001616956358996	-1.2990708293856457
-2.700161772436682	-1.2990703866107691
-2.700161849242509	-1.299069943826201
-2.7001619260533793	-1.2990695010319415
-2.700162002869294	-1.2990690582279898
-2.7001620796902532	-1.2990686154143465
-2.7001621565162575	-1.2990681725910114
-2.700162233347307	-1.2990677297579825
-2.7001623101834022	-1.2990672869152622
-2.700162387024543	-1.299066844062848
-2.7001624638707296	-1.2990664012007402
-2.7001625407219634	-1.2990659583289392
-2.700162617578243	-1.2990655154474444
-2.7001626944395696	-1.299065072556255
-2.700162771305943	-1.2990646296553716
-2.700162848177364	-1.2990641867447932
-2.7001629250538333	-1.29906374382452
-2.70016300193535	-1.2990633008945516
-2.7001630788219155	-1.299062857954888
-2.700163155713529	-1.299062415005528
-2.700163232610192	-1.2990619720464724
-2.7001633095119035	-1.2990615290777203
-2.700163386418665	-1.2990610860992722
-2.700163463330476	-1.2990606431111271
-2.700163540247337	-1.299060200113285
-2.7001636171692485	-1.2990597571057456
-2.70016369409621	-1.2990593140885085
-2.7001637710282234	-1.2990588710615738
-2.7001638479652876	-1.299058428024941
-2.6999999379326702	-1.2990561334294992
-2.699523669066026	-1.2990487664078916
-2.6987336883270814	-1.299036956463563
-2.697629646046309	-1.2990203468851769
-2.696211712870561	-1.2989987544585746
-2.6944813206299614	-1.2989718894870232
-2.6924419806988342	-1.2989394299043624
-2.6901002994451355	-1.2989010243177375
-2.6874671658160825	-1.2988563219139808
-2.6845590883864396	-1.29880501456939
-2.6813996244510725	-1.2987469037603951
-2.678020797907279	-1.2986820095140064
-2.674464336636465	-1.298610781851631
-2.6707823286123618	-1.2985357874985828
-2.6670369317105016	-1.2984645125394467
-2.6632861526377525	-1.2983929651186998
-2.659499336165057	-1.2982829280323682
-2.6556024996832592	-1.2981725570848046
-2.651533644468477	-1.2980513406044272
-2.6472406521583034	-1.297914695972656
-2.6426845856857755	-1.2977590560332375
-2.637842485280197	-1.297584513582424
-2.6327105180977246	-1.2973836241303354
-2.627301092601921	-1.297156230439487
-2.621644089033983	-1.2969066103311222
-2.615784933660147	-1.296636235215496
-2.609757969877334	-1.296364258496711
-2.6035810274508675	-1.2961063099592676
-2.5973025482323324	-1.295864262302988
-2.5908888093998885	-1.2956227777519338
-2.584319567523733	-1.2953659580945827
-2.5776050907231203	-1.295072399755462
-2.570758239151683	-1.2947369532927184
-2.5637561076016384	-1.2943322656611065
-2.556622365680082	-1.2938490491959418
-2.5494261143949575	-1.2932824523515907
-2.5422196972337185	-1.2926260000411953
-2.535017495217519	-1.2918849076942478
-2.527763444147051	-1.2910540027705453
-2.5204100627676373	-1.290113772366473
-2.5129261096729985	-1.2890448575222822
-2.505291313856902	-1.2878223230033146
-2.4975804462495295	-1.2864368591500621
-2.4898929870636906	-1.2849016115476717
-2.4822310524661386	-1.2832173122330177
-2.474600749983568	-1.2813913410585265
-2.4670028345309114	-1.279459420049961
-2.4594248423577403	-1.2774956355745701
-2.4518938561472345	-1.2755138676077253
-2.444376225569962	-1.27342992728746
-2.4368847615729203	-1.2711706158216118
-2.429465802135111	-1.2686766957668925
-2.4221811791552277	-1.2659321141745825
-2.41503438283953	-1.2630791688980465
-2.4079197913589083	-1.2601727691645916
-2.4008002920686775	-1.2572456606994744
-2.3935739684847657	-1.2542968599027762
-2.3862180469761416	-1.2513154387472274
-2.3788116344388808	-1.2483160942297773
-2.3713920296835473	-1.245305209559486
-2.363998287015575	-1.2422955606442874
-2.3566326568340012	-1.2392821821927322
-2.349347352417529	-1.2362919140364714
-2.3421453391169593	-1.2333358818638234
-2.3349981063981993	-1.2303785460724863
-2.3278398872627846	-1.2273595631647105
-2.320591393299149	-1.2242166091718636
-2.313359933799086	-1.2209982626030889
-2.3061413918929494	-1.2177096511457988
-2.2989403337818475	-1.2143641649179746
-2.291761962663809	-1.2109628314767034
-2.284583747996418	-1.207499766953126
-2.2775115589147297	-1.2040313020867899
-2.270582327280568	-1.2005637440977066
-2.263744707665947	-1.197055066585684
-2.2569449686943557	-1.193456331707379
-2.250135959728448	-1.1897156794797716
-2.243362954952984	-1.1858265578537324
-2.2366544168959255	-1.181803179896207
-2.230013386900279	-1.1776517634030603
-2.2234456112416403	-1.1733785604368658
-2.2169505822771334	-1.1689833640277276
-2.21055461822904	-1.1644827048343447
-2.2042359071190054	-1.159852822157846
-2.1980289675698006	-1.1551065243524825
-2.191905265025165	-1.1502361384046824
-2.1858738881538993	-1.1452474480623271
-2.1799353397014016	-1.140140784352187
-2.1740920136222948	-1.1349188752709403
-2.1683472407537154	-1.1295840057696864
-2.162702708871957	-1.1241397744571295
-2.1571619707508223	-1.1185904513835954
-2.1517098525677634	-1.1129480134928929
-2.1463531438987826	-1.107263412551323
-2.1410619787805714	-1.1015244367268
-2.1358714226596316	-1.0957124218680558
-2.13081857791351	-1.0897576007764362
-2.125966884942786	-1.0836365410915751
-2.1212642483276856	-1.0773938181768064
-2.1166817743839608	-1.0710571772982727
-2.1122224722024185	-1.0646270468539663
-2.107888088580236	-1.0581061342528426
-2.103666499149991	-1.0514849161966455
-2.099523936408377	-1.0447684838139961
-2.095507697742173	-1.0380544947403891
-2.091584612499085	-1.031293911826697
-2.08775389563423	-1.0244967335255835
-2.0840447888592366	-1.0177068612520654
-2.0804820518042138	-1.0110025041317652
-2.0770683078007135	-1.0044248344485014
-2.0738036642365087	-0.9980161656372889
-2.0706871693560354	-0.9917918827129084
-2.0676997854541086	-0.9857142656128534
-2.064737088288717	-0.9795427163820201
-2.0617253639958877	-0.9731066892048629
-2.058666765651452	-0.9664067612622559
-2.0555922927957244	-0.9595161950787195
-2.05255738867686	-0.9525599689316354
-2.049590114000602	-0.9455773719905806
-2.046673756562443	-0.9385426046373676
-2.043791544264676	-0.9314130906342084
-2.0409352233819584	-0.9241431871222466
-2.0381524907472186	-0.9168457571308792
-2.0354777634925387	-0.9096690633658863
-2.032887808513822	-0.9026437396479197
-2.0303350136352427	-0.8957378695840683
-2.027749132751717	-0.8888537634354182
-2.0250573808578665	-0.8818502448344261
-2.022224058878834	-0.8746752988278247
-2.0192329303637644	-0.8673289444154579
-2.016083798780767	-0.8598760698965524
-2.0128346014404666	-0.8524774582579359
-2.0094923434257885	-0.8451419179366847
-2.006096810714529	-0.8379346174465534
-2.002620071870232	-0.8308034450158804
-1.9990400748446693	-0.8236922078684039
-1.9953286606690985	-0.8166003263832634
-1.9914681072229694	-0.8094926879021697
-1.9874813116794743	-0.8024069417947884
-1.9833880686654966	-0.7953802901907185
-1.9791918242225024	-0.7884153622624684
-1.9748940091717164	-0.7815092550358076
-1.9705904628193023	-0.7748101004256596
-1.9663501641775438	-0.7684126705703488
-1.9621584509561663	-0.7622797927364414
-1.9579895173137485	-0.7563590452230615
-1.9538223417927378	-0.7505919346366599
-1.9496572325512478	-0.7448930569330928
-1.9454959834288814	-0.7392564954210722
-1.9413183665228142	-0.7337259728438243
-1.9370780774057588	-0.7283402354934462
-1.9327615032669767	-0.7231172017889766
-1.9285212430599101	-0.7180808383347591
-1.924381641749141	-0.7132126018175597
-1.9202052825821496	-0.7083158975657541
-1.9159329267999643	-0.7032920888980722
-1.9115756152151213	-0.698131717032461
-1.9071535896284104	-0.6928343730128086
-1.9026968720017527	-0.6874139939374341
-1.898240400534317	-0.6818980034621261
-1.8938207216678522	-0.6763224885226757
-1.889460131766393	-0.6707006627393111
-1.8851243627737593	-0.6650010279887288
-1.8807978142938133	-0.6591920884673177
-1.8764845972760404	-0.653245714695144
-1.872194989555399	-0.6471466446824975
-1.8679217469040241	-0.6408412496674416
-1.8636806208020222	-0.634319981196709
-1.8595435780593537	-0.6276761888452871
-1.855534990400275	-0.6209524372430039
-1.8516555032157485	-0.6141517846479736
-1.8479109971795824	-0.6072850133263086
-1.8443584829426234	-0.6004660387657981
-1.8410460091112542	-0.5937774938977
-1.837996492374123	-0.5872760997366704
-1.8352178807780868	-0.5809796292730757
-1.8327035663182647	-0.5749004707316089
-1.83044175875271	-0.5690463664482813
-1.8284160387318462	-0.5634216687308221
-1.8266068049047774	-0.5580265606550849
-1.8249930699474832	-0.5528596836796428
-1.8235531981678121	-0.5479186234697395
-1.8222659985280245	-0.5432004332978857
-1.8211111330884735	-0.5387021707882311
-1.820068207217902	-0.5344197750092775
-1.819119645579695	-0.5303480922154726
-1.8182486750247644	-0.5264792343989652
-1.8174394911988296	-0.5228044665606519
-1.816677795701375	-0.5193141770356926
-1.81595083481545	-0.5159990621017183
-1.81524690492382	-0.5128508797655017
-1.8145581695454145	-0.5098732539271355
-1.8138791319530643	-0.5070703226454937
-1.8132124260090945	-0.5044435725485017
-1.8125563968237746	-0.5019993524231124
-1.8119151196942311	-0.49974222921036965
-1.811292930718995	-0.4976758733018762
-1.810695211544011	-0.49580294915894296
-1.8101282267127659	-0.4941251301899264
-1.809599079961072	-0.49264306847453787
-1.8091150517411545	-0.4913565697882198
-1.8086836051562103	-0.49026458395609057
-1.8083120172933507	-0.48936535182699453
-1.8080070782713378	-0.48865656828941373
-1.8077506220104638	-0.48808620305944556
-1.8075044835753027	-0.4875542440706361
-1.8072642445960443	-0.4870518361558028
-1.8070263682523342	-0.4865684490140202
-1.8067846944004529	-0.48609562286640917
-1.8065344731754724	-0.48562382229990125
-1.8062726242042872	-0.4851490587575252
-1.8060049434723384	-0.48467817889233594
-1.805726633604541	-0.4842063495516252
-1.8054495958853543	-0.48375179593445233
-1.805178915262007	-0.483322529368112
-1.8049191576354207	-0.4829239371623904
-1.8046754891297596	-0.48256237087124276
-1.8044533025186946	-0.4822434512962274
-1.8042580509523625	-0.4819724088600478
-1.804088925315743	-0.4817471975547169
-1.8039222370651986	-0.48153067376055075
-1.803745835309023	-0.48131165420335115
-1.8034672793175024	-0.4809870267400345
-1.8029958045978465	-0.4804619387764453
-1.8023263217449208	-0.4797479079879899
-1.801456252596436	-0.4788600474634392
-1.8003882844629508	-0.47781474608213514
-1.7991314825061397	-0.47663655273291816
-1.7977196210194335	-0.47538052056382296
-1.7961726114118526	-0.4740833411726236
-1.794500872946169	-0.47276586339696364
-1.792705948108322	-0.4714411175189765
-1.7907982182707567	-0.47011594694576375
-1.7888049345710235	-0.4688375541608056
-1.786755581156619	-0.4676130179526114
-1.784625787129151	-0.4664303774214313
-1.7823997132252574	-0.4652686984479023
-1.780061468379068	-0.46411991252243007
-1.7776227291249922	-0.4629818416944081
-1.7750916259363267	-0.4618521291642301
-1.7724813990964674	-0.4607271629136321
-1.7698079639367486	-0.4596031552588293
-1.7670258947829478	-0.45844845481429164
-1.7640666399714013	-0.4572291693612147
-1.7609202834503874	-0.4559382716810796
-1.75759876337948	-0.45457820685678063
-1.7543708584395314	-0.45325667520886187
-1.7514071473376618	-0.4520442673576294
-1.7487078174348492	-0.45093489001361997
-1.7462712164025318	-0.449923760566797
-1.7440951526238042	-0.4490068078565855
-1.7421739707871033	-0.4481809215844899
-1.7405018864677206	-0.4474425864804956
-1.739063801140801	-0.4467871100455173
-1.7378448988572102	-0.44621143662969354
-1.7368337612582516	-0.44571355712643956
-1.7360171587754503	-0.4452931732854649
-1.7353829794118614	-0.44494983284580947
-1.7349162256529884	-0.44468434917216393
-1.734595068024598	-0.444493347030844
-1.7343272456975438	-0.4443252232225777
-1.734108168195548	-0.44418106031490806
-1.7339420791843334	-0.4440674200682668
-1.7337809395966959	-0.4439489816784291
-1.7335802364834985	-0.44378653869798085
-1.7332764216502854	-0.4435283329599219
-1.7328363816966508	-0.4431461809553355
-1.7322532077167028	-0.4426221540913702
-1.7315320402024237	-0.44195685235123966
-1.730685710702183	-0.4411504690862027
-1.7297178361524839	-0.44020259907949627
-1.7286718684658993	-0.4391478367224844
-1.7275198489656676	-0.43794832175674137
-1.7262323773555555	-0.43656035371383045
-1.724807158952164	-0.43496963199502015
-1.723244522618276	-0.4331620857145935
-1.7215466083668014	-0.43112456130853904
-1.719718029823524	-0.42884608905526916
-1.7177663004507278	-0.4263194770069969
-1.7157020130429101	-0.4235431599419858
-1.7135386579227845	-0.4205231794368575
-1.711291901914105	-0.41727512067996764
-1.70897913148524	-0.41382436464500694
-1.7066228781874948	-0.41020015514633973
-1.7042055163521899	-0.4064102321837369
-1.7017100085925845	-0.40243964974708824
-1.6991264604326137	-0.3982800096626065
-1.6964570571130448	-0.3939301012001014
-1.6937177486552426	-0.38939767373146755
-1.6909298632865575	-0.3847036386577704
-1.6881257493769217	-0.3798719393190739
-1.6853209261870084	-0.37489669665322584
-1.682525166705459	-0.36976779252309816
-1.679745471069647	-0.36448855410267494
-1.6769905634475577	-0.35906703450979205
-1.674233265134221	-0.35349169447592954
-1.671440268226668	-0.3477200648889464
-1.6685856314991068	-0.34171758986469103
-1.6656520433437252	-0.33545992971388905
-1.662630485176426	-0.3289371829617918
-1.6595218324313388	-0.3221527735149836
-1.6563549282837284	-0.3151664433134715
-1.6531814006514587	-0.3080915752058396
-1.6500270100266419	-0.30093350250491613
-1.6469193211008384	-0.2936992146196402
-1.6438816355758934	-0.28642534319693913
-1.640902423882796	-0.27909240807016167
-1.63797842413811	-0.2717232058546816
-1.6351131238816796	-0.26434051654367213
-1.632294997087699	-0.25692459128801554
-1.629518377610695	-0.24948568502319832
-1.6267770146537173	-0.2420162470332426
-1.6240576463175065	-0.23452152268142631
-1.6213551023211574	-0.22700583230657817
-1.6186653371271587	-0.21947943047220933
-1.6159879969865019	-0.2119427008920577
-1.6133220035906357	-0.20440076978594218
-1.6106730930052686	-0.19686120097934956
-1.608045105730992	-0.18933249080962344
-1.6054335710586474	-0.18180095725163972
-1.6028270959003692	-0.17426574470934017
-1.6002202242636798	-0.16671723024863905
-1.597643153330687	-0.15923570316921654
-1.595088024343222	-0.15177861650078828
-1.592496120453455	-0.14428452998139693
-1.5898224580431979	-0.1367610347835358
-1.5870299198573963	-0.12923257256749332
-1.5840618060827871	-0.12164923583998627
-1.5809372772846444	-0.11409056393587298
-1.5776791478625307	-0.10659354015614446
-1.5743095365483428	-0.09913978840788722
-1.5708246389478229	-0.09176742414216456
-1.5672010911783392	-0.08447708834127282
-1.5634356514158223	-0.07727437178327612
-1.5595627428966927	-0.07016731115846234
-1.5555717052439135	-0.06312471654263842
-1.5514552544498927	-0.056133270821751846
-1.547217872208613	-0.04918563605993506
-1.5428844817126084	-0.042312203904058356
-1.5384578074082422	-0.03549826447534987
-1.5339403398801243	-0.02874165831070525
-1.5293371878356274	-0.02204769139124517
-1.5246979732738666	-0.015474652556194124
-1.5199913750978176	-0.008977664940127458
-1.515256410409566	-0.0025535443173475437
-1.5105549434363719	0.0037860350947303053
-1.5059372257446717	0.010039588563432346
-1.5014417840111827	0.01620955640675205
-1.4970329544927365	0.022380901478840812
-1.4926434419197856	0.02863979086526528
-1.4882682938341911	0.03499203936579634
-1.4838708681706865	0.041507478003939176
-1.479508059260021	0.048102354866973854
-1.4752182135026062	0.054679082501563774
-1.4710185710038117	0.0611724637457176
-1.4668969623691344	0.06755394368121553
-1.4627798276102582	0.07388827232580403
-1.4585675713580415	0.08030264955267677
-1.4542348403657501	0.08682343812411772
-1.4497572450700846	0.09346568034613104
-1.4451840559869364	0.10012614110342784
-1.4405839114390455	0.10670128360557822
-1.4359899484491825	0.11316453351606784
-1.4313637667740033	0.11958685248760184
-1.4266122235609762	0.1260801319172222
-1.4217942279247777	0.13256021800168558
-1.4169174682881156	0.13901124418955382
-1.412001297724589	0.14540903736327748
-1.407058003237756	0.1517563477893295
-1.4020772316091088	0.15807591824899062
-1.3970590697479848	0.1643695264908985
-1.3920026106446062	0.17063691173044235
-1.3869432848599483	0.17684321049710305
-1.3819294282424268	0.1829648853476494
-1.3770222027668466	0.18897076989610143
-1.3722172654796667	0.19489617102063087
-1.3674101525030593	0.20088344231797073
-1.3625818387037179	0.2069574359456752
-1.3577156363730112	0.2131567075525287
-1.3528772479858415	0.21941504898695557
-1.3480946437673917	0.22568682708492777
-1.3433457017496728	0.23199577117524758
-1.3386212639634816	0.2383341123112555
-1.3338992494580337	0.2446955982485718
-1.3291475573138127	0.25106796724875313
-1.3243103759514085	0.2574626847557656
-1.319337132026694	0.2638882079607117
-1.3142639127971745	0.2702428912551094
-1.3091241898854227	0.27648210493230574
-1.3039112249223495	0.2826333809082625
-1.2985873234800378	0.2887437313182798
-1.2931722095853522	0.29480479015436695
-1.2877316668326784	0.30073381259120313
-1.2822012478261977	0.30658780050733403
-1.2765270763454588	0.3124065898489004
-1.2707622970042256	0.3181413451469874
-1.2649212393495852	0.32378506606718493
-1.2590012663313483	0.3293515417110292
-1.2530014883253002	0.3348389875741006
-1.246937344545038	0.34023769771003687
-1.2408121693205043	0.34556149827838617
-1.234627795098561	0.35081267785207515
-1.2284006658409818	0.3559921423178197
-1.2221733276448679	0.3611196374475539
-1.2158984628029947	0.36617417496986115
-1.209503718756734	0.37112686028183123
-1.2030422118924278	0.3759847856480728
-1.1965276127752362	0.38077849159351346
-1.189968886039479	0.3855024186585468
-1.183362781379982	0.39016612834405034
-1.1767071883636446	0.39476918879350287
-1.1700114454069972	0.39930633660587833
-1.163283370695603	0.40377205296536456
-1.156533756340548	0.4081252896984333
-1.1497009997300596	0.4123905758807326
-1.1427841446431144	0.4165835377472161
-1.1358501599132285	0.42065377464742887
-1.1289842974587712	0.42458646069954903
-1.1222127918824036	0.4283974140187329
-1.115439417053284	0.4321640517400849
-1.1085496461673583	0.4359604916698762
-1.1015534098025592	0.43979027861076436
-1.0945588431433437	0.4436151770019996
-1.0876240795647782	0.4474405346949654
-1.0807159891769054	0.4513239637850264
-1.0738387768691249	0.4552740230162711
-1.0669952453540508	0.4592841778684481
-1.0601693043494052	0.46335374922259576
-1.053404008032441	0.46745321216076935
-1.0466753663599304	0.4715981509834009
-1.0399630213051538	0.47580542129000586
-1.0332643510702313	0.48005442272862753
-1.0265874632212504	0.48433990174355623
-1.0199203276683577	0.4886421203746046
-1.013216531318897	0.4929513736957176
-1.0064366317639009	0.4972394362840841
-0.9995575452153969	0.5014693352115862
-0.9925382986343382	0.5056258111238088
-0.9854467654904028	0.5096626934071542
-0.9782931368443191	0.5135781551049955
-0.9710714181021683	0.5173857633620021
-0.9638095120683647	0.5210674488140826
-0.9565248214211757	0.5246218321067552
-0.9492280840288378	0.5280681199280807
-0.9419053515422843	0.531418085225233
-0.9345574976295781	0.5346737563050309
-0.9271481968853427	0.5378577057077474
-0.9196895048587003	0.5409755457109624
-0.9121985121338683	0.5440222343818284
-0.9046853873682271	0.5469964496169463
-0.8971475930242833	0.5499081191725386
-0.8895890146197102	0.5527561595138745
-0.8820891520416982	0.5555026654149037
-0.8746352675356885	0.5581323494607735
-0.8670886476758989	0.5606806093131194
-0.8594974191282319	0.5631567360380686
-0.8519893327141316	0.565550831438115
-0.8446106771415666	0.5678898959060668
-0.8373227430306127	0.5702086304455066
-0.8300003527136991	0.5725554503981705
-0.8226140641180465	0.5749379212913085
-0.8151371442985073	0.5773749462137758
-0.8076150700528691	0.5798595828039713
-0.8000397664715603	0.5823817362067636
-0.7924709745368215	0.5849193156690857
-0.7849293700531619	0.5874644436527386
-0.7773894452992298	0.5900270991268185
-0.7698337491600925	0.5926097401387487
-0.762278482556024	0.5952037606568474
-0.7547255638204334	0.597807188158671
-0.7471692085657102	0.6004245418248125
-0.7396241779780928	0.6030440840092471
-0.7320664692028696	0.6056710897806665
-0.7245103719431408	0.6082845432306144
-0.7169416048124987	0.6108992897721486
-0.7093702424029542	0.6135094803755563
-0.7017996150094905	0.6161154868199437
-0.6942350055485261	0.6187181149155544
-0.6866934143181096	0.6213115295228449
-0.6791384607411386	0.6239076273395564
-0.6715693031447045	0.6265050229351626
-0.6639969637824014	0.6290982540075505
-0.656379037680018	0.6316978829255527
-0.6487313940248706	0.6342818466021859
-0.6410857514314583	0.6368234183518026
-0.6334476557303965	0.639323253333862
-0.6258036413672506	0.6417867179661975
-0.6181485293051762	0.6442236487773794
-0.6104848473824203	0.6466335561775496
-0.6028162678211371	0.6490160161664851
-0.5951524934289972	0.6513737159175993
-0.587491666986511	0.6537011580797573
-0.5798584771727033	0.6559930305602877
-0.5721584715094938	0.6582523265119047
-0.5644187792020657	0.660470977347596
-0.5566675078481991	0.6626467618362909
-0.5489044321528455	0.6647820162622937
-0.5411431558512816	0.6668745331268904
-0.5333774653615275	0.6689196715928977
-0.5255960623464886	0.6709255976686856
-0.5177985239539801	0.6728974384641331
-0.5099949419675632	0.6748319314865089
-0.5022167235541346	0.676724780439889
-0.4944356964302391	0.6785723455414153
-0.48661485285175676	0.6803893765169604
-0.4787809579849647	0.682172917726761
-0.47093923892719836	0.6839229360081495
-0.46308958494845254	0.685642026538113
-0.4552320247400492	0.6873322211454804
-0.4473669241763841	0.68899389278503
-0.43950138490513774	0.6906295330582932
-0.43163360099958636	0.6922372549177278
-0.4238069606887231	0.6938085266979893
-0.4159891256455105	0.6953654731675438
-0.4081557257058723	0.6969278076952351
-0.4003356226888818	0.6984994476632489
-0.3925288402508336	0.7000727904172699
-0.3847024363506918	0.7016575269759545
-0.37686726098630446	0.7032448161421546
-0.36902781938725654	0.7048327783485556
-0.36118427885789833	0.7064209318985626
-0.35333738602095377	0.708009162936376
-0.34543308836722453	0.7096040302471942
-0.337485288139508	0.7111805662425312
-0.32954723567729305	0.7127139678683847
-0.3216520936714308	0.7142002823667261
-0.313756929083718	0.7156568305795907
-0.3058641157640432	0.7170881797214108
-0.29798637085047225	0.718493677121639
-0.290097877816995	0.7198760620957004
-0.28219835933691734	0.7212383842109628
-0.27429467916468675	0.7225809033340941
-0.26638725015476833	0.7239055622740441
-0.25847150894949517	0.7252143531449724
-0.250548673601222	0.7265052325303929
-0.24262278747252558	0.7277781556304885
-0.23469412087121075	0.7290346057140757
-0.22676498994323852	0.7302772163809801
-0.21885091540665705	0.7314970738319972
-0.21092997614271963	0.732705568877169
-0.2030125241952843	0.7339018105558355
-0.19511046935576415	0.7350859356082405
-0.18723139993786878	0.7362564026644477
-0.17929877730326715	0.737408635650641
-0.17135232720478566	0.7385356417891817
-0.16340618683635263	0.7396374168180323
-0.15546116395212922	0.7407216525658851
-0.14751087395649695	0.7417933257472449
-0.13955552413356154	0.7428514151364267
-0.131597513658944	0.7438952804517405
-0.12363891085766437	0.7449268491486721
-0.11569785528638925	0.745940347396626
-0.107753754162907	0.7469430681389981
-0.09981561038150157	0.7479409200174051
-0.09189235037072982	0.7489319213709431
-0.0839581559356772	0.7499219229606874
-0.07602376687471464	0.7509067836587272
-0.06808504959173817	0.7518891059503726
-0.06014256686570101	0.7528688752193978
-0.05219572886944409	0.7538465519838705
-0.044245539525267344	0.7548221329481065
-0.03629291210226272	0.7557959875463159
-0.02834345553871976	0.7567695638770436
-0.020394189173706605	0.7577461808158289
-0.012455184954301497	0.7587258759993104
-0.004522668627469183	0.7597064280049606
0.0033980337276626753	0.7606900599711655
0.011304287900537368	0.7616740052908985
0.01923221767317591	0.7626644937425706
0.027159783478748353	0.7636560950756748
0.03509133568147391	0.7646506652764891
0.043026827008984435	0.7656473142221277
0.05096147005782787	0.7666417491544507
0.05885168157789915	0.7676260085781633
0.06675522664261264	0.768636762305642
0.07468082241034149	0.7696828116943415
0.08261124280424618	0.7707545643559396
0.0905259113920602	0.7718433737413732
0.09842686540929677	0.7729462835692847
0.10631453259087201	0.7740692007410999
0.11417615304702367	0.7752092472116461
0.12205745967634143	0.7763716774400967
0.12993998011116734	0.7775462522655441
0.13785785833606928	0.7787223127497414
0.14578125229787653	0.7798862544910522
0.1537106639870457	0.781043800696758
0.1616454324854136	0.7821928398206834
0.16957885469153464	0.7833341383276824
0.17751276487412102	0.7844708360666647
0.18543689201447425	0.7856038787282297
0.19335353297984342	0.7867314730499678
0.20127497812546227	0.7878576069811969
0.20921071478894987	0.7889861920584188
0.2171154565955926	0.7901174069686357
0.22501171750048068	0.7912541296153976
0.23291472261004184	0.792400042763714
0.24082024317185008	0.7935520518894165
0.24872840170464733	0.7947106658545889
0.25664000262875514	0.795876373629436
0.26455508227845415	0.7970483820972039
0.2724729064427169	0.7982258066980267
0.28039164845571607	0.7994080472044769
0.2883449446466511	0.8006014770541181
0.296276533522306	0.8017883962957837
0.30418858756822337	0.8029630344900277
0.3120905399454197	0.8041346450329002
0.31997951138775865	0.8053000705489616
0.32788710271331317	0.8064677077456935
0.33579350043095524	0.8076338072557244
0.34370442816298097	0.8088012017994543
0.3516188881373928	0.8099683442591961
0.3595373701191961	0.8111361464407966
0.3674409790527914	0.8123061783364005
0.37534481025960315	0.8134928542727892
0.3832498365485446	0.8146948412081388
0.39116931002400973	0.815916359282623
0.3990689031120265	0.8171436054772208
0.40696391413797117	0.8183751987395315
0.4148468514616805	0.8196178042273276
0.42270917722575946	0.8208655516375888
0.43058880851533976	0.8221276298269208
0.4384705831171764	0.823397879363255
0.44634677731928735	0.8246690211762586
0.4542642515154896	0.8259287788537277
0.46219070576859833	0.8271718333905025
0.47011347499104733	0.8283997550912451
0.4780391230128102	0.8296200137845952
0.4859693347311838	0.8308306152676059
0.49388106956190664	0.8320301357940474
0.5017919018681003	0.8332175730976853
0.5097080596412055	0.834399748051331
0.5176144956823201	0.8355765340400071
0.525505600959786	0.8367458200162723
0.5334178525915654	0.8379146550000864
0.5413309721796364	0.839076537667601
0.549248375250975	0.8402342969019964
0.5571696520099455	0.8413884040648489
0.5650946005449223	0.8425393587257091
0.5730239770691159	0.8436874602095995
0.5809561721542064	0.8448318959968377
0.5888886425071364	0.8459719907153823
0.5968189623439303	0.8471105771208196
0.6047072459768421	0.8482407503211935
0.6125778153852851	0.8493737871354704
0.6204324392984893	0.8505136134832298
0.628285912628563	0.8516554809989139
0.6361848378674666	0.8528054066637545
0.6440944510768921	0.8539576037450477
0.6520061404276077	0.8551102005795755
0.6599215714828093	0.8562645635730671
0.6678409702790936	0.8574206622639372
0.6757644105086186	0.8585780468392579
0.6836232842747201	0.859733131819193
0.6914915346482461	0.8609167183726977
0.6993783035341183	0.8621396818938193
0.7072556973448748	0.8633900758453019
0.7151270488010321	0.864658209756021
0.7229716817106174	0.8659492583739263
0.730796855551967	0.8672613496868943
0.7386356043463996	0.8685981309257175
0.7464949771314825	0.8699560141026323
0.7543545689458697	0.8713298119070906
0.762219744257538	0.8727170938413121
0.7701118702393032	0.8741078928422981
0.778067926979162	0.8754765921356931
0.7860250154405608	0.8767854042794153
0.7939939687182767	0.8780430925789284
0.8019633809113823	0.8792487326566165
0.8099051581771074	0.8803963718528621
0.8178538748113302	0.8815061257244877
0.8257940535797539	0.8825811255927906
0.833743899092431	0.8836234883415759
0.8416936701365575	0.8846367763855035
0.8496276432444547	0.8856334198248474
0.8575326934716895	0.8866405063814267
0.8654478075679588	0.8876718403115355
0.8733697628670474	0.8887177651947769
0.8812943987025641	0.8897763963613813
0.8892199293746855	0.890847420959018
0.8971446752677833	0.8919298111520078
0.9050728207571961	0.8930278259285397
0.9129825980808846	0.8941321974454354
0.9208916534859726	0.8952474015309992
0.9287763231193846	0.8963748873929488
0.9366541851264746	0.8975113476033618
0.9445506586697208	0.8986634294329071
0.952449134254751	0.8998250940656859
0.9603501919527206	0.9009956566895163
0.9682549751570227	0.9021751503920851
0.9761633305150885	0.9033627214692566
0.984074497167291	0.9045574835863859
0.991988303693114	0.9057588765632962
0.9998262736156996	0.9069612261888481
1.0075781828102355	0.9081780919366754
1.0153543982835898	0.9094363497740497
1.023180017891695	0.9107394451204236
1.0309634751171861	0.9120840559023822
1.0387248449259348	0.9134643764636132
1.046512228655367	0.9148869440224647
1.0543356475094927	0.9163481238577716
1.0621615481348203	0.9178382484537202
1.0699866186391658	0.9193549493600373
1.0778098107223193	0.9208957062841351
1.085677345721993	0.9224593287483992
1.0936437778261605	0.9240284923056923
1.1016212441565223	0.9255635766819721
1.1095408310814232	0.9270439488861582
1.1174441799720656	0.9284896755958972
1.1253501229383647	0.9299028234494124
1.1332556689357194	0.9312890079251279
1.1411470985307786	0.932640451035954
1.1490552388738529	0.933968930161654
1.1569688171836243	0.9352743216465352
1.1648825001414778	0.9365597464692035
1.1727753119695492	0.9378383763961904
1.1806622275627916	0.9391287930287223
1.1885508729387075	0.9404310584746839
1.196439636286583	0.941744832721389
1.204342854983906	0.9430721067644513
1.2122399426902715	0.9444023095327019
1.2201247356593057	0.9457364151318427
1.228005345877191	0.947070901120652
1.2358523579511418	0.9484072308007454
1.243695260940068	0.9497427248386165
1.2515713933844388	0.9510848637599191
1.25945278537909	0.9524264421992048
1.2673368973573713	0.9537676302930491
1.2752249506299402	0.955109434439674
1.2831170589877643	0.956451735159642
1.2910125355178879	0.9577938911326341
1.2989092888394995	0.9591353358083899
1.3068049798071122	0.960477497608072
1.3146309346096325	0.961812596273026
1.3224180391345661	0.9631542866991323
1.3302509723999503	0.9645290829482572
1.3380736507813937	0.9659353227986641
1.3458753603157905	0.9673628800895914
1.3536981962906707	0.9688213819046073
1.3615291397505096	0.9703044410853621
1.369358664851242	0.9718084846586866
1.3771878622022842	0.9733346032302086
1.3850187722960046	0.9748825537169469
1.3928384116262822	0.9764483827550343
1.4007116070217118	0.9780418454223929
1.4086057637455407	0.979642587425197
1.4164617466295	0.9812300062758591
1.4243088042870522	0.9828089823933175
1.432152495312226	0.9843824291153644
1.4399842487771848	0.985954542460788
1.4477973009618117	0.9875209608016384
1.455635081181001	0.9890923995626846
1.4634752684557313	0.9906612507624608
1.4713192326282414	0.9922291672631831
1.4791807393967256	0.993793869607282
1.487057877372455	0.9953407747650929
1.494940657551443	0.996867960606808
1.5028232215637953	0.9983764101631145
1.5107097859365253	0.9998730526422857
1.5185883315942938	1.0013489719173765
1.5264695913691133	1.0028089306532828
1.5343498165782723	1.004252481328911
1.5422120379676392	1.0056855309452668
1.5500918142391478	1.0071139552069808
1.5579430828100134	1.0085557969137342
1.565759922333176	1.010025751710417
1.5735820134664888	1.0115299762792942
1.581411267636861	1.0130597274648108
1.589241314965996	1.0146102360105846
1.5970686856507963	1.0161814529845323
1.604892430704643	1.0177735786460473
1.6127157404448356	1.0193902141456264
1.6205243758604908	1.0210206385833749
1.6283387000281542	1.022668710043121
1.6361110787939661	1.0242987285844136
1.6438571523399441	1.0259005665526444
1.651629066920892	1.0274795253391533
1.6594570138404283	1.0290416589689653
1.6673388225695491	1.0305817743586014
1.6752289749461886	1.032089213267573
1.6831248767788407	1.0335671046041028
1.6910292192085248	1.0350180706584624
1.6989406353455976	1.036441604381497
1.7068035993088986	1.0378338208830034
1.7146495063513483	1.0392175488400066
1.722497648788185	1.0405958424705526
1.7303740444537203	1.0419768875476145
1.738246020236921	1.0433556599584328
1.7461058223994075	1.0447320697353046
1.7539645310725682	1.0461026343399105
1.7618431963812815	1.0474756208426093
1.769722278447756	1.0488439188136909
1.7776056188739375	1.0502104530454537
1.7854540489170485	1.0515758808037388
1.793301347767672	1.0529721579673443
1.8011602692892215	1.0543990132872192
1.809015713477204	1.0558446215249921
1.816873028418986	1.0573125251941857
1.824705052300409	1.0587920367702675
1.832541516220477	1.0602960624287048
1.840368569522873	1.0618165426461394
1.84817158344718	1.0633587013671582
1.8559564341033994	1.0649191334155377
1.8637321598274978	1.066497186395855
1.871561020020735	1.0680893614887406
1.8793973371202994	1.069683617345751
1.8872332100059899	1.0712802570730657
1.8950712245559909	1.0728824888785748
1.9029122405626726	1.0744893483803497
1.9107535747784177	1.0761001379454773
1.918590281305279	1.0777167125754403
1.9264208731821013	1.079331058269222
1.9342540031109074	1.0809494236097312
1.942082136249374	1.0825677890624665
1.949918244134868	1.0841971636316967
1.9576741384208922	1.085814778673742
1.9654374955169531	1.0874205569194866
1.9732867802360197	1.0890234435003983
1.981148793801147	1.0906076006366896
1.9890180181892618	1.0921737140882772
1.996894449861312	1.0937214796857824
2.0047763052317724	1.0952504861166248
2.0126608467854545	1.096761178949002
2.02048150692752	1.09824834180655
2.0282614036329663	1.0997189665319893
2.03609768379453	1.1012023143199143
2.0439482469724712	1.1026940538439067
2.051779500082083	1.1041900362306274
2.0596046539520274	1.1056876805787117
2.0674502935464494	1.1071957508498096
2.07529595789524	1.108707059048168
2.083143830476063	1.1102234370919053
2.0909947493396546	1.1117451974132215
2.0988237172642212	1.1132726825479204
2.1066657658671097	1.114824573773725
2.114510976828315	1.116390092812608
2.122344616925976	1.1179649927469801
2.130171009070966	1.1195438747953788
2.138000155542564	1.1211367659325309
2.1458215416567294	1.122738261899703
2.1536203129192515	1.1243528434243044
2.1614078767663334	1.1259758609494008
2.16921581056283	1.1276170248352375
2.1769967965846435	1.1292571842668817
2.1847674160973045	1.1308671935426098
2.192666751088737	1.1324419350850332
2.2005885708334216	1.1339535348034286
2.2085230403104754	1.1354133776100384
2.216467083773443	1.136820491232286
2.2244179400037187	1.1381770703051381
2.2323629145437156	1.1394734231916874
2.2403219371845555	1.1407205106556064
2.2482787376415607	1.1419199136956595
2.256134826221283	1.1430476214808227
2.2637625812399023	1.1440808087901673
2.2711023213543746	1.1450047522713735
2.278109710344257	1.1458145046971129
2.2847564833275857	1.1465107492306632
2.291028847336759	1.1470992207856203
2.2969252637184696	1.1475888432999575
2.302453656260291	1.1479903340692539
2.3076289831880907	1.148314904921871
2.3124707121699135	1.1485733662483275
2.317000768655328	1.148775650134145
2.321241838649744	1.1489305407986847
2.3252160321583375	1.1490455862453728
2.328943862984715	1.1491271271287005
2.3324419989356264	1.1491814509242892
2.3357114241923878	1.1492120907829075
2.338750884384779	1.1492227934060886
2.3415600950484454	1.149218874452085
2.344138884876231	1.1492052460743143
2.346487320650812	1.1491872093343904
2.34860577758612	1.14916921682675
2.3504945037345486	1.149152879403007
2.352154676275187	1.1491401873234253
2.353587373633686	1.1491338273439242
2.354794161698907	1.149134038114657
2.3557769437679155	1.1491407208664413
2.3565370562119576	1.1491533468970971
2.357079269728406	1.1491665424037016
2.3574069425171813	1.1491779408828542
2.357530203955322	1.149180408642262
2.357567915750414	1.149178973290482
2.357663483856651	1.1491844520324705
2.3577335378241506	1.1491897348097997
2.3577266996784267	1.1491849071366982
2.3576475618050887	1.1491700232995699
2.3575115812446765	1.1491449172499824
2.3573830390699744	1.1491188529895728
2.3572579775244065	1.1490923971495284
2.357133318019229	1.1490637836063329
2.3570095572162195	1.1490335858458034
2.356939374702735	1.1490153931638027
2.356978996415661	1.1490239173448638
2.3571237311362	1.1490578299066878
2.357362308404413	1.1491164470858473
2.3575519108178318	1.1491644804619523
2.3576668481896044	1.1491925658439162
2.357719614705869	1.1492051797131295
2.357764117057232	1.1492171510167462
2.3578100706474276	1.1492284430921946
2.357855481195118	1.149239278955514
2.3579002495444827	1.1492498961025015
2.35794540718871	1.1492604729211446
2.3579902204709593	1.1492704918220054
2.358035435085887	1.1492806302096552
2.358081026789446	1.1492904550782208
2.358125648982823	1.1492996938618205
2.358169813869006	1.1493088319651248
2.3582146559149173	1.1493180028289927
2.3582592664700783	1.1493267038066213
2.3583035885494197	1.1493351255481068
2.358448685561171	1.149359060004303
2.3585932218301395	1.1493853129408766
2.3585995590418563	1.1493870625213747
2.3585643297187397	1.149382593629859
2.3585477106931974	1.149379668375471
2.3585511067652978	1.1493814104291764
2.358547092525965	1.1493799675563556
2.3585440664448654	1.1493794293585717
2.358539477130842	1.1493789215384493
2.358536993234898	1.1493788168045387
2.3585287093132083	1.149377863995446
2.358525300151822	1.1493773451874336
2.3585197686719717	1.14937642160102
2.3585160286572386	1.149375944507852
2.3585115130103844	1.149375413127863
2.358507776702995	1.149374948260401
2.3585034735139248	1.1493744623663054
2.35849967078435	1.1493739838221273
2.358495532839183	1.1493735156621152
2.3584916118459707	1.1493730340238903
2.358502570313534	1.1493745310400694
2.358509549226872	1.149375422762952
2.3585136712827017	1.1493760215215185
2.3585182342675006	1.1493768441863066
2.3585238114017804	1.1493778615536658
2.358529480545173	1.1493788615953413
2.3585348378466615	1.1493797715439316
2.358539943570686	1.1493806203822452
2.3585450185350902	1.1493814697846096
2.358550014050407	1.1493822991842966
2.3585226642249473	1.1493820694428576
2.358501626180057	1.1493779077723738
2.3584939962410423	1.1493769255069979
2.3584826287900627	1.1493745143088598
2.3584742269735397	1.1493732511098667
2.358463927495337	1.1493711887365918
2.3584548235152996	1.1493697102565688
2.358445539135236	1.1493679426086372
2.358436697516953	1.1493664396924386
2.3584276236894555	1.1493649209140784
2.3584299365153054	1.1493672567149948
2.358427751213654	1.1493660550383653
2.3584263823227634	1.1493659377301442
2.3584233427612684	1.149365476134443
2.358420368915685	1.149365210278204
2.3584178318990023	1.1493647839000423
2.3584152783655106	1.1493645734033409
2.358412689192427	1.14936432778219
2.358410080177123	1.1493640743244604
2.358407487065369	1.149363837870039
2.3584049865588628	1.1493636115244386
2.358419991041676	1.1493663381389183
2.3584300578890303	1.1493679906440355
2.35844265855169	1.149370365249129
2.358451580634958	1.149371735284485
2.358461456823795	1.1493738619616847
2.358472236214149	1.1493759447447482
2.358482402190966	1.1493777968318253
2.358492697662599	1.1493797132169357
2.358502979083343	1.1493816432145014
2.3584954548218984	1.149382671694706
2.3584930081774003	1.1493823287610103
2.3584895181617824	1.149381747741939
2.358489414877915	1.1493829073792112
2.3584879997015986	1.1493822394041235
2.3584874184513716	1.1493825709825929
2.358486715256169	1.1493827997029074
2.358485395487684	1.149382501127407
2.358484011819602	1.1493825523875
2.358482642116076	1.1493825252272611
2.358481105733852	1.1493824535822967
2.358479703572265	1.1493825172378451
2.3584782852575916	1.1493825350512568
2.35847695164983	1.1493825539708027
2.358475630733124	1.149382613132852
2.35847431533218	1.1493826216746144
2.358473043915821	1.1493826749663802
2.3584717325078586	1.1493826957791708
2.358470448926079	1.1493827224454947
2.358469136226597	1.149382752489507
2.358466456247316	1.149382465888488
2.3584639916745513	1.1493822310976172
2.3584615058369276	1.149381908723714
2.3584592933406507	1.1493817694107362
2.3584570359526187	1.1493816142206954
2.3584548713503413	1.1493814402848477
2.3584526994462096	1.1493812925079638
2.3584505341037247	1.1493811418941235
2.358448381005721	1.1493809853875698
2.3584462727368	1.149380840693666
2.3584629457573656	1.1493836462035603
2.358474532532594	1.1493856816565482
2.3584844331300747	1.1493872015499114
2.3584954760363317	1.149389645709902
2.3585074153803856	1.1493919704514561
2.3585187123256617	1.149394021123631
2.3585302782730455	1.1493962231481896
2.3585417035672167	1.1493983857915815
2.35855336387811	1.149400627019915
2.3585648031340845	1.1494027743394861
2.358594706121698	1.1494083026247814
2.35861360711118	1.1494117867522866
2.3586375695528945	1.1494163069049315
2.3586555821245394	1.149419267822081
2.358676403364885	1.149423216150664
2.3586958533872013	1.14942675772985
2.358716122712738	1.149430356155669
2.358735975559868	1.1494338164159195
2.3587558668937953	1.1494372574206178
2.3587759294317783	1.1494407573402943
2.35888194672513	1.1494560944093934
2.3589887008073585	1.1494737692891246
2.3589779226018717	1.149472947982982
2.358963499764552	1.149470249358868
2.358957161752017	1.1494697832295715
2.358946500120763	1.149467449003449
2.3589422931128037	1.149467324779624
2.3589349044321595	1.1494658059437977
2.358929594141493	1.1494650994301205
2.3589232574652206	1.149464157351319
2.3589182068152468	1.1494635308153833
2.358913023627604	1.1494627628963445
2.358907801477581	1.149462066159453
2.358902710650397	1.1494613184746156
2.3588974939547422	1.149460618940081
2.358892702378133	1.149459941694231
2.358887711918712	1.1494592613406194
2.3588829746316633	1.1494585791093646
2.358878046744293	1.1494578997583722
2.3588733588035398	1.1494572304154465
2.3588702038710396	1.1494571536503866
2.3588667847824816	1.1494565307153188
2.3588638918615628	1.1494562392745007
2.358860253162724	1.1494557971241803
2.3588569390280223	1.1494553640096494
2.358853593822233	1.149454921582474
2.3588503481646805	1.1494545284124713
2.3588471958487798	1.1494541509493295
2.3588441127596713	1.1494537937440692
2.358840955951033	1.1494534150926219
2.358864116259955	1.1494572612942031
2.3588909834700362	1.1494624660243438
2.3589122474645974	1.1494658150194121
2.3589366138274044	1.149470439305454
2.3589524403757576	1.1494725856620773
2.358970768898905	1.1494758046232798
2.3589884783870554	1.1494789505372378
2.35900850397215	1.149482663102426
2.3590268908545893	1.1494855096482899
2.359045863739281	1.1494886908390984
2.359051437146762	1.1494885357027147
2.359060127994055	1.149490672737037
2.359068797135515	1.1494920014087295
2.359080585798741	1.1494940081210887
2.3590922004915877	1.1494958218741884
2.3591040596492925	1.14949778295565
2.359115047044157	1.1494995013786125
2.3591262701337	1.149501289070413
2.359137561359048	1.1495031020526094
2.359148592822251	1.1495048466399678
2.3592433152917573	1.1495177666438032
2.3594973517345017	1.1495526888105976
2.3597574272294506	1.1495890711896781
2.359884982130818	1.1496064102844101
2.359883384387186	1.1496062418706015
2.3598541697067237	1.149601015397874
2.3598406677250066	1.1495997007371623
2.359824108063294	1.149596158550058
2.3598079202136866	1.1495937244305332
2.3597919888105423	1.1495912396724561
2.3598084781916127	1.1495927018197423
2.3598155824399805	1.1495937646017524
2.3598258195944637	1.1495953887670702
2.359825502699866	1.1495955811586884
2.359826640536983	1.1495955356617231
2.3598278520408114	1.1495955884915983
2.359831698004967	1.1495958019828394
2.359834715106805	1.149596220705945
2.3598377136556428	1.1495966655725918
2.3598399203712126	1.1495969474700887
2.359841160919229	1.1495971966127285
2.3598426575195743	1.1495972348960672
2.359844154309584	1.1495975012670592
2.3598458310172843	1.1495976921272575
2.359847447045401	1.149597943256226
2.3598490715941134	1.1495981385588532
2.35985067316896	1.1495983867553838
2.3598523383644747	1.149598612289512
2.3598540027549606	1.1495988487217996
2.359855701615398	1.149599086640873
2.35985727298919	1.1495992547723257
2.3598588338078335	1.1495995065435631
2.3598604435916246	1.1495997121810126
2.359862038677748	1.1495999391772107
2.359863776367815	1.1496002202707678
2.3598655425862463	1.1496004405023132
2.3598672457043643	1.1496006716074612
2.3598689693099852	1.1496009218321197
2.3598706938744813	1.1496011562192785
2.359872418137317	1.1496014011887365
2.3598746368835926	1.1496018921189268
2.3598769465807146	1.149602110372103
2.359879018952498	1.1496024118217991
2.3598811563046365	1.1496027441137313
2.359883321093849	1.1496030655624883
2.359885501460622	1.1496033796373495
2.359887626631887	1.1496036730639052
2.3598897497197266	1.1496039975065624
2.3598918896414607	1.1496043037597323
2.3598940308367617	1.1496046221742455
2.359896584488116	1.1496051217574235
2.3598991260560545	1.1496053975782052
2.3599016077974158	1.149605767952649
2.359904127289932	1.1496061352416715
2.359906639677968	1.1496064948209261
2.359909143961815	1.1496068484671966
2.359911651161998	1.1496072162398325
2.3599141544931457	1.1496075670720058
2.3599166547529933	1.1496079347219184
2.3599191569526163	1.1496082866045787
2.359920751886423	1.1496087216065962
2.3599230972421266	1.1496087744406862
2.359924856560898	1.1496089837019048
2.359927049673345	1.1496094039210472
2.359929205047911	1.1496096457921496
2.359931286995011	1.1496099616645927
2.3599334009376047	1.1496102633641556
2.3599354516456885	1.1496105425970673
2.359937503188161	1.1496108470526416
2.3599395598576938	1.1496111357109455
2.3599437627154987	1.1496120115608923
2.359947260864061	1.1496123888457306
2.359950737340985	1.1496128404136674
2.3599542041783366	1.1496132911448291
2.359956901085964	1.1496135341812117
2.3599597446366487	1.1496139646152448
2.3599630140481627	1.1496144728293276
2.3599659641030124	1.1496148294071276
2.359968888445309	1.1496151123108058
2.359971696567548	1.1496155783093045
2.359974271725081	1.1496157582934852
2.3599767491249857	1.1496162402647099
2.3599793995151113	1.149616585049106
2.359981953692385	1.149616949880555
2.359984500425247	1.149617286285693
2.359987015752283	1.149617662700419
2.359989548555978	1.1496180143529955
2.3599920983690805	1.149618393852818
2.359994662057368	1.1496187433969487
2.359997179854973	1.1496190917226345
2.359965987349489	1.1496198960000374
2.35994941729763	1.1496165462885295
2.3599352948104673	1.1496146539260772
2.3599249260265545	1.1496132649051825
2.3599154297288507	1.1496111126395607
2.3599041455023877	1.1496092751659939
2.359893318599984	1.1496075052928683
2.3598827108646927	1.1496056723815664
2.3598721364143995	1.149603803407672
2.3598619758436667	1.149602089776628
2.3598749207562375	1.149603345690206
2.359883841185592	1.1496048137867538
2.359894369589134	1.1496064546429245
2.3598969918344905	1.149606363631112
2.359900836404981	1.1496071571881419
2.3599046989344243	1.1496077480723808
2.3599106492920905	1.1496087682630094
2.359916797245941	1.1496096683367532
2.3599229644139523	1.1496105594782577
2.359928383230487	1.1496112705814074
2.359933017186268	1.1496118678649705
2.359937659474347	1.1496125219370104
2.3599422955373948	1.1496131687802986
2.35994692499371	1.1496138153460338
2.359951562343268	1.1496144608026595
2.3599561077582174	1.1496150828337899
2.3599606410103195	1.1496157058835978
2.3599651167204803	1.1496163135503248
2.3599695836431334	1.149616920601387
2.359974046755671	1.1496175236451163
2.3599717049566418	1.1496205795849321
2.3599713481649354	1.1496204912577024
2.359971279486639	1.1496211154160074
2.3599721038146906	1.1496208341821452
2.3599722438196555	1.1496206339520922
2.3599724677788934	1.1496206387834043
2.3599728343256077	1.1496206309100694
2.359973202878501	1.149620572027821
2.3599735689537487	1.149620537620832
2.3599739535379403	1.1496205009104612
2.359974968787636	1.1496211772780804
2.359976242000811	1.1496212810352424
2.3599773335848466	1.1496215730315786
2.359978330274647	1.1496217363917833
2.3599792961930177	1.1496219655164612
2.3599802641731373	1.1496221880452215
2.359981223896767	1.149622408746863
2.3599821887343095	1.1496226356054018
2.3599831510783167	1.1496228584033847
2.3599841598079054	1.149623121713004
2.359985171392483	1.1496233626508827
2.3599936070660803	1.1496227520941853
2.3600005879347368	1.1496238234114136
2.3600057094968148	1.1496243925743848
2.3600106833626593	1.1496250789602636
2.360015807944728	1.1496257950566062
2.3600209380888284	1.1496265038068167
2.3600260384020517	1.1496272035395638
2.360031132018671	1.1496278983634514
2.3600361451498295	1.149628571848379
2.3600336897867016	1.1496308805842235
2.360033143225654	1.149630767823263
2.360032157250194	1.149630361722648
2.360031216906145	1.1496300300184499
2.360031264414914	1.1496307230200287
2.360032123708474	1.1496303627872075
2.3600320933590573	1.1496300481358892
2.360032207358255	1.1496301329580183
2.3600325541104348	1.1496300765145266
2.3600328388907204	1.1496300009449465
2.360032796662462	1.1496295849594167
2.360032688986668	1.149629639270266
2.3600330584905573	1.1496297148220198
2.360033429007687	1.1496296048716637
2.360033571314675	1.14962936618515
2.3600336301135645	1.1496293025688253
2.3600338818834357	1.1496293281155923
2.360034185908226	1.149629225547869
2.360034438705245	1.149629165455996
2.360034773850987	1.1496291773537168
2.3600414465032005	1.1496284333209452
2.3600472456173636	1.1496293167342762
2.3600530987860373	1.1496301308496402
2.3600589485174184	1.1496309473876336
2.3600625056229565	1.149631276157997
2.3600657767496993	1.149631740553323
2.360069013242806	1.1496322023508585
2.360072814072342	1.1496327857066007
2.360076665137627	1.1496333324641719
2.3600803850454586	1.1496338514324154
2.3600777734699374	1.1496362140108607
2.360076632326019	1.149635939960797
2.360075915747997	1.1496358984953714
2.3600757931086425	1.1496355078648002
2.360075271320991	1.1496353233377985
2.360074782292087	1.1496349411635867
2.3600741355167494	1.149634703173352
2.360073626864512	1.1496344056907686
2.360073112229281	1.1496341902155964
2.360072694115167	1.1496339180160793
2.3600810563800403	1.1496338201501408
2.360087880382824	1.1496348341307319
2.3600947014800813	1.149635795436573
2.360101518298488	1.14963674337099
2.3601058734748688	1.1496371601554383
2.3601098686044977	1.1496377066687842
2.3601146649035165	1.1496384314246308
2.3601193282506365	1.1496390686272462
2.3601237597633133	1.149639673449333
2.36012799750889	1.149640249423387
2.3601322130028723	1.1496408312343929
2.3601284958987554	1.1496428613375482
2.360126485825681	1.1496427323236016
2.360125029010074	1.1496421088943627
2.3601239238968343	1.149642110929161
2.3601238505331965	1.1496417133678623
2.3601229236118106	1.149641330093075
2.360122140924197	1.1496410644162836
2.360121428561753	1.1496407457950055
2.360120655227174	1.1496404340918411
2.360129137488588	1.149640438306187
2.3601361522802966	1.149641472288024
2.3601405932969843	1.1496419159060374
2.3601449238229475	1.149642539220848
2.3601495096691107	1.1496432059060395
2.360154165695704	1.1496438716563617
2.3601586383722895	1.1496444940185369
2.3601630901091997	1.149645122024922
2.3601674019519785	1.149645716149402
2.36017178100404	1.1496463311505316
2.3601693419292644	1.1496482598565576
2.360168172523547	1.1496479237608426
2.360167597737201	1.149647991760338
2.3601676793757584	1.1496475842681935
2.360167250556191	1.1496474176909826
2.3601671473500763	1.1496472883991744
2.3601667277289504	1.149646853210334
2.3601660842812815	1.1496466161343304
2.3601656047579005	1.1496463246880195
2.360165072668571	1.149646057288486
2.360165196147329	1.1496465827159323
2.360165897773533	1.149646418148743
2.360166257454724	1.1496463627928708
2.3601667513431335	1.1496465028294247
2.3601671292227464	1.1496462183346259
2.3601673039052793	1.1496462150602478
2.360167619597782	1.149646201374586
2.360167949772596	1.1496461468539583
2.360168263773321	1.149646108424468
2.3601686752728623	1.14964618068102
2.3601691505397557	1.1496461537580802
2.360178050901423	1.1496458343348637
2.3601856916173625	1.1496470286921883
2.360193324852678	1.1496481239790592
2.3601983529388826	1.149648675155284
2.3602033332477372	1.1496493679884119
2.360209008996721	1.1496501892757738
2.3602147036717445	1.1496509623774398
2.360220395609816	1.1496517320801702
2.36022604501791	1.149652483969231
2.360231686314926	1.1496532310824965
2.360227937567357	1.1496552924403294
2.3602258860402783	1.1496549988996982
2.3602252380112714	1.149655018262527
2.3602251633774975	1.149654503421426
2.36022449108708	1.1496543186596522
2.3602239156992284	1.1496539241325694
2.360223041637979	1.1496536036392724
2.3602222562255633	1.1496532743735048
2.3602214537473194	1.1496529643634033
2.3602281478857905	1.1496525852648267
2.360234148779417	1.1496534641621081
2.3602402139898357	1.1496543118619942
2.360246276415202	1.1496551582225638
2.3602501499271393	1.1496555411962386
2.3602538047184676	1.149656062315394
2.360257049272656	1.1496564988566569
2.360260816636506	1.149657078746996
2.3602646146383397	1.1496576173777866
2.3602683746122404	1.1496581493171525
2.3602662627307245	1.1496601267770012
2.3602654081258754	1.1496598451597173
2.3602643562525953	1.1496594059705105
2.360263211142798	1.1496590171610201
2.360262789404921	1.1496592112661415
2.360263018319895	1.1496588443444453
2.360262599744842	1.149658559428693
2.360262269525401	1.1496583870001975
2.3602619743703372	1.149658151614756
2.360261715778138	1.1496580201220006
2.360268615094921	1.1496575216308826
2.3602740470664543	1.1496582867864442
2.3602794117798207	1.1496590310763464
2.3602847615009956	1.1496597789483072
2.3602882507521374	1.1496601414638536
2.3602913782914947	1.1496605860417033
2.3602949567552503	1.1496611321430796
2.360298589627214	1.149661653798485
2.360302001393659	1.149662130537116
2.3603053548232817	1.1496626107045755
2.3603030132150558	1.149664554656155
2.3603021982659596	1.1496644725110734
2.3603028785276616	1.1496651986488358
2.360303934909446	1.1496650980053118
2.3603047312620125	1.1496652387941502
2.3603050325796358	1.1496646597048377
2.360304939195981	1.1496646793287453
2.3603051460715556	1.1496646138964677
2.360305308384917	1.1496644918413201
2.360305439628783	1.149664403590967
2.3603054632314175	1.1496641628552589
2.360305497084675	1.1496641865515436
2.3603056809142573	1.1496640538023413
2.360305845963032	1.1496640280925314
2.3603060698624128	1.1496639413972283
2.360306269065885	1.1496638644145498
2.360306464810687	1.1496637880829934
2.3603066993033486	1.149663762502242
2.360306961733139	1.1496636918820995
2.3603073039141464	1.1496637599010302
2.3603143221946263	1.1496630460543664
2.3603197873904898	1.149663827350918
2.3603253124753403	1.149664593343325
2.3603291292291617	1.1496650043013925
2.3603326694898326	1.149665501996259
2.360336765933479	1.1496661191221424
2.3603405184921846	1.149666622674662
2.360344380600449	1.1496671800723968
2.3603479952200255	1.1496676707032971
2.3603514474359417	1.149668149787198
2.3603482726455045	1.149670248291618
2.3603457285046163	1.1496698110735792
2.3603444474882194	1.1496695278845572
2.3603434785117994	1.1496690457217706
2.3603421283825083	1.1496686697097815
2.3603407343078846	1.1496682210139677
2.360339179820883	1.149667839824522
2.3603377797558345	1.1496674304255627
2.3603363307285563	1.1496670407897458
2.3603349574734014	1.1496666577978092
2.3603430872193107	1.1496666442932983
2.3603500589794564	1.1496676988652053
2.360357004673945	1.1496686806749326
2.3603638891715857	1.1496696323800555
2.3603677003454955	1.149669931291334
2.3603711760051396	1.1496704201450345
2.3603751920082696	1.1496710276614266
2.3603793784759297	1.1496716304577828
2.360383306950592	1.1496721710251647
2.3603872091243607	1.1496727233668458
2.360384911836394	1.149674510967465
2.360383641605871	1.149674165590579
2.360383071541773	1.1496742040671029
2.360383160653172	1.1496738464462457
2.360382556994657	1.1496735020802245
2.360381988864879	1.1496732701797088
2.360381501211808	1.1496729994863708
2.3603810286773284	1.1496727754571217
2.360380608708369	1.1496725307069908
2.3603801433582623	1.1496722728909798
2.3603876435120754	1.1496719954208403
2.3603937237046857	1.149672880606624
2.360399881402788	1.1496737473783296
2.3604039027215644	1.14967415918853
2.3604076286918856	1.1496746884585007
2.3604118806711964	1.1496753288703903
2.3604161745646413	1.1496759381590183
2.3604202003750747	1.1496764921301221
2.3604241988132046	1.149677056892649
2.3604280448956865	1.1496775868413645
2.360425002048009	1.149679321241222
2.3604231366448145	1.1496791495159284
2.3604230992419226	1.149679367768463
2.360423140551489	1.1496787753745783
2.3604225969874695	1.1496786412418363
2.360422193472214	1.1496783044923642
2.360421578811467	1.1496780391974846
2.36042107841224	1.149677801753698
2.360420594006188	1.1496775348340131
2.360420076957945	1.1496772765768695
2.360423990250366	1.1496762782533263
2.3604307672509983	1.14967752770904
2.3604365750484364	1.149678262245846
2.3604422219480123	1.149679058250952
2.3604468736535513	1.149679636255262
2.360451423098097	1.1496802721325399
2.360456262056573	1.1496809653013809
2.3604609625496495	1.1496816059283435
2.360465594643234	1.149682241976666
2.360470217228534	1.1496828750577366
2.3604682782217354	1.1496846458576042
2.3604675504193984	1.1496844078441657
2.3604667933286136	1.1496840198344958
2.360466625192152	1.1496844055081457
2.3604671913800503	1.1496841276855663
2.3604670611895777	1.1496837856965214
2.3604668486245832	1.1496836960167744
2.3604668883692916	1.1496836756340973
2.360466993365535	1.1496835589904222
2.360467035383837	1.149683427196651
2.3604720336610496	1.1496824809410073
2.3604755243110542	1.1496829910005846
2.3604789840124316	1.1496834955765265
2.360481175674662	1.1496837508511049
2.360483207377243	1.1496840854197
2.360485224387361	1.1496844112216884
2.3604872365227383	1.1496847380159627
2.36048944623757	1.1496851064010805
2.36049167224584	1.1496854578778488
2.360493800913228	1.1496857888446674
2.360492417703984	1.1496877874516855
2.3604914795811713	1.1496874985453809
2.3604906332463855	1.149687099587464
2.3604901830831473	1.1496872460212502
2.3604903671263635	1.1496869332773472
2.3604901567166015	1.149686801131334
2.3604900633421626	1.149686673253678
2.3604897767884556	1.1496863266511663
2.3604893177052113	1.1496861368737916
2.3604891039043383	1.1496860790162582
2.3604953375193163	1.1496853976468544
2.3605002098339303	1.1496860976644807
2.3605049661434623	1.1496867629895375
2.360509617180331	1.1496874184893158
2.3605124114269525	1.1496877028437937
2.3605149649212476	1.149688098679837
2.360517918599893	1.1496885736873521
2.3605208718918913	1.1496890139307432
2.3605237183880576	1.1496894355802372
2.3605265539833153	1.1496898617606752
2.360529372963354	1.1496902818691659
2.360527950739666	1.1496922914591026
2.360527195413551	1.1496920125882666
2.3605263850834013	1.1496916398563564
2.3605259858157916	1.1496917101964295
2.3605260770914622	1.1496914103567721
2.3605258166314016	1.1496912495953637
2.3605255494917787	1.149690998328381
2.360525211315874	1.149690812482601
2.3605249107572552	1.1496906130772342
2.360532041417015	1.1496902199983983
2.360537880523153	1.1496910592661733
2.3605437115496577	1.1496918668546194
2.3605475114749987	1.1496922569083594
2.360551113949784	1.149692774641428
2.36055500733598	1.1496933480635534
2.3605587803787254	1.1496938767258227
2.360562538766973	1.1496944128522106
2.3605662933534397	1.149694944037706
2.3605699951038335	1.1496954609272458
2.360568224295363	1.149697294709704
2.360567369515428	1.1496970308424754
2.3605672350928533	1.149697286420798
2.3605675976196046	1.1496969460408717
2.360567524841968	1.1496968528192242
2.360567432504094	1.1496966078261537
2.360567276196703	1.1496965024946062
2.36056719246615	1.149696352925704
2.3605670793637676	1.149696198805398
2.36056696264321	1.1496960588164082
2.3605705759227105	1.1496948839452197
2.360577299381263	1.149696145262334
2.360584408641966	1.149697128582524
2.360589022025849	1.1496975918960284
2.3605935120451234	1.1496982135485136
2.3605985000138845	1.149698927319528
2.3606034256524153	1.14969959087529
2.3606083412003205	1.149700257167491
2.360613119376807	1.1497008883854578
2.3606178812216783	1.1497015226300964
2.360622570474567	1.1497021382339
2.3606202904682254	1.1497040790933355
2.3606192435508806	1.1497037780582953
2.3606189570538416	1.1497039569043725
2.360619307179345	1.1497036130590343
2.360619163330022	1.1497034977045342
2.360618875274447	1.1497031256599182
2.360618372205296	1.1497029168461446
2.3606179693887603	1.1497026702722644
2.360617739414845	1.1497026409779172
2.360617702477093	1.1497024560102584
2.3606175597673946	1.149702297108208
2.3606174300368084	1.1497021591237695
2.3606172747704375	1.149701967013892
2.36061709890956	1.149701833918554
2.3606169635066414	1.1497016861413996
2.360616817177814	1.1497015289341737
2.3606166899101857	1.1497014139199797
2.3606165852274295	1.1497012650781189
2.3606164602438664	1.1497011216055746
2.3606194529948725	1.1496997876646082
2.3606256685519638	1.149701006093089
2.360632261308628	1.1497019309544356
2.3606365408256935	1.1497023787230365
2.3606404073518745	1.1497029160785088
2.3606442127210463	1.149703453095428
2.3606485300694207	1.1497040984826492
2.3606529021315548	1.1497047108438745
2.360657276342572	1.1497053184233914
2.360661607376223	1.1497059109414238
2.360660954111309	1.1497083023210686
2.360661427833333	1.1497081577013402
2.360662351388832	1.1497090031407324
2.3606639278279586	1.1497091891985853
2.3606651018288267	1.1497092739544585
2.360666242257587	1.1497095402936695
2.3606674795719154	1.1497097824630318
2.3606687179779615	1.1497100089285028
2.3606699541603855	1.1497102436589417
2.360671200968242	1.1497104822750546
2.3606703475721105	1.1497098511106638
2.3606693853963905	1.149709720746908
2.360669467591485	1.1497097447906777
2.3606694786143176	1.1497095024394113
2.3606693685800804	1.1497094143815765
2.360669131245094	1.149709082332571
2.3606687060647755	1.1497088954125225
2.360668475755364	1.1497088111894074
2.360668320420392	1.1497086170634658
2.3606680214636175	1.1497083825898216
2.3606751838694455	1.1497080225238885
2.36068124342563	1.1497089119255917
2.360687309546994	1.14970975057135
2.360693371079516	1.149710580374347
2.360697111849748	1.1497109293867738
2.360700631172271	1.149711427102518
2.360704111101458	1.1497119161940985
2.3607083033319336	1.1497125557392083
2.360712558855046	1.149713144974734
2.3607163267430136	1.149713632121318
2.3607142125177725	1.1497153158996927
2.360712954981382	1.149714985287104
2.3607117815070553	1.1497145006901122
2.3607111286017495	1.1497145688234571
2.360711267436098	1.1497142287770634
2.360710675314708	1.14971386261448
2.3607100295342542	1.149713633344502
2.3607095525431236	1.1497134094509471
2.360709174209181	1.1497132411054514
2.3607088712780655	1.1497130510820908
2.3607134411743087	1.1497121378661923
2.360717990079698	1.1497128834249795
2.3607210884847465	1.1497132363419602
2.360723839315694	1.149713655538502
2.3607267378599404	1.1497141140593141
2.3607296456992017	1.1497145585259367
2.3607325517745825	1.1497150025422134
2.3607354218925134	1.14971543661662
2.360738243488425	1.1497158617048249
2.360741059261493	1.1497162874020659
2.3607442466028212	1.149716786292517
2.36074746618569	1.1497172547609347
2.3607503488328008	1.1497176523337636
2.3607531998436273	1.1497180725356018
2.3607561639958647	1.1497185131578835
2.3607591366966365	1.149718942543027
2.3607621087866186	1.1497193703896857
2.3607650352076432	1.1497197862390662
2.360767956225901	1.1497202036911207
2.360770875528454	1.1497206187796565
2.360773634074015	1.149720998252957
2.3607716992417274	1.1497231944714148
2.3607704108731835	1.1497228666554118
2.3607699155961	1.1497227756092108
2.3607698209646335	1.1497224327476405
2.3607691045208608	1.1497220769468561
2.3607683462920073	1.149721793073585
2.360767817777472	1.1497215688867182
2.360767335030848	1.149721276602933
2.360766728649256	1.1497209907033332
2.3607748391837866	1.149720894028721
2.360782040962988	1.1497219775372767
2.3607892011209235	1.1497229647960432
2.360793693559924	1.1497233576553736
2.3607981954317734	1.1497239925480662
2.3608028355594506	1.1497246331830178
2.3608074814978677	1.1497252659880206
2.3608121237851325	1.1497258942217545
2.3608165943373893	1.149726483817137
2.360821045882172	1.149727078964413
2.360818495285669	1.1497285519388534
2.3608171044539477	1.1497283313883024
2.3608173039722784	1.1497287720062135
2.3608179225776267	1.1497284371133942
2.360818100999176	1.149728416389374
2.3608178977076872	1.149727913340957
2.360817395836434	1.1497277711736242
2.3608170804677115	1.1497275368656528
2.360816675090818	1.1497273027767794
2.360816414325624	1.1497272311036149
2.360816709034718	1.1497275999327912
2.3608172718464955	1.1497275350414415
2.360817726120591	1.1497275367608677
2.3608179391910578	1.1497272818858988
2.360818012702986	1.1497272618452015
2.3608181548833085	1.1497271983527084
2.3608184796388447	1.1497273705370146
2.3608189212705795	1.1497273363191463
2.3608193147107404	1.1497273390471754
2.3608196570648188	1.149727297919051
2.360826202182482	1.1497265257242697
2.360831684701352	1.1497273173369698
2.360837167224724	1.1497280627558824
2.360842643723633	1.1497288044088383
2.360846132451164	1.1497291395828388
2.3608494329003	1.1497296086292443
2.3608532411243868	1.1497301744382549
2.3608570573976264	1.1497306994629324
2.360860871365054	1.1497312256941472
2.360864388064152	1.1497316861625757
2.360862062034367	1.1497334040402787
2.360860263894704	1.1497330134951647
2.3608587288817935	1.149732480569767
2.3608568703027903	1.1497319553637593
2.3608558966939373	1.149731897899623
2.3608557526121468	1.1497315160423687
2.3608549124480236	1.149731157338815
2.3608540668273426	1.1497308545316287
2.3608533154420797	1.14973053052103
2.3608525155059077	1.1497301998436595
2.3608623761759673	1.1497305577868553
2.360871280575152	1.149731933380733
2.360877582267632	1.1497325740548068
2.3608846759690776	1.1497336486361103
2.360892509701931	1.1497347778892926
2.360900419168195	1.1497358957641641
2.36090788950141	1.149736940946388
2.360915361990379	1.1497379958752332
2.360922822670396	1.149739039899939
2.3609301794043462	1.1497400588700464
2.360907466148725	1.1497405891213706
2.360901665814439	1.1497399710096365
2.3608988346991393	1.1497389836705827
2.360897275138709	1.1497391131718808
2.360896751665843	1.1497387250822628
2.3608953632864353	1.1497383176019902
2.3608938324563855	1.1497380572231914
2.3608925123481246	1.1497377551494987
2.3608913539059047	1.1497375210586769
2.360890372797112	1.149737228209225
2.36089251896363	1.14973595489202
2.360897979658262	1.1497370329451981
2.3609037798393504	1.1497378677372516
2.3609071201945158	1.1497382030976973
2.3609102343072084	1.1497386846415414
2.3609139436417177	1.1497392684709717
2.3609177001298955	1.1497398164725794
2.36092122203224	1.1497403159529007
2.3609247212084985	1.1497408253873136
2.3609282163492735	1.1497413294095646
2.360927355094892	1.1497427527646977
2.3609267076103966	1.14974247785387
2.3609261069079874	1.1497422011638043
2.3609254376708395	1.1497419027245273
2.3609254438618006	1.1497424149229254
2.3609260187146774	1.149742212071147
2.3609262013441414	1.1497420415110373
2.3609262921152894	1.149742031922058
2.3609264657395377	1.1497419947568004
2.360926637829348	1.1497419360108367
2.3609342116788645	1.1497414347543784
2.3609409189582036	1.1497424495394561
2.3609476544989967	1.1497433508746149
2.3609543852213766	1.1497442355955831
2.360958439193927	1.1497445928868146
2.3609623041932	1.1497451156258298
2.3609668712435874	1.1497457755748475
2.360971418587569	1.1497463757021167
2.3609755686157605	1.14974689918746
2.360979680365672	1.1497474430874397
2.360976932170418	1.1497490730301805
2.3609751314883147	1.1497487865135747
2.36097498430631	1.1497490174749239
2.3609753135352425	1.149748653490789
2.3609751585094148	1.1497485489933463
2.3609747107862424	1.149748119508833
2.3609739918708432	1.1497478750134273
2.360973494394933	1.1497476693610895
2.3609730581595763	1.1497474344644756
2.3609725260647885	1.149747152105774
2.3609790150354577	1.1497467155492378
2.360984481285467	1.149747480775576
2.360989947674302	1.1497482255932137
2.360993381481663	1.1497485611206233
2.360996625772807	1.1497490328889313
2.361000066387306	1.1497495365174832
2.3610035005649452	1.1497500228839137
2.3610069313587436	1.149750508904581
2.3610103600282613	1.1497509913222843
2.3610137464503014	1.1497514624858958
2.3610118838473624	1.1497528826728558
2.3610103129502376	1.149752520321194
2.361009717826117	1.14975239698249
2.3610095307895986	1.149752048735133
2.3610087474938575	1.149751704602048
2.361007963433503	1.1497514250649614
2.3610073321850202	1.1497511429897267
2.361006666071793	1.1497508397799112
2.3610059118080065	1.1497505221958066
2.361005154432417	1.1497502292700392
2.3610104542176966	1.1497495709062415
2.36101471041375	1.1497501714395029
2.3610189600891567	1.1497507767693942
2.361021214173483	1.149750975852965
2.361023058766257	1.1497512777204952
2.361025493780965	1.1497517119799034
2.3610279757889594	1.1497520955583396
2.361030426321772	1.1497524767328682
2.361032873365944	1.1497528572627205
2.3610352643033297	1.1497532241907096
2.3610331987782986	1.1497545757732819
2.3610313623910644	1.1497543060529678
2.3610305439604	1.149753870572257
2.3610297663258506	1.1497537510189408
2.3610295146343123	1.1497534599220518
2.3610288858934285	1.149753139179471
2.361028199087467	1.1497528851598011
2.361027570052344	1.1497526218166907
2.3610269435883953	1.1497523615274874
2.3610263056484335	1.1497520895175364
2.36103537820354	1.1497522318722513
2.361043499983484	1.149753487750495
2.3610515120867377	1.1497545608914557
2.3610575034947776	1.1497552033725122
2.3610636161973533	1.149756070084951
2.3610706903350254	1.1497570642631545
2.3610774798740786	1.149757949423362
2.361084088320366	1.1497588140788277
2.361090588872096	1.1497596516573145
2.3610970704379937	1.1497604851103558
2.361076150360002	1.1497609108939908
